# Optimal value by DCA: 771085343.215195
data;

param N = 800;
param capacity := 
1 92
2 34
3 86
4 105
5 114
6 98
7 72
8 91
9 87
10 74
11 98
12 43
13 52
14 112
15 96
16 120
17 100
18 127
19 60
20 84
21 63
22 110
23 87
24 60
25 104
26 113
27 71
28 88
29 49
30 53
31 98
32 120
33 78
34 88
35 45
36 79
37 79
38 114
39 83
40 34
41 46
42 82
43 50
44 74
45 129
46 64
47 94
48 103
49 121
50 44
51 102
52 45
53 86
54 38
55 90
56 76
57 109
58 93
59 103
60 49
61 117
62 112
63 49
64 100
65 125
66 78
67 44
68 65
69 126
70 117
71 99
72 59
73 68
74 79
75 96
76 31
77 68
78 59
79 121
80 77
81 104
82 94
83 97
84 60
85 46
86 122
87 40
88 122
89 110
90 72
91 120
92 99
93 50
94 33
95 41
96 88
97 80
98 114
99 52
100 90
101 31
102 108
103 80
104 99
105 87
106 96
107 91
108 110
109 62
110 65
111 69
112 44
113 105
114 71
115 46
116 87
117 40
118 92
119 66
120 71
121 95
122 84
123 71
124 94
125 63
126 81
127 54
128 116
129 48
130 62
131 75
132 86
133 49
134 48
135 85
136 47
137 83
138 51
139 97
140 97
141 38
142 91
143 99
144 90
145 115
146 108
147 115
148 56
149 121
150 51
151 111
152 93
153 75
154 128
155 121
156 84
157 76
158 62
159 78
160 52
161 42
162 54
163 107
164 119
165 107
166 57
167 129
168 111
169 87
170 122
171 82
172 98
173 94
174 71
175 76
176 93
177 112
178 82
179 43
180 33
181 68
182 112
183 88
184 98
185 36
186 117
187 72
188 41
189 64
190 105
191 51
192 74
193 44
194 98
195 91
196 41
197 125
198 120
199 79
200 116
201 74
202 119
203 119
204 79
205 74
206 75
207 125
208 121
209 114
210 119
211 68
212 103
213 57
214 86
215 87
216 50
217 93
218 82
219 117
220 123
221 117
222 82
223 98
224 36
225 98
226 118
227 64
228 127
229 75
230 88
231 54
232 105
233 54
234 96
235 111
236 55
237 101
238 121
239 85
240 83
241 63
242 94
243 129
244 65
245 92
246 85
247 60
248 67
249 47
250 102
251 97
252 127
253 85
254 102
255 82
256 41
257 123
258 93
259 81
260 94
261 129
262 83
263 72
264 47
265 127
266 77
267 64
268 101
269 76
270 48
271 97
272 117
273 34
274 117
275 102
276 47
277 104
278 127
279 107
280 54
281 123
282 87
283 47
284 102
285 37
286 114
287 99
288 86
289 58
290 122
291 100
292 89
293 114
294 100
295 108
296 94
297 99
298 89
299 110
300 106
301 53
302 71
303 65
304 117
305 74
306 72
307 113
308 111
309 53
310 92
311 96
312 112
313 53
314 88
315 55
316 84
317 111
318 97
319 33
320 53
321 121
322 96
323 122
324 52
325 66
326 109
327 45
328 97
329 60
330 91
331 59
332 63
333 45
334 76
335 101
336 114
337 57
338 32
339 81
340 48
341 114
342 90
343 84
344 127
345 84
346 58
347 113
348 69
349 67
350 55
351 99
352 117
353 59
354 62
355 84
356 102
357 82
358 61
359 127
360 86
361 70
362 64
363 65
364 72
365 113
366 90
367 89
368 89
369 113
370 48
371 74
372 83
373 97
374 111
375 118
376 58
377 88
378 45
379 70
380 61
381 45
382 125
383 109
384 79
385 101
386 53
387 114
388 55
389 75
390 90
391 114
392 97
393 97
394 38
395 87
396 88
397 126
398 97
399 110
400 63
401 117
402 64
403 124
404 80
405 102
406 33
407 84
408 51
409 80
410 117
411 86
412 126
413 109
414 80
415 119
416 121
417 113
418 39
419 98
420 79
421 124
422 113
423 34
424 64
425 86
426 94
427 55
428 115
429 43
430 67
431 106
432 59
433 61
434 41
435 81
436 40
437 99
438 117
439 62
440 77
441 117
442 60
443 91
444 71
445 111
446 129
447 42
448 95
449 49
450 98
451 98
452 87
453 128
454 70
455 68
456 52
457 47
458 83
459 95
460 119
461 88
462 96
463 85
464 88
465 100
466 35
467 106
468 111
469 76
470 117
471 81
472 78
473 107
474 60
475 103
476 113
477 79
478 124
479 100
480 125
481 107
482 108
483 66
484 51
485 99
486 68
487 53
488 89
489 84
490 39
491 99
492 124
493 96
494 91
495 95
496 67
497 110
498 52
499 108
500 84
501 73
502 79
503 70
504 79
505 102
506 57
507 59
508 54
509 52
510 61
511 83
512 108
513 79
514 109
515 119
516 95
517 126
518 94
519 93
520 41
521 46
522 71
523 77
524 120
525 95
526 93
527 75
528 90
529 46
530 90
531 52
532 102
533 42
534 70
535 113
536 78
537 128
538 87
539 67
540 123
541 81
542 82
543 93
544 113
545 106
546 66
547 97
548 68
549 103
550 109
551 123
552 126
553 107
554 41
555 106
556 121
557 120
558 119
559 109
560 90
561 60
562 83
563 78
564 60
565 89
566 64
567 98
568 109
569 125
570 83
571 87
572 96
573 48
574 81
575 107
576 93
577 96
578 85
579 69
580 87
581 105
582 108
583 102
584 118
585 78
586 84
587 89
588 74
589 53
590 40
591 77
592 59
593 123
594 89
595 44
596 107
597 55
598 75
599 92
600 113
601 100
602 83
603 48
604 88
605 74
606 105
607 123
608 82
609 74
610 48
611 43
612 99
613 61
614 89
615 76
616 54
617 80
618 118
619 104
620 66
621 59
622 81
623 107
624 40
625 110
626 37
627 74
628 54
629 65
630 34
631 111
632 37
633 80
634 57
635 73
636 107
637 70
638 91
639 114
640 97
641 99
642 90
643 125
644 107
645 32
646 59
647 33
648 112
649 96
650 64
651 55
652 88
653 53
654 125
655 34
656 30
657 98
658 123
659 116
660 73
661 81
662 101
663 97
664 44
665 66
666 100
667 83
668 82
669 71
670 105
671 85
672 30
673 54
674 69
675 68
676 127
677 98
678 56
679 57
680 62
681 51
682 66
683 111
684 118
685 54
686 118
687 46
688 69
689 60
690 80
691 94
692 99
693 62
694 49
695 84
696 110
697 76
698 89
699 121
700 105
701 56
702 71
703 123
704 98
705 85
706 45
707 127
708 94
709 106
710 80
711 75
712 123
713 86
714 84
715 90
716 54
717 62
718 69
719 40
720 37
721 121
722 113
723 59
724 39
725 93
726 71
727 91
728 32
729 116
730 73
731 74
732 55
733 114
734 51
735 50
736 85
737 110
738 49
739 114
740 83
741 63
742 75
743 115
744 94
745 53
746 76
747 59
748 113
749 129
750 55
751 80
752 63
753 111
754 112
755 63
756 68
757 76
758 63
759 101
760 128
761 126
762 110
763 121
764 78
765 125
766 106
767 79
768 80
769 96
770 71
771 46
772 98
773 59
774 89
775 55
776 80
777 104
778 107
779 76
780 113
781 88
782 125
783 91
784 123
785 64
786 52
787 115
788 38
789 122
790 68
791 39
792 40
793 126
794 104
795 90
796 54
797 68
798 72
799 79
800 73
;
param nested_lowerbound := 
1 23
2 53
3 74
4 102
5 142
6 228
7 284
8 289
9 312
10 322
11 370
12 402
13 418
14 430
15 441
16 555
17 626
18 752
19 790
20 791
21 847
22 891
23 913
24 953
25 1047
26 1141
27 1152
28 1175
29 1180
30 1182
31 1203
32 1276
33 1315
34 1329
35 1337
36 1359
37 1383
38 1438
39 1453
40 1481
41 1517
42 1558
43 1582
44 1604
45 1646
46 1657
47 1726
48 1745
49 1758
50 1794
51 1825
52 1848
53 1865
54 1866
55 1927
56 1972
57 2053
58 2121
59 2206
60 2255
61 2315
62 2382
63 2416
64 2420
65 2469
66 2494
67 2511
68 2558
69 2595
70 2687
71 2714
72 2753
73 2793
74 2807
75 2862
76 2888
77 2927
78 2977
79 3054
80 3068
81 3145
82 3183
83 3245
84 3280
85 3301
86 3356
87 3369
88 3420
89 3462
90 3489
91 3532
92 3562
93 3605
94 3622
95 3662
96 3703
97 3744
98 3751
99 3793
100 3845
101 3871
102 3894
103 3919
104 4001
105 4073
106 4086
107 4092
108 4113
109 4144
110 4150
111 4195
112 4204
113 4276
114 4286
115 4324
116 4405
117 4424
118 4514
119 4560
120 4590
121 4684
122 4701
123 4709
124 4784
125 4790
126 4808
127 4809
128 4909
129 4940
130 4980
131 5015
132 5077
133 5121
134 5128
135 5133
136 5168
137 5226
138 5257
139 5261
140 5298
141 5329
142 5357
143 5441
144 5517
145 5531
146 5570
147 5675
148 5718
149 5798
150 5823
151 5883
152 5956
153 6008
154 6051
155 6106
156 6178
157 6187
158 6202
159 6262
160 6287
161 6289
162 6307
163 6374
164 6415
165 6418
166 6441
167 6517
168 6604
169 6680
170 6750
171 6759
172 6800
173 6854
174 6875
175 6889
176 6978
177 7019
178 7032
179 7062
180 7087
181 7154
182 7154
183 7228
184 7255
185 7258
186 7269
187 7328
188 7335
189 7358
190 7401
191 7432
192 7498
193 7519
194 7542
195 7599
196 7681
197 7709
198 7757
199 7829
200 7865
201 7903
202 8006
203 8065
204 8094
205 8124
206 8189
207 8207
208 8282
209 8315
210 8376
211 8438
212 8506
213 8539
214 8612
215 8674
216 8723
217 8777
218 8817
219 8914
220 8926
221 8999
222 9032
223 9111
224 9118
225 9189
226 9244
227 9283
228 9312
229 9345
230 9410
231 9423
232 9423
233 9435
234 9453
235 9525
236 9559
237 9589
238 9663
239 9747
240 9773
241 9802
242 9842
243 9862
244 9885
245 9940
246 9980
247 10019
248 10077
249 10081
250 10088
251 10151
252 10259
253 10296
254 10373
255 10409
256 10429
257 10443
258 10510
259 10567
260 10626
261 10716
262 10721
263 10767
264 10809
265 10860
266 10904
267 10933
268 11033
269 11047
270 11059
271 11071
272 11166
273 11190
274 11198
275 11225
276 11259
277 11342
278 11419
279 11461
280 11467
281 11518
282 11567
283 11578
284 11662
285 11695
286 11729
287 11779
288 11822
289 11845
290 11941
291 12014
292 12042
293 12117
294 12203
295 12261
296 12290
297 12321
298 12357
299 12452
300 12557
301 12589
302 12589
303 12654
304 12736
305 12747
306 12762
307 12767
308 12802
309 12812
310 12844
311 12914
312 12915
313 12929
314 12979
315 12994
316 13019
317 13076
318 13133
319 13159
320 13186
321 13272
322 13310
323 13395
324 13413
325 13424
326 13486
327 13521
328 13556
329 13605
330 13642
331 13696
332 13717
333 13718
334 13773
335 13781
336 13894
337 13906
338 13938
339 13970
340 13992
341 14026
342 14071
343 14139
344 14202
345 14225
346 14239
347 14323
348 14347
349 14391
350 14398
351 14438
352 14518
353 14559
354 14595
355 14599
356 14607
357 14637
358 14658
359 14778
360 14779
361 14826
362 14868
363 14878
364 14898
365 14965
366 15011
367 15038
368 15057
369 15071
370 15115
371 15182
372 15204
373 15280
374 15346
375 15450
376 15496
377 15556
378 15561
379 15588
380 15598
381 15605
382 15687
383 15709
384 15726
385 15778
386 15821
387 15832
388 15839
389 15861
390 15876
391 15881
392 15883
393 15884
394 15911
395 15921
396 15978
397 16070
398 16147
399 16208
400 16239
401 16284
402 16341
403 16377
404 16428
405 16522
406 16522
407 16589
408 16611
409 16685
410 16707
411 16728
412 16846
413 16940
414 16959
415 16991
416 17038
417 17083
418 17121
419 17183
420 17221
421 17259
422 17347
423 17379
424 17440
425 17524
426 17565
427 17620
428 17714
429 17740
430 17758
431 17786
432 17818
433 17837
434 17850
435 17930
436 17945
437 17954
438 18060
439 18095
440 18120
441 18139
442 18190
443 18211
444 18214
445 18229
446 18262
447 18282
448 18341
449 18348
450 18391
451 18429
452 18471
453 18563
454 18618
455 18681
456 18695
457 18702
458 18726
459 18729
460 18832
461 18889
462 18890
463 18966
464 19026
465 19088
466 19088
467 19161
468 19179
469 19207
470 19246
471 19315
472 19373
473 19459
474 19461
475 19520
476 19628
477 19660
478 19718
479 19719
480 19774
481 19854
482 19858
483 19898
484 19943
485 19970
486 20016
487 20026
488 20060
489 20067
490 20075
491 20087
492 20144
493 20159
494 20202
495 20247
496 20312
497 20407
498 20424
499 20514
500 20561
501 20566
502 20582
503 20622
504 20654
505 20756
506 20766
507 20792
508 20811
509 20847
510 20848
511 20924
512 20987
513 21047
514 21066
515 21132
516 21216
517 21302
518 21377
519 21418
520 21442
521 21485
522 21526
523 21551
524 21552
525 21624
526 21672
527 21683
528 21689
529 21693
530 21712
531 21720
532 21732
533 21740
534 21766
535 21803
536 21842
537 21872
538 21892
539 21920
540 21932
541 21942
542 21982
543 22035
544 22147
545 22253
546 22302
547 22313
548 22319
549 22336
550 22391
551 22437
552 22456
553 22554
554 22573
555 22613
556 22688
557 22805
558 22856
559 22935
560 22974
561 22986
562 22993
563 23013
564 23034
565 23039
566 23077
567 23083
568 23154
569 23256
570 23320
571 23326
572 23355
573 23379
574 23454
575 23484
576 23563
577 23655
578 23680
579 23693
580 23752
581 23855
582 23861
583 23885
584 23927
585 23991
586 24030
587 24055
588 24067
589 24106
590 24106
591 24117
592 24132
593 24214
594 24219
595 24220
596 24306
597 24346
598 24399
599 24440
600 24444
601 24487
602 24565
603 24586
604 24617
605 24674
606 24762
607 24861
608 24911
609 24942
610 24987
611 25002
612 25034
613 25092
614 25156
615 25182
616 25210
617 25256
618 25351
619 25432
620 25450
621 25506
622 25549
623 25555
624 25575
625 25681
626 25711
627 25737
628 25738
629 25780
630 25796
631 25857
632 25870
633 25922
634 25954
635 25998
636 26097
637 26141
638 26168
639 26263
640 26266
641 26356
642 26399
643 26442
644 26467
645 26499
646 26548
647 26567
648 26678
649 26755
650 26778
651 26828
652 26868
653 26919
654 27022
655 27034
656 27063
657 27072
658 27159
659 27212
660 27261
661 27270
662 27342
663 27366
664 27406
665 27439
666 27451
667 27466
668 27469
669 27471
670 27564
671 27613
672 27619
673 27634
674 27660
675 27699
676 27730
677 27791
678 27833
679 27834
680 27850
681 27865
682 27914
683 27971
684 28088
685 28098
686 28127
687 28161
688 28183
689 28190
690 28259
691 28311
692 28358
693 28409
694 28425
695 28500
696 28564
697 28634
698 28704
699 28814
700 28820
701 28858
702 28914
703 28949
704 29007
705 29028
706 29064
707 29150
708 29224
709 29288
710 29361
711 29386
712 29497
713 29545
714 29564
715 29639
716 29643
717 29677
718 29733
719 29736
720 29739
721 29831
722 29835
723 29856
724 29869
725 29904
726 29931
727 29992
728 30021
729 30066
730 30104
731 30112
732 30154
733 30223
734 30264
735 30301
736 30306
737 30402
738 30437
739 30442
740 30520
741 30540
742 30609
743 30660
744 30722
745 30743
746 30811
747 30867
748 30959
749 30960
750 30967
751 30986
752 31029
753 31123
754 31213
755 31247
756 31268
757 31332
758 31395
759 31424
760 31442
761 31493
762 31600
763 31634
764 31659
765 31742
766 31781
767 31848
768 31919
769 31933
770 31988
771 32004
772 32053
773 32075
774 32121
775 32173
776 32211
777 32251
778 32309
779 32338
780 32367
781 32386
782 32447
783 32473
784 32538
785 32596
786 32622
787 32669
788 32694
789 32730
790 32763
791 32780
792 32786
793 32911
794 32978
795 33033
796 33055
797 33061
798 33106
799 33114
800 33948
;
param nested_upperbound := 
1 28
2 56
3 80
4 168
5 242
6 338
7 397
8 442
9 472
10 496
11 548
12 572
13 608
14 657
15 679
16 689
17 754
18 818
19 869
20 896
21 939
22 1038
23 1039
24 1043
25 1134
26 1145
27 1162
28 1231
29 1275
30 1281
31 1333
32 1368
33 1406
34 1457
35 1468
36 1477
37 1512
38 1589
39 1604
40 1619
41 1653
42 1663
43 1692
44 1738
45 1840
46 1877
47 1939
48 1968
49 1978
50 2020
51 2049
52 2084
53 2086
54 2098
55 2098
56 2138
57 2161
58 2172
59 2264
60 2272
61 2383
62 2383
63 2417
64 2476
65 2485
66 2506
67 2532
68 2574
69 2669
70 2702
71 2772
72 2785
73 2793
74 2840
75 2924
76 2931
77 2979
78 3003
79 3081
80 3099
81 3149
82 3187
83 3264
84 3302
85 3313
86 3428
87 3440
88 3561
89 3576
90 3590
91 3704
92 3743
93 3754
94 3782
95 3789
96 3799
97 3821
98 3827
99 3857
100 3879
101 3896
102 3919
103 3977
104 4039
105 4080
106 4093
107 4093
108 4167
109 4216
110 4217
111 4246
112 4272
113 4370
114 4385
115 4387
116 4424
117 4446
118 4529
119 4561
120 4623
121 4693
122 4748
123 4788
124 4791
125 4818
126 4882
127 4886
128 4946
129 4968
130 4986
131 5038
132 5111
133 5159
134 5207
135 5210
136 5247
137 5297
138 5322
139 5332
140 5386
141 5406
142 5487
143 5491
144 5537
145 5631
146 5675
147 5693
148 5735
149 5806
150 5826
151 5936
152 6004
153 6020
154 6072
155 6119
156 6196
157 6197
158 6212
159 6273
160 6310
161 6351
162 6376
163 6454
164 6513
165 6514
166 6564
167 6635
168 6702
169 6705
170 6782
171 6815
172 6826
173 6892
174 6904
175 6915
176 7006
177 7026
178 7100
179 7113
180 7140
181 7188
182 7236
183 7286
184 7288
185 7310
186 7400
187 7453
188 7454
189 7492
190 7510
191 7550
192 7553
193 7581
194 7649
195 7667
196 7681
197 7782
198 7807
199 7870
200 7892
201 7913
202 8017
203 8072
204 8118
205 8166
206 8199
207 8262
208 8292
209 8352
210 8454
211 8499
212 8523
213 8560
214 8638
215 8691
216 8723
217 8796
218 8820
219 8917
220 8950
221 9029
222 9089
223 9150
224 9164
225 9210
226 9298
227 9301
228 9350
229 9408
230 9494
231 9503
232 9580
233 9588
234 9616
235 9710
236 9721
237 9785
238 9811
239 9830
240 9901
241 9904
242 9981
243 10102
244 10162
245 10169
246 10190
247 10206
248 10254
249 10256
250 10275
251 10352
252 10449
253 10493
254 10554
255 10567
256 10571
257 10626
258 10712
259 10765
260 10829
261 10925
262 10960
263 10982
264 11019
265 11126
266 11163
267 11180
268 11225
269 11271
270 11315
271 11372
272 11389
273 11401
274 11502
275 11518
276 11564
277 11594
278 11637
279 11731
280 11759
281 11761
282 11766
283 11798
284 11867
285 11889
286 11990
287 12074
288 12125
289 12125
290 12216
291 12275
292 12290
293 12367
294 12405
295 12434
296 12498
297 12503
298 12579
299 12605
300 12610
301 12655
302 12720
303 12750
304 12752
305 12813
306 12847
307 12890
308 12891
309 12936
310 12937
311 12982
312 13079
313 13084
314 13125
315 13169
316 13252
317 13261
318 13354
319 13362
320 13401
321 13433
322 13486
323 13519
324 13551
325 13579
326 13650
327 13673
328 13702
329 13739
330 13744
331 13767
332 13817
333 13819
334 13855
335 13926
336 14004
337 14043
338 14046
339 14114
340 14138
341 14210
342 14283
343 14347
344 14355
345 14403
346 14436
347 14497
348 14548
349 14598
350 14631
351 14695
352 14796
353 14820
354 14836
355 14847
356 14930
357 14975
358 15001
359 15114
360 15148
361 15186
362 15193
363 15213
364 15254
365 15333
366 15394
367 15396
368 15462
369 15479
370 15504
371 15552
372 15556
373 15611
374 15655
375 15739
376 15762
377 15792
378 15820
379 15833
380 15843
381 15869
382 15990
383 15998
384 16077
385 16153
386 16193
387 16244
388 16286
389 16291
390 16342
391 16398
392 16482
393 16556
394 16587
395 16623
396 16672
397 16674
398 16731
399 16808
400 16846
401 16846
402 16847
403 16930
404 16984
405 17028
406 17051
407 17086
408 17109
409 17158
410 17189
411 17245
412 17246
413 17319
414 17386
415 17394
416 17513
417 17600
418 17601
419 17613
420 17615
421 17644
422 17749
423 17760
424 17765
425 17848
426 17935
427 17969
428 18035
429 18062
430 18100
431 18150
432 18187
433 18216
434 18243
435 18264
436 18267
437 18334
438 18369
439 18414
440 18452
441 18533
442 18577
443 18607
444 18658
445 18759
446 18883
447 18902
448 18981
449 19013
450 19074
451 19112
452 19113
453 19158
454 19202
455 19207
456 19217
457 19230
458 19274
459 19294
460 19333
461 19367
462 19417
463 19435
464 19487
465 19583
466 19606
467 19612
468 19714
469 19725
470 19799
471 19816
472 19859
473 19945
474 19958
475 20044
476 20136
477 20201
478 20235
479 20248
480 20252
481 20275
482 20354
483 20402
484 20412
485 20465
486 20483
487 20487
488 20511
489 20527
490 20536
491 20592
492 20678
493 20697
494 20718
495 20791
496 20842
497 20938
498 20971
499 21050
500 21059
501 21125
502 21152
503 21206
504 21277
505 21361
506 21367
507 21412
508 21420
509 21437
510 21448
511 21519
512 21602
513 21652
514 21725
515 21783
516 21831
517 21890
518 21919
519 21995
520 22028
521 22037
522 22074
523 22148
524 22151
525 22216
526 22273
527 22328
528 22358
529 22374
530 22448
531 22492
532 22500
533 22500
534 22533
535 22597
536 22613
537 22625
538 22651
539 22686
540 22698
541 22739
542 22815
543 22907
544 22939
545 22963
546 23028
547 23107
548 23140
549 23164
550 23194
551 23315
552 23407
553 23481
554 23521
555 23560
556 23609
557 23620
558 23736
559 23764
560 23816
561 23824
562 23863
563 23903
564 23908
565 23928
566 23984
567 24048
568 24144
569 24170
570 24205
571 24211
572 24212
573 24233
574 24293
575 24332
576 24336
577 24362
578 24435
579 24458
580 24514
581 24522
582 24531
583 24533
584 24648
585 24698
586 24754
587 24770
588 24839
589 24892
590 24906
591 24963
592 24981
593 25003
594 25091
595 25106
596 25156
597 25207
598 25235
599 25316
600 25353
601 25428
602 25444
603 25479
604 25510
605 25576
606 25599
607 25718
608 25729
609 25784
610 25799
611 25842
612 25913
613 25921
614 25948
615 25956
616 25985
617 26019
618 26051
619 26057
620 26059
621 26066
622 26122
623 26196
624 26234
625 26307
626 26320
627 26323
628 26374
629 26425
630 26428
631 26499
632 26507
633 26518
634 26555
635 26621
636 26626
637 26639
638 26693
639 26780
640 26829
641 26838
642 26890
643 26983
644 27088
645 27098
646 27123
647 27149
648 27243
649 27309
650 27339
651 27376
652 27437
653 27439
654 27477
655 27494
656 27523
657 27579
658 27620
659 27655
660 27721
661 27769
662 27839
663 27898
664 27935
665 27956
666 27999
667 28082
668 28140
669 28210
670 28310
671 28351
672 28357
673 28362
674 28379
675 28412
676 28472
677 28473
678 28483
679 28529
680 28531
681 28580
682 28592
683 28650
684 28738
685 28746
686 28857
687 28867
688 28876
689 28912
690 28968
691 29027
692 29088
693 29090
694 29128
695 29176
696 29205
697 29257
698 29263
699 29265
700 29266
701 29320
702 29363
703 29412
704 29480
705 29526
706 29555
707 29648
708 29678
709 29769
710 29833
711 29902
712 29933
713 29981
714 30058
715 30116
716 30128
717 30138
718 30155
719 30165
720 30191
721 30294
722 30370
723 30427
724 30452
725 30492
726 30496
727 30512
728 30536
729 30614
730 30635
731 30673
732 30720
733 30801
734 30816
735 30822
736 30836
737 30844
738 30852
739 30892
740 30895
741 30932
742 30953
743 31030
744 31111
745 31130
746 31200
747 31228
748 31290
749 31315
750 31364
751 31390
752 31441
753 31520
754 31525
755 31564
756 31630
757 31676
758 31716
759 31793
760 31903
761 31994
762 32026
763 32052
764 32113
765 32167
766 32223
767 32248
768 32311
769 32403
770 32430
771 32452
772 32523
773 32569
774 32630
775 32635
776 32702
777 32753
778 32817
779 32860
780 32959
781 32984
782 32986
783 32992
784 33080
785 33114
786 33144
787 33256
788 33272
789 33342
790 33367
791 33369
792 33409
793 33527
794 33626
795 33714
796 33720
797 33774
798 33831
799 33879
800 33948
;
param cost_a := 
1 0.552638
2 0.645160
3 0.842973
4 0.918665
5 0.526014
6 0.596946
7 0.126165
8 0.309759
9 0.888840
10 0.177868
11 0.164570
12 0.129155
13 0.986594
14 0.553349
15 0.989485
16 0.652626
17 0.437020
18 0.227439
19 0.366943
20 0.562155
21 0.172712
22 0.364766
23 0.578640
24 0.612209
25 0.222912
26 0.572768
27 0.537577
28 0.056508
29 0.447259
30 0.092528
31 0.537587
32 0.178642
33 0.755522
34 0.097533
35 0.679062
36 0.067726
37 0.762365
38 0.894385
39 0.350144
40 0.421928
41 0.335026
42 0.257981
43 0.073267
44 0.647994
45 0.094277
46 0.915906
47 0.551373
48 0.854057
49 0.625372
50 0.322746
51 0.866298
52 0.505828
53 0.945684
54 0.334772
55 0.493710
56 0.532880
57 0.659564
58 0.208915
59 0.104675
60 0.532102
61 0.208450
62 0.507174
63 0.023315
64 0.419468
65 0.695589
66 0.988575
67 0.703214
68 0.429163
69 0.929729
70 0.415552
71 0.672106
72 0.750663
73 0.590965
74 0.390040
75 0.075084
76 0.329754
77 0.774436
78 0.866876
79 0.220948
80 0.438552
81 0.613870
82 0.867993
83 0.404497
84 0.542459
85 0.227024
86 0.140698
87 0.739469
88 0.758568
89 0.858821
90 0.066750
91 0.792510
92 0.810401
93 0.825566
94 0.036190
95 0.457961
96 0.837955
97 0.684885
98 0.750879
99 0.756402
100 0.719893
101 0.971078
102 0.517386
103 0.076849
104 0.706295
105 0.844369
106 0.527374
107 0.813096
108 0.145778
109 0.105073
110 0.405852
111 0.369187
112 0.919836
113 0.219979
114 0.933620
115 0.127095
116 0.870170
117 0.298312
118 0.819997
119 0.181653
120 0.021323
121 0.338399
122 0.715355
123 0.453406
124 0.761312
125 0.543714
126 0.310245
127 0.189508
128 0.347062
129 0.078276
130 0.368857
131 0.855905
132 0.149269
133 0.296396
134 0.889288
135 0.010999
136 0.942934
137 0.240563
138 0.271570
139 0.931634
140 0.285188
141 0.053815
142 0.406639
143 0.536657
144 0.601068
145 0.899198
146 0.975389
147 0.521480
148 0.020826
149 0.018983
150 0.966704
151 0.578977
152 0.278904
153 0.700091
154 0.486819
155 0.137714
156 0.095075
157 0.139710
158 0.339589
159 0.197933
160 0.412364
161 0.526378
162 0.608238
163 0.588856
164 0.664197
165 0.066862
166 0.563863
167 0.307812
168 0.884835
169 0.197917
170 0.664465
171 0.532337
172 0.962499
173 0.824590
174 0.190493
175 0.420820
176 0.663705
177 0.122992
178 0.188868
179 0.935424
180 0.230153
181 0.235505
182 0.867180
183 0.632940
184 0.366153
185 0.070202
186 0.393227
187 0.674876
188 0.294884
189 0.393762
190 0.212297
191 0.207510
192 0.265917
193 0.478486
194 0.495558
195 0.755806
196 0.444253
197 0.729029
198 0.177663
199 0.361981
200 0.502764
201 0.973275
202 0.230138
203 0.880211
204 0.475239
205 0.454306
206 0.349366
207 0.113337
208 0.506373
209 0.006719
210 0.113932
211 0.345640
212 0.057856
213 0.440560
214 0.885853
215 0.287629
216 0.896356
217 0.789973
218 0.293651
219 0.504472
220 0.799505
221 0.811149
222 0.042506
223 0.049113
224 0.370131
225 0.935503
226 0.047651
227 0.264269
228 0.646800
229 0.799004
230 0.481928
231 0.554438
232 0.340368
233 0.477386
234 0.266904
235 0.359677
236 0.511563
237 0.659533
238 0.819145
239 0.587373
240 0.333729
241 0.187560
242 0.489250
243 0.376337
244 0.257734
245 0.682223
246 0.100961
247 0.279523
248 0.412611
249 0.356016
250 0.311145
251 0.757282
252 0.435889
253 0.593901
254 0.168666
255 0.272523
256 0.131631
257 0.452873
258 0.251143
259 0.272287
260 0.402104
261 0.896624
262 0.103331
263 0.927160
264 0.790543
265 0.340332
266 0.389306
267 0.680634
268 0.707873
269 0.933180
270 0.202900
271 0.434901
272 0.995334
273 0.952453
274 0.356778
275 0.567773
276 0.897800
277 0.723142
278 0.190296
279 0.937299
280 0.789201
281 0.610741
282 0.499738
283 0.586335
284 0.101791
285 0.862477
286 0.601774
287 0.008735
288 0.865129
289 0.393507
290 0.291945
291 0.581975
292 0.058454
293 0.029643
294 0.554717
295 0.107975
296 0.621795
297 0.226959
298 0.320103
299 0.334507
300 0.456434
301 0.891177
302 0.344117
303 0.854011
304 0.074517
305 0.616015
306 0.416252
307 0.894813
308 0.730399
309 0.449719
310 0.566942
311 0.231636
312 0.882952
313 0.182787
314 0.761420
315 0.747967
316 0.698391
317 0.127448
318 0.723619
319 0.082254
320 0.007286
321 0.430713
322 0.034742
323 0.283081
324 0.677278
325 0.127903
326 0.495846
327 0.485365
328 0.754615
329 0.402304
330 0.932268
331 0.300306
332 0.962993
333 0.869154
334 0.149950
335 0.886206
336 0.227241
337 0.148479
338 0.629680
339 0.535477
340 0.812319
341 0.531284
342 0.765022
343 0.075020
344 0.434607
345 0.177450
346 0.013143
347 0.432874
348 0.312906
349 0.011173
350 0.235028
351 0.373412
352 0.580587
353 0.301129
354 0.752488
355 0.646542
356 0.778256
357 0.827523
358 0.244136
359 0.633271
360 0.287841
361 0.547029
362 0.540976
363 0.000675
364 0.554391
365 0.769121
366 0.664456
367 0.903716
368 0.770974
369 0.053619
370 0.075835
371 0.889504
372 0.374915
373 0.329285
374 0.075434
375 0.871548
376 0.220193
377 0.117112
378 0.603804
379 0.347166
380 0.651208
381 0.219481
382 0.354101
383 0.430661
384 0.907198
385 0.807649
386 0.105895
387 0.268033
388 0.334446
389 0.505070
390 0.535405
391 0.985896
392 0.775027
393 0.822847
394 0.445598
395 0.507956
396 0.236186
397 0.156146
398 0.391841
399 0.346796
400 0.523553
401 0.496682
402 0.054745
403 0.846897
404 0.944224
405 0.056456
406 0.431601
407 0.316733
408 0.452382
409 0.131675
410 0.981247
411 0.043425
412 0.720445
413 0.763352
414 0.264459
415 0.332886
416 0.572843
417 0.072356
418 0.372931
419 0.461528
420 0.017393
421 0.561743
422 0.534614
423 0.762515
424 0.750809
425 0.187954
426 0.721695
427 0.000234
428 0.500270
429 0.605036
430 0.869701
431 0.711034
432 0.892052
433 0.682317
434 0.442186
435 0.306487
436 0.711080
437 0.186006
438 0.545207
439 0.447310
440 0.431866
441 0.398988
442 0.609244
443 0.501756
444 0.761653
445 0.430590
446 0.813484
447 0.801704
448 0.640665
449 0.039447
450 0.928306
451 0.902849
452 0.692250
453 0.957554
454 0.096605
455 0.142275
456 0.507274
457 0.962458
458 0.263004
459 0.467398
460 0.382479
461 0.297019
462 0.492264
463 0.784654
464 0.211649
465 0.482504
466 0.294177
467 0.944479
468 0.151234
469 0.110795
470 0.291941
471 0.941039
472 0.448720
473 0.835273
474 0.134499
475 0.960844
476 0.432377
477 0.507512
478 0.460560
479 0.563773
480 0.115093
481 0.228168
482 0.972967
483 0.523225
484 0.162895
485 0.995505
486 0.276851
487 0.688998
488 0.120327
489 0.643807
490 0.073438
491 0.667192
492 0.770221
493 0.866418
494 0.583632
495 0.135824
496 0.334496
497 0.314486
498 0.701466
499 0.233013
500 0.895469
501 0.052511
502 0.347240
503 0.666509
504 0.933769
505 0.035562
506 0.803631
507 0.999007
508 0.239288
509 0.750622
510 0.475318
511 0.963096
512 0.655716
513 0.735739
514 0.513590
515 0.652846
516 0.167047
517 0.355768
518 0.092189
519 0.025993
520 0.726056
521 0.972222
522 0.809072
523 0.331273
524 0.960082
525 0.497336
526 0.721025
527 0.849956
528 0.468580
529 0.268696
530 0.894031
531 0.708716
532 0.849721
533 0.220854
534 0.072031
535 0.482946
536 0.859957
537 0.464122
538 0.130170
539 0.865255
540 0.220797
541 0.608290
542 0.385876
543 0.823321
544 0.541141
545 0.490289
546 0.592073
547 0.414415
548 0.621384
549 0.379865
550 0.531571
551 0.760853
552 0.047101
553 0.246122
554 0.570140
555 0.621264
556 0.465453
557 0.270333
558 0.308019
559 0.517014
560 0.266597
561 0.486687
562 0.595562
563 0.491258
564 0.565190
565 0.222715
566 0.648472
567 0.290013
568 0.393713
569 0.894884
570 0.811549
571 0.060336
572 0.879676
573 0.692436
574 0.677083
575 0.560052
576 0.882866
577 0.753780
578 0.765027
579 0.366706
580 0.116661
581 0.604849
582 0.816797
583 0.660265
584 0.169022
585 0.887560
586 0.943022
587 0.834806
588 0.074141
589 0.759106
590 0.397795
591 0.468817
592 0.164815
593 0.789064
594 0.627962
595 0.051903
596 0.858463
597 0.721353
598 0.465697
599 0.327621
600 0.796317
601 0.101878
602 0.896097
603 0.167799
604 0.365671
605 0.500205
606 0.738758
607 0.543150
608 0.089147
609 0.874940
610 0.833267
611 0.398115
612 0.662825
613 0.547482
614 0.913267
615 0.074811
616 0.566664
617 0.257647
618 0.292242
619 0.361619
620 0.155989
621 0.877171
622 0.766374
623 0.266344
624 0.971943
625 0.553411
626 0.765835
627 0.232070
628 0.681628
629 0.345579
630 0.755553
631 0.725726
632 0.575271
633 0.799655
634 0.200027
635 0.935047
636 0.908125
637 0.385651
638 0.063936
639 0.709040
640 0.578862
641 0.292192
642 0.821307
643 0.870219
644 0.684135
645 0.738416
646 0.290716
647 0.613775
648 0.380525
649 0.721984
650 0.302454
651 0.889549
652 0.220490
653 0.974538
654 0.235863
655 0.437040
656 0.707996
657 0.842222
658 0.840977
659 0.511883
660 0.242392
661 0.848930
662 0.478349
663 0.304141
664 0.885663
665 0.833723
666 0.974435
667 0.604387
668 0.498589
669 0.781413
670 0.697107
671 0.423013
672 0.745382
673 0.786584
674 0.206851
675 0.011327
676 0.264275
677 0.006371
678 0.933958
679 0.069948
680 0.943124
681 0.966092
682 0.770440
683 0.860632
684 0.724409
685 0.184395
686 0.247698
687 0.462118
688 0.693166
689 0.780831
690 0.096872
691 0.528725
692 0.374198
693 0.518854
694 0.458591
695 0.622335
696 0.181534
697 0.620974
698 0.822287
699 0.494091
700 0.823444
701 0.670396
702 0.932462
703 0.591531
704 0.170433
705 0.984718
706 0.400285
707 0.560038
708 0.641477
709 0.012317
710 0.603629
711 0.594430
712 0.555368
713 0.560843
714 0.647099
715 0.177138
716 0.129396
717 0.019785
718 0.685883
719 0.013869
720 0.886684
721 0.185341
722 0.793180
723 0.845798
724 0.156345
725 0.835887
726 0.770730
727 0.279241
728 0.117248
729 0.840114
730 0.865412
731 0.829446
732 0.446515
733 0.307453
734 0.262130
735 0.024535
736 0.087971
737 0.111681
738 0.474169
739 0.658793
740 0.953632
741 0.033650
742 0.346930
743 0.121438
744 0.512917
745 0.777885
746 0.329439
747 0.157634
748 0.209607
749 0.220289
750 0.950234
751 0.442959
752 0.475693
753 0.440554
754 0.060234
755 0.970671
756 0.784098
757 0.382832
758 0.374902
759 0.463059
760 0.698855
761 0.372093
762 0.161495
763 0.823812
764 0.241690
765 0.191061
766 0.574425
767 0.047747
768 0.098042
769 0.993971
770 0.142728
771 0.997431
772 0.233414
773 0.998378
774 0.258368
775 0.043108
776 0.382556
777 0.655075
778 0.202571
779 0.743036
780 0.609316
781 0.848702
782 0.279622
783 0.515740
784 0.714110
785 0.627900
786 0.003527
787 0.623839
788 0.688813
789 0.003943
790 0.002669
791 0.751064
792 0.685463
793 0.490535
794 0.371070
795 0.009673
796 0.075537
797 0.285003
798 0.602085
799 0.364974
800 0.130652
;
param cost_b := 
1 -0.868935
2 0.743257
3 0.229480
4 -0.494458
5 0.377157
6 -0.286753
7 0.208310
8 0.584107
9 0.673467
10 0.244706
11 -0.602184
12 -0.632628
13 -0.264989
14 -0.477991
15 -0.401703
16 0.094889
17 0.450511
18 -0.819981
19 0.913681
20 -0.287911
21 -0.374513
22 -0.147995
23 0.488464
24 -0.082257
25 0.083810
26 -0.086813
27 -0.270062
28 0.302940
29 -0.533688
30 -0.653682
31 0.240655
32 0.876289
33 0.725740
34 -0.506749
35 0.363285
36 -0.033684
37 0.238741
38 0.905193
39 -0.502516
40 0.751184
41 -0.336710
42 -0.029320
43 0.022549
44 -0.066019
45 -0.604970
46 0.942706
47 -0.525803
48 0.966575
49 -0.675295
50 0.205997
51 -0.102147
52 0.201893
53 -0.055400
54 0.973273
55 -0.709973
56 -0.599913
57 0.375840
58 0.316904
59 -0.905036
60 0.320548
61 -0.509007
62 0.535651
63 0.071429
64 0.900398
65 0.000246
66 -0.303254
67 0.591323
68 0.970275
69 0.080241
70 -0.711088
71 0.016056
72 -0.144921
73 -0.200647
74 -0.548477
75 0.270895
76 0.796167
77 -0.551552
78 -0.548040
79 0.239256
80 0.226495
81 0.379722
82 -0.801019
83 0.729415
84 -0.159337
85 -0.130652
86 0.118781
87 0.827700
88 -0.455632
89 -0.485334
90 0.781762
91 -0.986892
92 0.553076
93 0.254218
94 -0.875887
95 -0.887030
96 0.305145
97 0.826228
98 0.269052
99 -0.138058
100 0.671413
101 -0.449765
102 -0.226543
103 0.269708
104 -0.078832
105 -0.045509
106 -0.704290
107 -0.173756
108 0.235548
109 -0.517407
110 0.492666
111 -0.227253
112 -0.734527
113 0.638612
114 -0.611065
115 0.732570
116 -0.933629
117 0.543216
118 0.674787
119 0.061065
120 0.341974
121 -0.652485
122 -0.370792
123 0.981907
124 -0.079340
125 0.505907
126 -0.687684
127 0.096072
128 -0.905992
129 -0.452702
130 -0.147821
131 -0.077755
132 0.844768
133 -0.488564
134 -0.985720
135 -0.551404
136 -0.535409
137 -0.695234
138 0.007001
139 0.902335
140 0.173019
141 -0.757129
142 -0.745860
143 0.132326
144 -0.188231
145 0.889582
146 -0.516640
147 -0.028864
148 0.726049
149 -0.217364
150 -0.026330
151 0.417635
152 0.473504
153 -0.190003
154 -0.379865
155 -0.112645
156 -0.473186
157 0.012017
158 0.568907
159 -0.366753
160 0.240359
161 -0.301540
162 -0.887312
163 -0.157713
164 -0.775803
165 -0.269899
166 0.162770
167 0.520723
168 0.934680
169 0.637581
170 0.234157
171 0.358246
172 0.073616
173 -0.268602
174 -0.737929
175 0.721341
176 -0.953899
177 -0.115662
178 -0.994413
179 -0.463957
180 -0.528069
181 -0.522564
182 0.606155
183 0.422624
184 0.480349
185 0.228227
186 0.295500
187 -0.868705
188 -0.228293
189 -0.558216
190 0.517415
191 -0.918851
192 -0.523677
193 -0.275085
194 -0.486031
195 -0.871516
196 0.815079
197 -0.387911
198 0.449761
199 0.063382
200 0.152760
201 -0.894250
202 -0.339794
203 -0.809256
204 -0.628362
205 0.944367
206 0.300644
207 0.302485
208 0.147616
209 -0.277912
210 -0.088897
211 0.010163
212 0.733664
213 0.987344
214 -0.897635
215 0.098377
216 0.551752
217 -0.710245
218 -0.829045
219 0.767460
220 0.432980
221 0.244261
222 -0.996497
223 -0.065714
224 0.855446
225 -0.313771
226 0.089919
227 -0.782267
228 -0.115559
229 0.796482
230 0.184607
231 0.395731
232 0.790410
233 0.140994
234 -0.613613
235 -0.775030
236 0.554073
237 0.972989
238 -0.857669
239 0.392264
240 0.966312
241 -0.998042
242 -0.634128
243 0.214689
244 -0.001614
245 -0.263161
246 0.687709
247 -0.193869
248 0.829629
249 0.637009
250 -0.200852
251 0.364801
252 -0.695008
253 0.010367
254 -0.250298
255 0.006254
256 -0.675290
257 -0.203737
258 -0.339028
259 0.095837
260 -0.619913
261 0.898110
262 -0.729001
263 -0.419242
264 0.691586
265 0.077744
266 -0.090164
267 0.162869
268 -0.643159
269 0.490427
270 0.864989
271 0.632494
272 -0.268814
273 0.491028
274 -0.725349
275 0.897877
276 -0.367805
277 0.338268
278 0.569806
279 -0.664195
280 -0.052118
281 -0.562454
282 -0.674459
283 0.515876
284 0.316388
285 0.413574
286 -0.869251
287 -0.866937
288 -0.469006
289 -0.634448
290 0.964208
291 -0.484101
292 0.297825
293 0.882770
294 -0.096343
295 0.325003
296 -0.712001
297 0.048719
298 -0.208019
299 -0.653456
300 -0.063431
301 0.481394
302 0.501340
303 -0.957289
304 0.406907
305 0.747728
306 0.440683
307 -0.101449
308 0.607541
309 -0.001581
310 0.696778
311 0.400059
312 0.447142
313 0.338615
314 0.340771
315 0.885837
316 -0.718184
317 -0.654116
318 -0.605504
319 0.993776
320 0.724625
321 0.506310
322 -0.633779
323 -0.158188
324 -0.633292
325 -0.316786
326 -0.829668
327 -0.448212
328 0.737673
329 0.912547
330 -0.718960
331 0.336596
332 0.907905
333 0.930734
334 0.608640
335 0.010060
336 0.306381
337 0.967499
338 -0.812817
339 0.286748
340 0.847843
341 -0.556546
342 -0.783826
343 -0.207271
344 0.875955
345 -0.110741
346 -0.152238
347 0.710577
348 0.115315
349 -0.851785
350 -0.438351
351 0.494324
352 -0.138465
353 -0.488286
354 0.050215
355 0.191714
356 -0.361935
357 0.981694
358 0.129577
359 0.372663
360 -0.953484
361 0.162382
362 -0.847151
363 -0.596957
364 -0.994608
365 0.224781
366 -0.882417
367 -0.810502
368 -0.798093
369 0.240816
370 -0.050684
371 0.782977
372 -0.429756
373 0.785006
374 0.361433
375 -0.036238
376 -0.226704
377 0.562419
378 -0.207035
379 -0.807477
380 -0.441365
381 -0.572299
382 0.889664
383 0.029667
384 -0.071182
385 0.825517
386 0.296824
387 -0.094032
388 0.458301
389 0.963111
390 -0.232167
391 -0.285244
392 -0.361732
393 0.296020
394 0.698322
395 0.249817
396 -0.916380
397 -0.802729
398 -0.312243
399 0.671586
400 0.199016
401 0.481888
402 0.011134
403 0.485446
404 0.020654
405 -0.161070
406 0.278295
407 -0.461452
408 -0.057978
409 -0.410685
410 -0.283244
411 -0.836144
412 0.523384
413 -0.603672
414 0.589318
415 -0.856413
416 0.253831
417 -0.396936
418 0.434423
419 -0.633469
420 0.373166
421 -0.989603
422 0.036962
423 -0.580430
424 -0.550687
425 0.436016
426 0.918950
427 0.926800
428 0.340682
429 -0.058002
430 -0.872156
431 -0.366555
432 -0.143297
433 -0.611277
434 0.920624
435 -0.803811
436 -0.976543
437 -0.314977
438 0.454244
439 0.410988
440 -0.492368
441 0.151142
442 0.623029
443 0.809156
444 -0.506693
445 0.982577
446 0.090624
447 0.118686
448 0.743915
449 -0.022885
450 -0.348024
451 0.910571
452 -0.520841
453 0.021550
454 0.984839
455 -0.714768
456 0.713146
457 0.199802
458 0.605434
459 0.711622
460 -0.559397
461 -0.489615
462 0.461096
463 -0.545915
464 -0.663311
465 0.988510
466 0.346891
467 -0.860319
468 -0.954366
469 -0.746966
470 -0.883184
471 0.145994
472 -0.360015
473 0.053081
474 0.966819
475 0.852805
476 -0.529689
477 -0.270717
478 0.935759
479 -0.390119
480 0.131444
481 -0.022735
482 -0.843511
483 0.681344
484 0.016480
485 0.090016
486 -0.185961
487 -0.311377
488 -0.914988
489 0.819806
490 0.463277
491 0.025834
492 0.288639
493 -0.103549
494 -0.093333
495 0.404424
496 0.520715
497 -0.094704
498 -0.420633
499 -0.938047
500 -0.774311
501 -0.791142
502 -0.886020
503 0.490181
504 -0.592171
505 -0.404594
506 0.837488
507 0.217834
508 -0.648653
509 0.081188
510 -0.971194
511 0.465845
512 -0.994985
513 -0.022500
514 -0.994317
515 0.930498
516 -0.663378
517 0.385614
518 -0.797704
519 0.514436
520 -0.613726
521 0.513564
522 -0.216268
523 0.764561
524 -0.718553
525 0.064111
526 -0.338898
527 -0.598087
528 0.787502
529 -0.465177
530 0.307190
531 -0.179146
532 -0.532110
533 0.829343
534 0.613584
535 -0.309318
536 0.864752
537 -0.007693
538 0.074532
539 -0.540186
540 0.012548
541 0.854851
542 0.913123
543 -0.404490
544 -0.607723
545 0.012455
546 0.738107
547 0.694685
548 -0.190282
549 0.597373
550 0.652591
551 0.593676
552 -0.427066
553 0.103842
554 -0.265657
555 0.682246
556 -0.813124
557 -0.595305
558 -0.014006
559 0.411148
560 0.677058
561 0.872066
562 0.928222
563 0.533081
564 -0.961349
565 -0.755008
566 0.799568
567 -0.240723
568 0.491891
569 -0.923428
570 0.618253
571 0.351740
572 0.287830
573 0.886696
574 0.162895
575 -0.820165
576 -0.893508
577 0.654757
578 -0.723458
579 0.135747
580 -0.738692
581 0.501609
582 -0.136217
583 -0.798875
584 0.151456
585 0.888754
586 -0.599340
587 -0.028392
588 -0.859978
589 0.132198
590 -0.121497
591 0.173083
592 -0.625215
593 0.756949
594 -0.933392
595 -0.954879
596 -0.045769
597 -0.687042
598 -0.763454
599 -0.672756
600 -0.569492
601 0.467001
602 0.543933
603 -0.841059
604 0.333248
605 -0.602209
606 -0.872444
607 -0.424457
608 0.632917
609 -0.841055
610 0.406537
611 -0.863953
612 0.600168
613 0.800785
614 0.315179
615 0.464349
616 -0.030646
617 -0.761872
618 -0.951033
619 -0.433305
620 0.270191
621 -0.722289
622 -0.041255
623 -0.925589
624 0.621308
625 -0.913454
626 0.922041
627 -0.853365
628 0.881572
629 -0.933688
630 -0.663440
631 -0.974311
632 -0.368789
633 -0.452888
634 0.346019
635 -0.864126
636 -0.124652
637 -0.083743
638 0.259714
639 -0.818422
640 -0.919305
641 -0.500115
642 -0.397781
643 -0.511243
644 -0.203630
645 -0.212387
646 -0.315011
647 -0.363441
648 0.274241
649 0.582352
650 0.209456
651 -0.043834
652 0.628088
653 0.676873
654 -0.970645
655 0.339580
656 0.789224
657 0.419885
658 -0.914871
659 0.789404
660 0.789727
661 0.206387
662 0.999374
663 0.974305
664 0.979897
665 -0.689953
666 0.472300
667 0.205093
668 -0.929797
669 0.846878
670 0.174096
671 -0.534579
672 0.864859
673 0.655430
674 -0.058575
675 0.554472
676 0.352670
677 -0.807784
678 0.948108
679 0.313018
680 0.826256
681 -0.795045
682 0.077512
683 0.909116
684 0.991052
685 -0.472411
686 -0.614937
687 -0.882177
688 -0.218465
689 -0.821833
690 0.075623
691 0.424150
692 0.678273
693 0.083654
694 0.365682
695 0.691177
696 0.205366
697 0.726564
698 0.108085
699 0.087016
700 -0.733145
701 -0.866796
702 0.911851
703 -0.328898
704 0.556654
705 -0.732843
706 0.347936
707 0.388651
708 0.712852
709 -0.601097
710 0.591657
711 -0.027960
712 0.383666
713 0.300617
714 0.981465
715 -0.616315
716 -0.439329
717 0.901896
718 0.127741
719 0.233699
720 -0.045193
721 0.564794
722 0.682759
723 -0.717282
724 -0.654623
725 -0.724936
726 -0.454294
727 -0.312373
728 -0.703740
729 -0.845714
730 -0.210388
731 -0.932604
732 0.910675
733 0.854643
734 -0.281542
735 0.722798
736 0.262708
737 -0.118161
738 -0.919191
739 0.650187
740 -0.549015
741 0.388069
742 0.315568
743 -0.225654
744 0.664970
745 -0.575666
746 -0.230121
747 -0.176368
748 -0.875829
749 0.476220
750 0.301434
751 -0.954659
752 0.783295
753 -0.676790
754 0.351137
755 0.375246
756 -0.887872
757 -0.834486
758 0.307582
759 -0.423842
760 0.383107
761 -0.310134
762 0.792103
763 -0.374957
764 0.154681
765 0.783900
766 0.919467
767 -0.795133
768 -0.888037
769 -0.964772
770 0.466653
771 -0.790128
772 0.712582
773 0.834930
774 -0.260402
775 0.980486
776 0.928736
777 -0.042838
778 0.424006
779 0.159723
780 -0.075934
781 -0.075542
782 0.007589
783 -0.402753
784 0.905429
785 -0.700982
786 0.503698
787 0.549501
788 -0.721097
789 0.875228
790 0.821282
791 0.489529
792 0.044657
793 0.857416
794 0.456185
795 -0.518307
796 -0.648584
797 -0.666745
798 -0.855082
799 0.224189
800 -0.680707
;
