# Optimal value by DCA: 179140436.380145
data;

param N = 200;
param capacity := 
1 81
2 90
3 91
4 104
5 85
6 128
7 42
8 95
9 127
10 116
11 71
12 71
13 60
14 112
15 123
16 86
17 121
18 96
19 48
20 41
21 92
22 125
23 40
24 61
25 90
26 55
27 127
28 52
29 79
30 88
31 120
32 96
33 82
34 68
35 37
36 106
37 125
38 122
39 82
40 106
41 56
42 67
43 112
44 115
45 58
46 67
47 88
48 116
49 70
50 80
51 89
52 75
53 112
54 127
55 31
56 53
57 113
58 108
59 81
60 119
61 101
62 42
63 127
64 85
65 77
66 77
67 70
68 68
69 97
70 53
71 47
72 67
73 129
74 111
75 92
76 84
77 79
78 81
79 39
80 67
81 73
82 125
83 122
84 44
85 42
86 98
87 100
88 69
89 82
90 115
91 88
92 92
93 60
94 110
95 43
96 77
97 30
98 63
99 99
100 114
101 75
102 81
103 99
104 67
105 78
106 99
107 91
108 91
109 103
110 117
111 125
112 91
113 72
114 83
115 102
116 78
117 82
118 107
119 55
120 85
121 101
122 70
123 54
124 73
125 105
126 71
127 106
128 65
129 46
130 45
131 102
132 96
133 95
134 90
135 37
136 90
137 108
138 76
139 59
140 45
141 112
142 53
143 48
144 97
145 120
146 110
147 40
148 73
149 93
150 128
151 121
152 79
153 82
154 83
155 77
156 60
157 79
158 91
159 110
160 76
161 104
162 104
163 50
164 77
165 77
166 66
167 102
168 88
169 128
170 121
171 94
172 72
173 97
174 40
175 125
176 55
177 101
178 106
179 115
180 76
181 123
182 73
183 61
184 128
185 115
186 97
187 82
188 114
189 67
190 90
191 64
192 79
193 78
194 74
195 37
196 107
197 52
198 114
199 53
200 65
;
param nested_lowerbound := 
1 13
2 72
3 76
4 140
5 160
6 212
7 246
8 327
9 337
10 421
11 437
12 489
13 542
14 617
15 683
16 747
17 778
18 803
19 836
20 863
21 908
22 1004
23 1032
24 1061
25 1111
26 1112
27 1145
28 1179
29 1223
30 1276
31 1341
32 1403
33 1423
34 1472
35 1503
36 1577
37 1581
38 1581
39 1607
40 1639
41 1665
42 1703
43 1797
44 1842
45 1856
46 1858
47 1916
48 2031
49 2100
50 2127
51 2129
52 2137
53 2203
54 2302
55 2330
56 2355
57 2444
58 2466
59 2481
60 2527
61 2545
62 2566
63 2616
64 2675
65 2750
66 2752
67 2776
68 2825
69 2834
70 2842
71 2873
72 2910
73 2973
74 3024
75 3107
76 3134
77 3189
78 3200
79 3226
80 3287
81 3298
82 3358
83 3377
84 3400
85 3423
86 3499
87 3575
88 3595
89 3635
90 3727
91 3803
92 3809
93 3823
94 3910
95 3947
96 4020
97 4048
98 4087
99 4101
100 4193
101 4199
102 4235
103 4270
104 4310
105 4374
106 4399
107 4437
108 4501
109 4556
110 4654
111 4661
112 4698
113 4741
114 4761
115 4832
116 4838
117 4871
118 4956
119 4959
120 5031
121 5034
122 5046
123 5092
124 5160
125 5168
126 5235
127 5291
128 5331
129 5359
130 5360
131 5403
132 5478
133 5504
134 5535
135 5553
136 5593
137 5684
138 5704
139 5711
140 5736
141 5838
142 5852
143 5877
144 5895
145 5976
146 6038
147 6040
148 6104
149 6149
150 6233
151 6266
152 6309
153 6313
154 6314
155 6366
156 6393
157 6436
158 6500
159 6525
160 6531
161 6587
162 6589
163 6607
164 6674
165 6738
166 6799
167 6804
168 6811
169 6912
170 6917
171 6992
172 7029
173 7051
174 7076
175 7094
176 7125
177 7170
178 7231
179 7315
180 7385
181 7459
182 7508
183 7566
184 7575
185 7664
186 7677
187 7755
188 7768
189 7795
190 7856
191 7883
192 7942
193 7990
194 8029
195 8045
196 8094
197 8098
198 8177
199 8186
200 8657
;
param nested_upperbound := 
1 37
2 120
3 157
4 252
5 297
6 379
7 383
8 448
9 548
10 577
11 623
12 681
13 719
14 783
15 863
16 747
17 996
18 1015
19 1054
20 1058
21 1102
22 1161
23 1181
24 1237
25 1278
26 1303
27 1427
28 1443
29 1456
30 1470
31 1475
32 1558
33 1605
34 1645
35 1679
36 1772
37 1780
38 1837
39 1854
40 1895
41 1898
42 1943
43 1997
44 2046
45 2103
46 2149
47 2228
48 2297
49 2331
50 2388
51 2423
52 2427
53 2428
54 2440
55 2452
56 2480
57 2543
58 2582
59 2661
60 2761
61 2772
62 2814
63 2845
64 2852
65 2918
66 2954
67 2962
68 2991
69 3029
70 3069
71 3100
72 3118
73 3181
74 3266
75 3278
76 3361
77 3374
78 3419
79 3454
80 3516
81 3582
82 3652
83 3774
84 3817
85 3843
86 3928
87 3963
88 4023
89 4059
90 4112
91 4145
92 4188
93 4215
94 4300
95 4333
96 4360
97 4363
98 4372
99 4470
100 4505
101 4566
102 4573
103 4672
104 4672
105 4748
106 4768
107 4854
108 4914
109 4958
110 4986
111 5078
112 5106
113 5110
114 5183
115 5209
116 5248
117 5259
118 5357
119 5366
120 5374
121 5435
122 5439
123 5456
124 5496
125 5526
126 5562
127 5599
128 5664
129 5701
130 5705
131 5777
132 5780
133 5851
134 5889
135 5907
136 5978
137 6000
138 6055
139 6102
140 6143
141 6239
142 6289
143 6296
144 6348
145 6376
146 6397
147 6426
148 6431
149 6500
150 6533
151 6536
152 6604
153 6652
154 6662
155 6685
156 6728
157 6789
158 6867
159 6869
160 6935
161 7012
162 7072
163 7078
164 7152
165 7180
166 7183
167 7254
168 7274
169 7308
170 7337
171 7393
172 7439
173 7519
174 7559
175 7675
176 7728
177 7754
178 7797
179 7842
180 7843
181 7919
182 7977
183 7988
184 8024
185 8095
186 8119
187 8166
188 8170
189 8213
190 8222
191 8271
192 8292
193 8325
194 8392
195 8401
196 8444
197 8495
198 8579
199 8626
200 8657
;
param cost_a := 
1 0.489940
2 0.691171
3 0.812651
4 0.331465
5 0.167207
6 0.284368
7 0.682901
8 0.643167
9 0.100713
10 0.755241
11 0.422979
12 0.819579
13 0.694637
14 0.807884
15 0.870071
16 0.893704
17 0.434969
18 0.980740
19 0.707145
20 0.428471
21 0.167920
22 0.243987
23 0.831945
24 0.453780
25 0.275941
26 0.995434
27 0.164992
28 0.730795
29 0.760202
30 0.330237
31 0.206767
32 0.109946
33 0.301905
34 0.015467
35 0.764553
36 0.976624
37 0.782010
38 0.749914
39 0.223562
40 0.099845
41 0.489934
42 0.032724
43 0.534785
44 0.614202
45 0.346511
46 0.301353
47 0.733630
48 0.374208
49 0.904975
50 0.929994
51 0.288749
52 0.522676
53 0.675956
54 0.204051
55 0.909574
56 0.811064
57 0.448456
58 0.504391
59 0.613918
60 0.999769
61 0.748502
62 0.647023
63 0.873593
64 0.550118
65 0.390640
66 0.629517
67 0.516380
68 0.797367
69 0.234663
70 0.934884
71 0.766750
72 0.865288
73 0.760962
74 0.036819
75 0.355609
76 0.747985
77 0.922577
78 0.837101
79 0.020940
80 0.243346
81 0.920545
82 0.446620
83 0.956555
84 0.775088
85 0.081330
86 0.995917
87 0.845279
88 0.586653
89 0.891129
90 0.029285
91 0.035754
92 0.330224
93 0.461548
94 0.498385
95 0.188616
96 0.707943
97 0.264632
98 0.427005
99 0.328188
100 0.549950
101 0.882471
102 0.968005
103 0.689913
104 0.535127
105 0.767545
106 0.816644
107 0.051602
108 0.675513
109 0.604738
110 0.781412
111 0.378188
112 0.694092
113 0.804405
114 0.744142
115 0.595008
116 0.528255
117 0.938095
118 0.265602
119 0.133756
120 0.387458
121 0.554546
122 0.710927
123 0.568088
124 0.083712
125 0.783241
126 0.981153
127 0.172473
128 0.737260
129 0.446349
130 0.742811
131 0.598216
132 0.437379
133 0.057044
134 0.446910
135 0.064715
136 0.009532
137 0.083223
138 0.421840
139 0.511820
140 0.705100
141 0.200332
142 0.911616
143 0.050806
144 0.388756
145 0.945512
146 0.111560
147 0.786800
148 0.651061
149 0.217482
150 0.027933
151 0.664605
152 0.220139
153 0.442575
154 0.356176
155 0.412723
156 0.086358
157 0.947038
158 0.534355
159 0.926983
160 0.887704
161 0.139233
162 0.684066
163 0.545511
164 0.331092
165 0.512546
166 0.300444
167 0.620908
168 0.746140
169 0.230820
170 0.296125
171 0.593341
172 0.282974
173 0.152866
174 0.340890
175 0.409843
176 0.774409
177 0.591040
178 0.369401
179 0.620486
180 0.885415
181 0.881145
182 0.653848
183 0.811194
184 0.869044
185 0.966867
186 0.956497
187 0.205792
188 0.038039
189 0.671686
190 0.989023
191 0.286515
192 0.945140
193 0.144690
194 0.711207
195 0.142539
196 0.242633
197 0.123929
198 0.900965
199 0.960192
200 0.262988
;
param cost_b := 
1 0.412659
2 -0.467046
3 0.256151
4 -0.616854
5 0.463604
6 0.346338
7 -0.035287
8 -0.307993
9 -0.839026
10 -0.986499
11 -0.289171
12 -0.987213
13 0.987467
14 0.283359
15 -0.371167
16 -0.447911
17 -0.783729
18 0.782466
19 -0.843021
20 0.390056
21 -0.578937
22 0.286643
23 0.891349
24 0.194128
25 -0.332181
26 0.464678
27 -0.730310
28 0.832846
29 0.490593
30 -0.230778
31 -0.540588
32 0.507190
33 -0.449729
34 0.509132
35 -0.581756
36 0.984836
37 0.684928
38 -0.186406
39 0.795715
40 -0.854485
41 0.996853
42 0.587236
43 -0.493368
44 -0.988645
45 -0.760710
46 -0.683724
47 -0.584808
48 -0.430299
49 -0.608682
50 -0.469722
51 -0.275237
52 0.685479
53 0.608898
54 -0.494108
55 0.204483
56 0.014122
57 -0.731804
58 -0.454536
59 -0.657427
60 0.765696
61 -0.216085
62 0.004083
63 -0.715752
64 0.103909
65 0.361331
66 -0.517950
67 0.058429
68 0.606449
69 0.283426
70 -0.505871
71 -0.548929
72 0.211028
73 -0.271182
74 -0.638082
75 0.771638
76 -0.808118
77 0.579025
78 -0.978700
79 -0.298056
80 0.453613
81 -0.780572
82 0.990070
83 -0.675334
84 -0.691256
85 0.191756
86 0.185138
87 0.935302
88 -0.835026
89 -0.349652
90 -0.962105
91 0.821626
92 -0.265760
93 -0.104478
94 0.156631
95 -0.925822
96 0.844170
97 -0.547286
98 0.191540
99 0.509839
100 0.433989
101 -0.754611
102 0.392494
103 0.973532
104 -0.264345
105 0.183931
106 -0.070306
107 0.699795
108 -0.439556
109 -0.500053
110 0.346549
111 0.378273
112 0.327396
113 0.652578
114 -0.418840
115 -0.870479
116 0.823493
117 0.158401
118 0.025653
119 -0.234837
120 0.599839
121 -0.770736
122 -0.277754
123 -0.679539
124 0.399535
125 -0.037436
126 0.774309
127 0.954316
128 0.237715
129 -0.666424
130 -0.016454
131 -0.029100
132 -0.010212
133 -0.124855
134 0.569600
135 -0.838245
136 0.496866
137 0.501130
138 0.207941
139 -0.393362
140 0.075493
141 -0.355214
142 0.400659
143 0.686017
144 -0.635367
145 0.072724
146 -0.968997
147 -0.513434
148 -0.195685
149 0.122044
150 -0.556883
151 -0.666017
152 -0.594825
153 0.591276
154 0.714991
155 0.814904
156 -0.320313
157 -0.453114
158 0.899124
159 -0.930974
160 0.097269
161 0.170760
162 0.528507
163 0.153575
164 -0.244697
165 0.516817
166 0.438070
167 -0.707971
168 -0.044344
169 -0.829603
170 -0.591029
171 -0.744872
172 -0.445946
173 -0.377633
174 -0.794032
175 -0.843601
176 0.355535
177 -0.043061
178 -0.376888
179 0.382363
180 0.520087
181 -0.168647
182 -0.362357
183 0.034727
184 0.632131
185 0.140372
186 -0.558702
187 -0.300876
188 -0.732049
189 -0.099090
190 0.258698
191 -0.225319
192 -0.283654
193 0.089675
194 0.823513
195 -0.289677
196 -0.440215
197 -0.964873
198 -0.368333
199 0.899841
200 0.003473
;
