# Optimal value by DCA: 1595222825.079697
data;

param N = 1600;
param capacity := 
1 78
2 35
3 63
4 86
5 87
6 85
7 86
8 81
9 75
10 95
11 89
12 78
13 66
14 66
15 78
16 94
17 93
18 113
19 95
20 34
21 100
22 99
23 109
24 38
25 61
26 89
27 74
28 125
29 92
30 88
31 83
32 114
33 84
34 124
35 94
36 85
37 86
38 98
39 91
40 60
41 80
42 46
43 123
44 104
45 91
46 98
47 89
48 71
49 128
50 117
51 67
52 84
53 64
54 66
55 122
56 41
57 68
58 82
59 94
60 85
61 63
62 96
63 93
64 86
65 101
66 100
67 58
68 67
69 103
70 44
71 108
72 91
73 97
74 122
75 127
76 122
77 93
78 43
79 72
80 128
81 52
82 45
83 85
84 108
85 128
86 90
87 70
88 106
89 85
90 116
91 83
92 124
93 84
94 64
95 56
96 91
97 120
98 116
99 65
100 124
101 91
102 121
103 79
104 56
105 89
106 84
107 104
108 55
109 56
110 80
111 77
112 100
113 91
114 128
115 87
116 66
117 101
118 67
119 64
120 100
121 101
122 79
123 50
124 122
125 102
126 118
127 42
128 33
129 94
130 124
131 82
132 110
133 77
134 64
135 87
136 126
137 67
138 86
139 97
140 98
141 31
142 76
143 62
144 78
145 52
146 83
147 33
148 118
149 116
150 64
151 46
152 114
153 65
154 36
155 119
156 112
157 76
158 71
159 89
160 108
161 45
162 78
163 76
164 113
165 90
166 70
167 38
168 50
169 114
170 74
171 92
172 84
173 87
174 45
175 97
176 85
177 72
178 96
179 127
180 53
181 74
182 101
183 99
184 43
185 95
186 118
187 52
188 62
189 65
190 89
191 95
192 86
193 98
194 84
195 54
196 88
197 87
198 86
199 116
200 50
201 119
202 62
203 90
204 76
205 91
206 126
207 83
208 56
209 107
210 93
211 51
212 74
213 69
214 125
215 72
216 60
217 83
218 90
219 109
220 81
221 86
222 109
223 128
224 86
225 107
226 37
227 66
228 69
229 80
230 38
231 81
232 74
233 98
234 116
235 97
236 85
237 108
238 128
239 69
240 114
241 97
242 125
243 91
244 45
245 118
246 91
247 108
248 100
249 104
250 96
251 88
252 69
253 99
254 125
255 61
256 64
257 80
258 65
259 109
260 58
261 70
262 93
263 116
264 95
265 107
266 124
267 33
268 91
269 57
270 44
271 37
272 62
273 112
274 92
275 95
276 124
277 93
278 40
279 51
280 81
281 73
282 99
283 40
284 70
285 115
286 55
287 96
288 50
289 111
290 112
291 77
292 44
293 67
294 82
295 99
296 83
297 70
298 85
299 77
300 93
301 116
302 103
303 115
304 105
305 86
306 81
307 59
308 98
309 109
310 76
311 91
312 89
313 113
314 46
315 106
316 80
317 68
318 80
319 92
320 108
321 108
322 94
323 34
324 99
325 127
326 76
327 55
328 60
329 104
330 84
331 87
332 52
333 41
334 128
335 103
336 35
337 104
338 120
339 99
340 81
341 73
342 77
343 96
344 110
345 69
346 88
347 121
348 70
349 99
350 63
351 96
352 47
353 119
354 49
355 103
356 90
357 71
358 89
359 67
360 80
361 50
362 95
363 89
364 123
365 77
366 120
367 100
368 105
369 50
370 84
371 110
372 84
373 61
374 106
375 76
376 85
377 89
378 124
379 63
380 50
381 117
382 77
383 80
384 63
385 61
386 102
387 92
388 113
389 122
390 119
391 91
392 109
393 100
394 66
395 126
396 88
397 118
398 82
399 93
400 66
401 59
402 106
403 101
404 72
405 111
406 129
407 107
408 68
409 117
410 68
411 82
412 115
413 118
414 69
415 108
416 65
417 62
418 54
419 56
420 94
421 125
422 88
423 83
424 101
425 126
426 62
427 127
428 65
429 103
430 45
431 87
432 92
433 120
434 113
435 71
436 91
437 124
438 49
439 72
440 85
441 82
442 122
443 127
444 74
445 98
446 67
447 92
448 97
449 121
450 45
451 94
452 46
453 81
454 58
455 125
456 76
457 106
458 77
459 56
460 117
461 58
462 74
463 58
464 46
465 56
466 100
467 118
468 44
469 51
470 96
471 31
472 71
473 59
474 96
475 76
476 92
477 90
478 61
479 91
480 92
481 73
482 66
483 79
484 111
485 73
486 40
487 79
488 100
489 54
490 123
491 82
492 83
493 127
494 97
495 47
496 72
497 78
498 107
499 71
500 67
501 91
502 85
503 91
504 53
505 97
506 73
507 83
508 98
509 129
510 87
511 103
512 83
513 78
514 54
515 90
516 88
517 93
518 67
519 97
520 61
521 50
522 96
523 88
524 72
525 93
526 58
527 60
528 113
529 49
530 104
531 112
532 59
533 106
534 60
535 76
536 78
537 96
538 126
539 76
540 61
541 37
542 75
543 82
544 57
545 123
546 55
547 75
548 58
549 72
550 71
551 97
552 76
553 61
554 67
555 70
556 113
557 110
558 87
559 50
560 93
561 108
562 60
563 111
564 63
565 79
566 107
567 90
568 95
569 128
570 127
571 113
572 48
573 127
574 80
575 63
576 75
577 129
578 109
579 81
580 89
581 109
582 60
583 94
584 64
585 79
586 101
587 80
588 82
589 38
590 47
591 118
592 65
593 94
594 84
595 94
596 55
597 109
598 118
599 121
600 74
601 70
602 91
603 80
604 126
605 75
606 66
607 95
608 110
609 89
610 126
611 81
612 110
613 94
614 100
615 75
616 36
617 40
618 128
619 105
620 89
621 66
622 73
623 93
624 99
625 77
626 126
627 53
628 62
629 60
630 125
631 124
632 74
633 54
634 86
635 72
636 74
637 47
638 60
639 78
640 44
641 77
642 88
643 106
644 89
645 70
646 93
647 105
648 123
649 60
650 125
651 84
652 59
653 77
654 72
655 82
656 113
657 86
658 99
659 112
660 60
661 81
662 87
663 96
664 89
665 69
666 39
667 105
668 96
669 126
670 70
671 125
672 105
673 104
674 117
675 99
676 107
677 120
678 62
679 128
680 68
681 56
682 87
683 74
684 125
685 116
686 82
687 94
688 92
689 65
690 116
691 118
692 32
693 93
694 97
695 80
696 73
697 93
698 68
699 38
700 73
701 97
702 77
703 127
704 41
705 127
706 69
707 94
708 47
709 88
710 95
711 128
712 75
713 79
714 110
715 92
716 84
717 36
718 89
719 66
720 93
721 86
722 38
723 87
724 108
725 127
726 85
727 70
728 73
729 122
730 87
731 92
732 125
733 109
734 67
735 54
736 102
737 77
738 98
739 45
740 46
741 98
742 85
743 101
744 67
745 46
746 68
747 58
748 47
749 99
750 80
751 94
752 113
753 106
754 98
755 87
756 129
757 39
758 52
759 41
760 91
761 95
762 76
763 108
764 125
765 128
766 33
767 98
768 115
769 97
770 92
771 69
772 118
773 48
774 65
775 73
776 43
777 40
778 90
779 128
780 98
781 98
782 70
783 40
784 31
785 44
786 84
787 75
788 124
789 97
790 92
791 90
792 114
793 105
794 70
795 103
796 41
797 43
798 47
799 98
800 65
801 95
802 71
803 50
804 88
805 81
806 127
807 124
808 78
809 95
810 56
811 126
812 65
813 104
814 110
815 65
816 110
817 105
818 100
819 100
820 93
821 52
822 85
823 109
824 95
825 124
826 88
827 113
828 68
829 77
830 89
831 55
832 71
833 109
834 85
835 83
836 95
837 59
838 112
839 122
840 78
841 77
842 96
843 63
844 106
845 75
846 99
847 128
848 117
849 83
850 87
851 74
852 79
853 118
854 76
855 83
856 86
857 64
858 95
859 122
860 121
861 51
862 78
863 118
864 85
865 69
866 73
867 59
868 54
869 51
870 42
871 78
872 50
873 88
874 122
875 122
876 88
877 57
878 93
879 76
880 69
881 122
882 106
883 79
884 59
885 87
886 117
887 46
888 75
889 81
890 127
891 84
892 77
893 129
894 42
895 102
896 66
897 89
898 96
899 97
900 57
901 128
902 98
903 121
904 54
905 98
906 54
907 88
908 40
909 93
910 98
911 109
912 113
913 107
914 66
915 110
916 79
917 115
918 89
919 113
920 69
921 75
922 96
923 56
924 90
925 94
926 104
927 111
928 70
929 67
930 72
931 82
932 127
933 68
934 97
935 114
936 84
937 60
938 73
939 56
940 80
941 68
942 93
943 53
944 105
945 30
946 66
947 115
948 116
949 96
950 69
951 99
952 114
953 67
954 126
955 124
956 49
957 111
958 107
959 97
960 115
961 73
962 80
963 52
964 109
965 86
966 71
967 73
968 117
969 98
970 85
971 51
972 57
973 71
974 107
975 111
976 86
977 83
978 117
979 106
980 70
981 95
982 53
983 51
984 129
985 82
986 50
987 68
988 122
989 50
990 43
991 59
992 64
993 81
994 70
995 63
996 48
997 99
998 50
999 54
1000 113
1001 119
1002 100
1003 92
1004 97
1005 71
1006 75
1007 38
1008 66
1009 85
1010 88
1011 95
1012 87
1013 95
1014 99
1015 38
1016 68
1017 118
1018 88
1019 110
1020 66
1021 108
1022 71
1023 125
1024 86
1025 100
1026 95
1027 104
1028 61
1029 92
1030 120
1031 46
1032 83
1033 86
1034 107
1035 83
1036 97
1037 126
1038 108
1039 119
1040 84
1041 62
1042 94
1043 99
1044 129
1045 104
1046 98
1047 75
1048 110
1049 76
1050 61
1051 101
1052 38
1053 89
1054 94
1055 127
1056 129
1057 95
1058 102
1059 82
1060 122
1061 97
1062 37
1063 93
1064 105
1065 39
1066 56
1067 61
1068 72
1069 68
1070 121
1071 92
1072 119
1073 122
1074 69
1075 73
1076 74
1077 36
1078 114
1079 82
1080 61
1081 70
1082 91
1083 91
1084 110
1085 77
1086 94
1087 52
1088 103
1089 117
1090 62
1091 75
1092 35
1093 100
1094 91
1095 40
1096 95
1097 94
1098 62
1099 117
1100 103
1101 72
1102 106
1103 71
1104 35
1105 90
1106 82
1107 32
1108 73
1109 75
1110 124
1111 64
1112 67
1113 41
1114 124
1115 36
1116 110
1117 76
1118 129
1119 53
1120 53
1121 40
1122 36
1123 51
1124 115
1125 70
1126 101
1127 46
1128 77
1129 85
1130 65
1131 128
1132 100
1133 100
1134 101
1135 97
1136 78
1137 94
1138 99
1139 87
1140 74
1141 53
1142 102
1143 41
1144 97
1145 76
1146 37
1147 88
1148 67
1149 126
1150 76
1151 70
1152 74
1153 78
1154 91
1155 114
1156 81
1157 91
1158 89
1159 108
1160 79
1161 91
1162 67
1163 82
1164 82
1165 84
1166 73
1167 55
1168 71
1169 99
1170 34
1171 88
1172 53
1173 129
1174 95
1175 68
1176 80
1177 113
1178 84
1179 129
1180 58
1181 36
1182 100
1183 98
1184 128
1185 116
1186 83
1187 116
1188 52
1189 85
1190 61
1191 111
1192 45
1193 118
1194 87
1195 108
1196 52
1197 94
1198 98
1199 65
1200 73
1201 91
1202 126
1203 38
1204 118
1205 99
1206 100
1207 123
1208 40
1209 97
1210 90
1211 93
1212 88
1213 112
1214 121
1215 124
1216 46
1217 96
1218 78
1219 91
1220 92
1221 43
1222 81
1223 82
1224 126
1225 58
1226 115
1227 104
1228 79
1229 98
1230 74
1231 116
1232 104
1233 75
1234 71
1235 75
1236 84
1237 76
1238 43
1239 99
1240 122
1241 71
1242 111
1243 97
1244 73
1245 87
1246 48
1247 86
1248 53
1249 70
1250 70
1251 62
1252 121
1253 55
1254 41
1255 91
1256 99
1257 79
1258 95
1259 67
1260 76
1261 59
1262 100
1263 67
1264 71
1265 102
1266 83
1267 70
1268 124
1269 105
1270 58
1271 34
1272 92
1273 80
1274 121
1275 70
1276 95
1277 44
1278 98
1279 88
1280 97
1281 74
1282 111
1283 70
1284 75
1285 95
1286 91
1287 67
1288 71
1289 51
1290 76
1291 107
1292 66
1293 94
1294 61
1295 50
1296 76
1297 93
1298 81
1299 74
1300 109
1301 110
1302 63
1303 37
1304 73
1305 80
1306 92
1307 79
1308 98
1309 50
1310 45
1311 75
1312 129
1313 110
1314 116
1315 104
1316 70
1317 70
1318 112
1319 69
1320 108
1321 87
1322 93
1323 105
1324 85
1325 93
1326 96
1327 57
1328 84
1329 64
1330 90
1331 111
1332 121
1333 55
1334 57
1335 121
1336 70
1337 60
1338 64
1339 73
1340 110
1341 79
1342 73
1343 65
1344 104
1345 48
1346 70
1347 123
1348 85
1349 50
1350 101
1351 121
1352 103
1353 86
1354 43
1355 111
1356 56
1357 71
1358 82
1359 107
1360 109
1361 106
1362 72
1363 114
1364 78
1365 115
1366 113
1367 125
1368 44
1369 67
1370 37
1371 34
1372 74
1373 45
1374 74
1375 113
1376 94
1377 99
1378 90
1379 93
1380 108
1381 92
1382 94
1383 121
1384 67
1385 77
1386 75
1387 87
1388 83
1389 53
1390 74
1391 57
1392 79
1393 83
1394 104
1395 76
1396 126
1397 96
1398 124
1399 83
1400 64
1401 92
1402 125
1403 74
1404 76
1405 126
1406 64
1407 85
1408 113
1409 42
1410 78
1411 106
1412 80
1413 99
1414 39
1415 74
1416 86
1417 44
1418 104
1419 98
1420 105
1421 122
1422 76
1423 91
1424 129
1425 63
1426 67
1427 62
1428 129
1429 64
1430 116
1431 76
1432 97
1433 88
1434 69
1435 89
1436 85
1437 94
1438 119
1439 90
1440 71
1441 55
1442 98
1443 115
1444 106
1445 113
1446 56
1447 116
1448 92
1449 35
1450 124
1451 112
1452 119
1453 101
1454 127
1455 48
1456 67
1457 120
1458 122
1459 69
1460 38
1461 79
1462 104
1463 101
1464 109
1465 54
1466 81
1467 64
1468 111
1469 54
1470 61
1471 107
1472 57
1473 64
1474 102
1475 94
1476 99
1477 90
1478 54
1479 111
1480 95
1481 127
1482 46
1483 86
1484 114
1485 119
1486 73
1487 55
1488 42
1489 117
1490 68
1491 121
1492 124
1493 116
1494 60
1495 72
1496 63
1497 52
1498 43
1499 113
1500 97
1501 116
1502 101
1503 114
1504 65
1505 54
1506 103
1507 90
1508 96
1509 86
1510 69
1511 112
1512 112
1513 118
1514 51
1515 32
1516 48
1517 117
1518 70
1519 76
1520 113
1521 81
1522 88
1523 115
1524 66
1525 96
1526 86
1527 72
1528 46
1529 55
1530 78
1531 117
1532 89
1533 37
1534 91
1535 116
1536 73
1537 62
1538 93
1539 106
1540 59
1541 94
1542 60
1543 73
1544 113
1545 87
1546 82
1547 82
1548 127
1549 81
1550 54
1551 112
1552 35
1553 50
1554 110
1555 103
1556 123
1557 115
1558 96
1559 77
1560 71
1561 60
1562 127
1563 67
1564 120
1565 50
1566 129
1567 74
1568 69
1569 129
1570 105
1571 73
1572 68
1573 95
1574 89
1575 58
1576 75
1577 85
1578 58
1579 43
1580 78
1581 64
1582 95
1583 88
1584 69
1585 114
1586 93
1587 124
1588 121
1589 82
1590 91
1591 86
1592 93
1593 113
1594 57
1595 69
1596 83
1597 67
1598 73
1599 129
1600 77
;
param nested_lowerbound := 
1 1
2 30
3 47
4 63
5 107
6 171
7 184
8 252
9 289
10 340
11 422
12 455
13 497
14 530
15 558
16 562
17 630
18 673
19 692
20 694
21 700
22 704
23 795
24 807
25 848
26 900
27 906
28 945
29 978
30 1042
31 1055
32 1162
33 1232
34 1262
35 1295
36 1303
37 1322
38 1398
39 1461
40 1515
41 1536
42 1561
43 1593
44 1692
45 1696
46 1737
47 1787
48 1802
49 1852
50 1928
51 1963
52 1985
53 2045
54 2070
55 2082
56 2117
57 2179
58 2244
59 2299
60 2369
61 2411
62 2431
63 2520
64 2584
65 2642
66 2735
67 2777
68 2789
69 2805
70 2814
71 2866
72 2931
73 2932
74 3051
75 3106
76 3108
77 3166
78 3173
79 3218
80 3220
81 3244
82 3262
83 3272
84 3306
85 3309
86 3389
87 3457
88 3506
89 3556
90 3622
91 3669
92 3737
93 3775
94 3816
95 3833
96 3893
97 3904
98 3957
99 4000
100 4091
101 4174
102 4181
103 4208
104 4263
105 4312
106 4313
107 4373
108 4416
109 4436
110 4453
111 4460
112 4533
113 4613
114 4645
115 4721
116 4762
117 4823
118 4845
119 4860
120 4920
121 4921
122 4967
123 4973
124 5032
125 5099
126 5169
127 5202
128 5228
129 5293
130 5318
131 5348
132 5451
133 5465
134 5499
135 5574
136 5608
137 5616
138 5656
139 5719
140 5809
141 5827
142 5890
143 5924
144 5961
145 6009
146 6057
147 6059
148 6126
149 6240
150 6292
151 6309
152 6331
153 6334
154 6340
155 6384
156 6388
157 6461
158 6519
159 6555
160 6642
161 6683
162 6684
163 6749
164 6780
165 6784
166 6826
167 6852
168 6891
169 6925
170 6969
171 7008
172 7028
173 7114
174 7138
175 7169
176 7242
177 7246
178 7326
179 7412
180 7426
181 7428
182 7505
183 7564
184 7588
185 7599
186 7600
187 7624
188 7669
189 7722
190 7729
191 7738
192 7762
193 7793
194 7847
195 7867
196 7950
197 7970
198 8051
199 8131
200 8180
201 8243
202 8286
203 8341
204 8373
205 8455
206 8464
207 8502
208 8514
209 8578
210 8650
211 8693
212 8704
213 8740
214 8784
215 8832
216 8875
217 8924
218 8959
219 9027
220 9082
221 9095
222 9153
223 9212
224 9265
225 9270
226 9275
227 9332
228 9342
229 9345
230 9345
231 9412
232 9475
233 9486
234 9597
235 9621
236 9633
237 9691
238 9782
239 9790
240 9818
241 9894
242 10006
243 10058
244 10088
245 10107
246 10159
247 10252
248 10252
249 10344
250 10353
251 10439
252 10492
253 10547
254 10612
255 10628
256 10640
257 10706
258 10735
259 10802
260 10845
261 10895
262 10940
263 11019
264 11111
265 11154
266 11207
267 11220
268 11270
269 11319
270 11362
271 11390
272 11406
273 11429
274 11490
275 11556
276 11578
277 11618
278 11639
279 11661
280 11719
281 11749
282 11806
283 11813
284 11865
285 11933
286 11952
287 12022
288 12023
289 12070
290 12073
291 12115
292 12116
293 12175
294 12187
295 12233
296 12265
297 12319
298 12402
299 12472
300 12477
301 12488
302 12547
303 12593
304 12625
305 12634
306 12714
307 12728
308 12763
309 12784
310 12808
311 12871
312 12960
313 12981
314 12995
315 13031
316 13080
317 13087
318 13088
319 13163
320 13241
321 13335
322 13399
323 13415
324 13465
325 13548
326 13577
327 13619
328 13640
329 13664
330 13731
331 13747
332 13751
333 13759
334 13856
335 13859
336 13878
337 13942
338 13985
339 14025
340 14025
341 14042
342 14045
343 14095
344 14156
345 14218
346 14283
347 14358
348 14404
349 14445
350 14451
351 14498
352 14505
353 14597
354 14613
355 14649
356 14715
357 14718
358 14740
359 14769
360 14809
361 14813
362 14853
363 14920
364 15018
365 15069
366 15142
367 15212
368 15246
369 15252
370 15328
371 15376
372 15421
373 15426
374 15456
375 15489
376 15529
377 15557
378 15596
379 15627
380 15663
381 15746
382 15776
383 15780
384 15795
385 15830
386 15910
387 15968
388 15970
389 15990
390 16008
391 16093
392 16199
393 16298
394 16328
395 16408
396 16447
397 16477
398 16521
399 16610
400 16633
401 16660
402 16721
403 16807
404 16857
405 16878
406 16902
407 16903
408 16971
409 17026
410 17038
411 17048
412 17052
413 17081
414 17140
415 17174
416 17223
417 17276
418 17306
419 17334
420 17357
421 17429
422 17514
423 17594
424 17629
425 17718
426 17721
427 17806
428 17871
429 17925
430 17965
431 17970
432 18028
433 18061
434 18156
435 18161
436 18179
437 18183
438 18200
439 18206
440 18232
441 18233
442 18234
443 18309
444 18310
445 18373
446 18390
447 18393
448 18403
449 18475
450 18501
451 18516
452 18547
453 18589
454 18642
455 18719
456 18760
457 18773
458 18837
459 18883
460 18992
461 18993
462 19056
463 19069
464 19078
465 19090
466 19147
467 19224
468 19246
469 19269
470 19322
471 19324
472 19343
473 19370
474 19443
475 19464
476 19552
477 19571
478 19631
479 19635
480 19644
481 19680
482 19683
483 19693
484 19763
485 19778
486 19790
487 19846
488 19907
489 19943
490 20010
491 20042
492 20051
493 20126
494 20131
495 20132
496 20189
497 20215
498 20292
499 20335
500 20376
501 20452
502 20499
503 20524
504 20539
505 20583
506 20618
507 20700
508 20792
509 20812
510 20893
511 20960
512 21021
513 21036
514 21044
515 21087
516 21126
517 21135
518 21154
519 21159
520 21188
521 21216
522 21308
523 21337
524 21371
525 21433
526 21459
527 21491
528 21590
529 22086
530 21622
531 21698
532 21743
533 21803
534 21854
535 21860
536 21938
537 21950
538 21956
539 21988
540 22017
541 22052
542 22061
543 22128
544 22185
545 22258
546 22309
547 22322
548 22326
549 22342
550 22391
551 22460
552 22514
553 22522
554 22558
555 22598
556 22695
557 22752
558 22764
559 22800
560 22816
561 22854
562 22889
563 22957
564 22980
565 22990
566 23047
567 23077
568 23089
569 23123
570 23124
571 23156
572 23175
573 23238
574 23285
575 23320
576 23364
577 23383
578 23489
579 23514
580 23600
581 23645
582 23690
583 23723
584 23747
585 23823
586 23856
587 23875
588 23937
589 23960
590 23962
591 24041
592 24077
593 24122
594 24201
595 24241
596 24276
597 24330
598 24444
599 24510
600 24527
601 24575
602 24603
603 24655
604 24733
605 24775
606 24784
607 24790
608 24877
609 24887
610 24916
611 24950
612 25044
613 25100
614 25193
615 25226
616 25252
617 25268
618 25350
619 25446
620 25460
621 25508
622 25564
623 25641
624 25730
625 25786
626 25853
627 25892
628 25921
629 25945
630 26024
631 26050
632 26086
633 26112
634 26120
635 26140
636 26201
637 26244
638 26251
639 26263
640 26271
641 26336
642 26407
643 26487
644 26529
645 26536
646 26598
647 26659
648 26782
649 26820
650 26933
651 26934
652 26948
653 26985
654 27011
655 27042
656 27120
657 27204
658 27279
659 27389
660 27398
661 27445
662 27522
663 27533
664 27574
665 27594
666 27614
667 27693
668 27732
669 27820
670 27835
671 27892
672 27936
673 27944
674 28030
675 28082
676 28123
677 28231
678 28244
679 28342
680 28363
681 28367
682 28403
683 28403
684 28429
685 28472
686 28478
687 28523
688 28610
689 28620
690 28706
691 28795
692 28802
693 28807
694 28882
695 28927
696 28993
697 29049
698 29079
699 29116
700 29122
701 29188
702 29202
703 29289
704 29293
705 29319
706 29371
707 29394
708 29430
709 29511
710 29542
711 29627
712 29651
713 29697
714 29707
715 29770
716 29775
717 29783
718 29799
719 29832
720 29922
721 29959
722 29969
723 29971
724 29992
725 30055
726 30120
727 30166
728 30207
729 30210
730 30237
731 30259
732 30365
733 30419
734 30469
735 30522
736 30557
737 30601
738 30610
739 30654
740 30661
741 30694
742 30705
743 30800
744 30866
745 30904
746 30927
747 30954
748 30972
749 31009
750 31066
751 31103
752 31111
753 31176
754 31222
755 31265
756 31310
757 31325
758 31354
759 31380
760 31461
761 31514
762 31584
763 31655
764 31725
765 31729
766 31736
767 31750
768 31851
769 31921
770 31946
771 31985
772 32021
773 32058
774 32114
775 32148
776 32167
777 32188
778 32254
779 32342
780 32355
781 32355
782 32374
783 32409
784 32423
785 32439
786 32493
787 32555
788 32620
789 32651
790 32735
791 32745
792 32844
793 32940
794 32948
795 32983
796 33021
797 33046
798 33066
799 33155
800 33192
801 33262
802 33319
803 33322
804 33395
805 33454
806 33538
807 33619
808 33679
809 33737
810 33787
811 33895
812 33919
813 33959
814 34051
815 34103
816 34193
817 34242
818 34246
819 34340
820 34423
821 34446
822 34468
823 34509
824 34588
825 34678
826 34736
827 34823
828 34830
829 34848
830 34886
831 34902
832 34920
833 34970
834 34978
835 35049
836 35061
837 35101
838 35140
839 35229
840 35283
841 35343
842 35359
843 35419
844 35428
845 35444
846 35490
847 35538
848 35586
849 35598
850 35653
851 35672
852 35731
853 35794
854 35849
855 35902
856 35914
857 35973
858 36067
859 36188
860 36264
861 36269
862 36288
863 36379
864 36432
865 36488
866 36498
867 36498
868 36503
869 36531
870 36539
871 36539
872 36561
873 36606
874 36665
875 36752
876 36840
877 36888
878 36900
879 36937
880 36974
881 37013
882 37108
883 37115
884 37130
885 37161
886 37243
887 37261
888 37266
889 37340
890 37463
891 37547
892 37552
893 37623
894 37655
895 37726
896 37785
897 37788
898 37819
899 37874
900 37926
901 38025
902 38095
903 38112
904 38139
905 38187
906 38194
907 38272
908 38284
909 38334
910 38386
911 38487
912 38545
913 38644
914 38683
915 38768
916 38794
917 38903
918 38973
919 39036
920 39072
921 39143
922 39212
923 39262
924 39344
925 39404
926 39445
927 39491
928 39536
929 39538
930 39556
931 39622
932 39725
933 39782
934 39828
935 39881
936 39916
937 39966
938 40002
939 40033
940 40066
941 40125
942 40199
943 40213
944 40278
945 40283
946 40316
947 40327
948 40357
949 40447
950 40477
951 40568
952 40664
953 40684
954 40734
955 40765
956 40778
957 40805
958 40907
959 40975
960 41039
961 41084
962 41117
963 41143
964 41244
965 41271
966 41329
967 41347
968 41410
969 41449
970 41522
971 41540
972 41589
973 41652
974 41687
975 41737
976 41796
977 41854
978 41898
979 41946
980 41988
981 42061
982 42105
983 42120
984 42198
985 42266
986 42307
987 42334
988 42421
989 42441
990 42457
991 42511
992 42528
993 42591
994 42597
995 42616
996 42662
997 42694
998 42728
999 42779
1000 42835
1001 42868
1002 42901
1003 42977
1004 43069
1005 43100
1006 43140
1007 43156
1008 43174
1009 43189
1010 43231
1011 43249
1012 43335
1013 43430
1014 43490
1015 43523
1016 43546
1017 43616
1018 43633
1019 43668
1020 43718
1021 43818
1022 43855
1023 43879
1024 43911
1025 44010
1026 44016
1027 44106
1028 44108
1029 44174
1030 44216
1031 44241
1032 44291
1033 44372
1034 44377
1035 44432
1036 44494
1037 44547
1038 44621
1039 44735
1040 44745
1041 44761
1042 44810
1043 44900
1044 45001
1045 45061
1046 45128
1047 45164
1048 45210
1049 45236
1050 45264
1051 45329
1052 45357
1053 45426
1054 45498
1055 45502
1056 45602
1057 45611
1058 45616
1059 45671
1060 45760
1061 45789
1062 45797
1063 45833
1064 45880
1065 45881
1066 45894
1067 45930
1068 45994
1069 46051
1070 46098
1071 46102
1072 46109
1073 46147
1074 46213
1075 46260
1076 46322
1077 46335
1078 46347
1079 46355
1080 46384
1081 46418
1082 46497
1083 46578
1084 46667
1085 46721
1086 46791
1087 46828
1088 46927
1089 47027
1090 47041
1091 47061
1092 47086
1093 47087
1094 47127
1095 47164
1096 47166
1097 47168
1098 47203
1099 47287
1100 47335
1101 47360
1102 47422
1103 47492
1104 47503
1105 47588
1106 47661
1107 47663
1108 47715
1109 47748
1110 47825
1111 47832
1112 47848
1113 47863
1114 47926
1115 47936
1116 47992
1117 48051
1118 48063
1119 48078
1120 48123
1121 48156
1122 48162
1123 48187
1124 48224
1125 48283
1126 48290
1127 48321
1128 48336
1129 48346
1130 48346
1131 48420
1132 48423
1133 48488
1134 48556
1135 48598
1136 48670
1137 48685
1138 48761
1139 48795
1140 48817
1141 48837
1142 48851
1143 48872
1144 48930
1145 48958
1146 48989
1147 49022
1148 49075
1149 49124
1150 49195
1151 49208
1152 49216
1153 49260
1154 49302
1155 49313
1156 49393
1157 49419
1158 49446
1159 49525
1160 49585
1161 49607
1162 49672
1163 49674
1164 49731
1165 49765
1166 49766
1167 49796
1168 49830
1169 49874
1170 49907
1171 49934
1172 49938
1173 49976
1174 50022
1175 50055
1176 50116
1177 50222
1178 50277
1179 50369
1180 50403
1181 50426
1182 50434
1183 50505
1184 50600
1185 50609
1186 50616
1187 50683
1188 50700
1189 50720
1190 50769
1191 50856
1192 50895
1193 51002
1194 51049
1195 51155
1196 51168
1197 51197
1198 51214
1199 51219
1200 51285
1201 51373
1202 51469
1203 51496
1204 51548
1205 51625
1206 51724
1207 51759
1208 51792
1209 51885
1210 51896
1211 51931
1212 51938
1213 52046
1214 52114
1215 52180
1216 52182
1217 52216
1218 52261
1219 52309
1220 52328
1221 52348
1222 52402
1223 52477
1224 52480
1225 52523
1226 52589
1227 52684
1228 52703
1229 52761
1230 52835
1231 52929
1232 52991
1233 53002
1234 53071
1235 53084
1236 53124
1237 53149
1238 53186
1239 53264
1240 53278
1241 53288
1242 53355
1243 53381
1244 53396
1245 53437
1246 53459
1247 53468
1248 53509
1249 53572
1250 53639
1251 53656
1252 53743
1253 53757
1254 53796
1255 53841
1256 53848
1257 53850
1258 53921
1259 53944
1260 54016
1261 54050
1262 54115
1263 54159
1264 54214
1265 54233
1266 54285
1267 54330
1268 54368
1269 54377
1270 54411
1271 54443
1272 54495
1273 54570
1274 54666
1275 54698
1276 54755
1277 54792
1278 54813
1279 54849
1280 54851
1281 54868
1282 54966
1283 54989
1284 55009
1285 55088
1286 55143
1287 55204
1288 55226
1289 55235
1290 55276
1291 55322
1292 55354
1293 55375
1294 55410
1295 55457
1296 55532
1297 55588
1298 55619
1299 55676
1300 55769
1301 55787
1302 55825
1303 55841
1304 55868
1305 55924
1306 55990
1307 56057
1308 56137
1309 56159
1310 56179
1311 56202
1312 56247
1313 56297
1314 56360
1315 56365
1316 56402
1317 56469
1318 56537
1319 56599
1320 56651
1321 56683
1322 56709
1323 56760
1324 56824
1325 56880
1326 56939
1327 56950
1328 57001
1329 57048
1330 57130
1331 57195
1332 57316
1333 57330
1334 57386
1335 57395
1336 57451
1337 57473
1338 57523
1339 57532
1340 57605
1341 57620
1342 57623
1343 57632
1344 57714
1345 57753
1346 57807
1347 57930
1348 57981
1349 58002
1350 58054
1351 58133
1352 58216
1353 58299
1354 58307
1355 58359
1356 58390
1357 58424
1358 58506
1359 58517
1360 58588
1361 58621
1362 58693
1363 58711
1364 58787
1365 58833
1366 58939
1367 59044
1368 59068
1369 59095
1370 59124
1371 59139
1372 59204
1373 59243
1374 59300
1375 59312
1376 59326
1377 59330
1378 59404
1379 59413
1380 59467
1381 59547
1382 59554
1383 59571
1384 59599
1385 59664
1386 59695
1387 59759
1388 59773
1389 59799
1390 59848
1391 59894
1392 59930
1393 59954
1394 60024
1395 60054
1396 60070
1397 60118
1398 60207
1399 60240
1400 60291
1401 60333
1402 60388
1403 60451
1404 60457
1405 60524
1406 60584
1407 60631
1408 60638
1409 60642
1410 60712
1411 60793
1412 60829
1413 60908
1414 60912
1415 60949
1416 61034
1417 61067
1418 61107
1419 61174
1420 61216
1421 61293
1422 61310
1423 61393
1424 61420
1425 61423
1426 61433
1427 61493
1428 61569
1429 61579
1430 61692
1431 61693
1432 61737
1433 61805
1434 61834
1435 61856
1436 61908
1437 61957
1438 62024
1439 62066
1440 62084
1441 62096
1442 62132
1443 62215
1444 62259
1445 62269
1446 62321
1447 62349
1448 62358
1449 62380
1450 62440
1451 62545
1452 62565
1453 62604
1454 62645
1455 62666
1456 62683
1457 62752
1458 62849
1459 62883
1460 62890
1461 62961
1462 62999
1463 63003
1464 63095
1465 63119
1466 63158
1467 63174
1468 63209
1469 63245
1470 63268
1471 63327
1472 63368
1473 63372
1474 63407
1475 63441
1476 63475
1477 63541
1478 63543
1479 63629
1480 63683
1481 63717
1482 63749
1483 63826
1484 63936
1485 63968
1486 64014
1487 64025
1488 64054
1489 64132
1490 64139
1491 64169
1492 64245
1493 64335
1494 64363
1495 64412
1496 64425
1497 64446
1498 64467
1499 64481
1500 64575
1501 64666
1502 64747
1503 64834
1504 64892
1505 64942
1506 64960
1507 64993
1508 65025
1509 65086
1510 65087
1511 65113
1512 65140
1513 65254
1514 65265
1515 65275
1516 65302
1517 65321
1518 65346
1519 65369
1520 65415
1521 65452
1522 65515
1523 65622
1524 65626
1525 65670
1526 65742
1527 65744
1528 65756
1529 65792
1530 65824
1531 65905
1532 65914
1533 65935
1534 66003
1535 66054
1536 66078
1537 66082
1538 66104
1539 66108
1540 66131
1541 66151
1542 66170
1543 66224
1544 66327
1545 66398
1546 66414
1547 66461
1548 66579
1549 66618
1550 66671
1551 66718
1552 66750
1553 66785
1554 66804
1555 66903
1556 66908
1557 66971
1558 67043
1559 67069
1560 67070
1561 67112
1562 67114
1563 67149
1564 67236
1565 67286
1566 67322
1567 67368
1568 67412
1569 67418
1570 67490
1571 67527
1572 67541
1573 67544
1574 67549
1575 67589
1576 67664
1577 67748
1578 67779
1579 67781
1580 67847
1581 67878
1582 67890
1583 67896
1584 67897
1585 67902
1586 67969
1587 68065
1588 68081
1589 68148
1590 68153
1591 68173
1592 68222
1593 68300
1594 68345
1595 68365
1596 68375
1597 68408
1598 68442
1599 68489
1600 69273
;
param nested_upperbound := 
1 27
2 33
3 49
4 109
5 196
6 214
7 268
8 274
9 297
10 379
11 450
12 460
13 510
14 554
15 570
16 632
17 640
18 718
19 770
20 803
21 805
22 824
23 868
24 876
25 906
26 927
27 932
28 996
29 1008
30 1070
31 1084
32 1163
33 1239
34 1299
35 1344
36 1399
37 1400
38 1497
39 1557
40 1570
41 1589
42 1611
43 1719
44 1775
45 1858
46 1907
47 1980
48 2035
49 2081
50 2127
51 2164
52 2170
53 2232
54 2252
55 2340
56 2343
57 2353
58 2398
59 2440
60 2488
61 2540
62 2616
63 2671
64 2706
65 2735
66 2745
67 2787
68 2793
69 2860
70 2890
71 2968
72 3013
73 3034
74 3071
75 3178
76 3181
77 3258
78 3277
79 3307
80 3360
81 3368
82 3392
83 3469
84 3526
85 3650
86 3663
87 3719
88 3740
89 3756
90 3845
91 3876
92 3880
93 3914
94 3955
95 3986
96 4071
97 4118
98 4211
99 4275
100 4355
101 4364
102 4374
103 4425
104 4437
105 4446
106 4450
107 4472
108 4495
109 4515
110 4592
111 4595
112 4626
113 4633
114 4734
115 4772
116 4796
117 4885
118 4898
119 4909
120 4986
121 5003
122 5018
123 5049
124 5136
125 5154
126 5226
127 5264
128 5282
129 5303
130 5384
131 5433
132 5521
133 5529
134 5581
135 5605
136 5702
137 5751
138 5766
139 5806
140 5848
141 5870
142 5945
143 5998
144 6065
145 6107
146 6155
147 6179
148 6274
149 6292
150 6347
151 6364
152 6442
153 6475
154 6481
155 6542
156 6640
157 6655
158 6690
159 6711
160 6811
161 6847
162 6861
163 6878
164 6905
165 6963
166 6991
167 6991
168 7009
169 7121
170 7173
171 7240
172 7311
173 7324
174 7325
175 7366
176 7390
177 7395
178 7451
179 7547
180 7555
181 7567
182 7614
183 7684
184 7704
185 7730
186 7756
187 7802
188 7817
189 7833
190 7864
191 7885
192 7928
193 7958
194 8017
195 8032
196 8051
197 8083
198 8106
199 8159
200 8183
201 8284
202 8323
203 8397
204 8444
205 8510
206 8537
207 8573
208 8584
209 8667
210 8689
211 8696
212 8711
213 8756
214 8812
215 8834
216 8881
217 8926
218 8975
219 9063
220 9095
221 9164
222 9172
223 9248
224 9287
225 9321
226 9348
227 9359
228 9371
229 9418
230 9433
231 9461
232 9481
233 9528
234 9610
235 9635
236 9681
237 9753
238 9846
239 9854
240 9946
241 10022
242 10051
243 10083
244 10093
245 10154
246 10184
247 10275
248 10335
249 10355
250 10451
251 10497
252 10524
253 10599
254 10645
255 10675
256 10699
257 10741
258 10758
259 10820
260 10868
261 10908
262 10980
263 11077
264 11112
265 11176
266 11227
267 11247
268 11299
269 11326
270 11362
271 11397
272 11425
273 11456
274 11546
275 11584
276 11585
277 11656
278 11696
279 11698
280 11732
281 11784
282 11856
283 11883
284 11919
285 12013
286 12056
287 12061
288 12074
289 12098
290 12201
291 12268
292 12276
293 12284
294 12306
295 12337
296 12401
297 12436
298 12499
299 12531
300 12616
301 12618
302 12711
303 12716
304 12747
305 12771
306 12773
307 12803
308 12813
309 12890
310 12956
311 12978
312 12992
313 13041
314 13068
315 13090
316 13139
317 13150
318 13203
319 13282
320 13345
321 13429
322 13515
323 13542
324 13611
325 13620
326 13693
327 13715
328 13716
329 13731
330 13775
331 13812
332 13813
333 13818
334 13904
335 13991
336 14018
337 14036
338 14122
339 14192
340 14272
341 14296
342 14333
343 14416
344 14440
345 14457
346 14462
347 14528
348 14596
349 14684
350 14708
351 14756
352 14772
353 14798
354 14806
355 14894
356 14901
357 14961
358 15038
359 15042
360 15090
361 15112
362 15133
363 15191
364 15269
365 15301
366 15415
367 15467
368 15502
369 15514
370 15591
371 15701
372 15724
373 15732
374 15833
375 15836
376 15883
377 15886
378 16009
379 16021
380 16061
381 16127
382 16141
383 16150
384 16152
385 16197
386 16220
387 16308
388 16365
389 16483
390 16499
391 16572
392 16574
393 16644
394 16647
395 16760
396 16796
397 16845
398 16915
399 16965
400 16970
401 16982
402 17054
403 17129
404 17192
405 17288
406 17380
407 17386
408 17431
409 17465
410 17515
411 17523
412 17549
413 17640
414 17658
415 17756
416 17805
417 17818
418 17840
419 17889
420 17947
421 18023
422 18079
423 18086
424 18115
425 18136
426 18151
427 18174
428 18235
429 18329
430 18373
431 18392
432 18447
433 18536
434 18571
435 18572
436 18585
437 18614
438 18631
439 18698
440 18749
441 18797
442 18811
443 18849
444 18874
445 18936
446 18994
447 19056
448 19072
449 19164
450 19199
451 19274
452 19297
453 19305
454 19306
455 19410
456 19415
457 19458
458 19534
459 19555
460 19654
461 19682
462 19713
463 19726
464 19732
465 19735
466 19773
467 19776
468 19816
469 19833
470 19910
471 19938
472 19946
473 19951
474 20000
475 20026
476 20049
477 20078
478 20092
479 20127
480 20179
481 20198
482 20208
483 20278
484 20360
485 20395
486 20421
487 20425
488 20485
489 20533
490 20602
491 20656
492 20716
493 20723
494 20802
495 20810
496 20850
497 20873
498 20955
499 21006
500 21043
501 21069
502 21088
503 21094
504 21122
505 21141
506 21200
507 21278
508 21284
509 21368
510 21424
511 21488
512 21565
513 21632
514 21644
515 21711
516 21754
517 21755
518 21813
519 21833
520 21886
521 21908
522 21938
523 21944
524 21960
525 21998
526 22022
527 22027
528 22073
529 22086
530 22156
531 22187
532 22244
533 22314
534 22324
535 22381
536 22449
537 22538
538 22608
539 22635
540 22695
541 22713
542 22756
543 22772
544 22822
545 22890
546 22917
547 22918
548 22944
549 22997
550 23044
551 23134
552 23169
553 23229
554 23274
555 23277
556 23283
557 23364
558 23370
559 23414
560 23504
561 23590
562 23629
563 23704
564 23747
565 23752
566 23811
567 23825
568 23912
569 23982
570 24091
571 24099
572 24112
573 24175
574 24215
575 24254
576 24315
577 24404
578 24439
579 24510
580 24593
581 24700
582 24703
583 24741
584 24791
585 24853
586 24873
587 24951
588 24957
589 24962
590 24973
591 24981
592 24993
593 25028
594 25085
595 25103
596 25146
597 25221
598 25298
599 25405
600 25414
601 25420
602 25467
603 25486
604 25526
605 25555
606 25562
607 25630
608 25721
609 25765
610 25767
611 25815
612 25909
613 25995
614 26085
615 26158
616 26191
617 26200
618 26285
619 26356
620 26377
621 26390
622 26395
623 26406
624 26492
625 26538
626 26553
627 26603
628 26606
629 26654
630 26680
631 26729
632 26787
633 26832
634 26916
635 26934
636 26985
637 27017
638 27035
639 27038
640 27074
641 27121
642 27193
643 27195
644 27268
645 27270
646 27277
647 27343
648 27447
649 27456
650 27580
651 27662
652 27702
653 27738
654 27769
655 27776
656 27835
657 27903
658 27985
659 28034
660 28088
661 28110
662 28147
663 28207
664 28293
665 28356
666 28373
667 28395
668 28407
669 28424
670 28434
671 28494
672 28548
673 28615
674 28722
675 28737
676 28750
677 28840
678 28862
679 28942
680 28958
681 28991
682 29024
683 29036
684 29134
685 29137
686 29212
687 29221
688 29273
689 29301
690 29318
691 29321
692 29338
693 29354
694 29447
695 29484
696 29526
697 29600
698 29654
699 29676
700 29718
701 29745
702 29745
703 29847
704 29866
705 29948
706 29985
707 30048
708 30084
709 30162
710 30215
711 30329
712 30382
713 30389
714 30415
715 30478
716 30484
717 30485
718 30560
719 30621
720 30641
721 30711
722 30745
723 30794
724 30876
725 30906
726 30909
727 30931
728 30958
729 31057
730 31126
731 31176
732 31205
733 31314
734 31346
735 31353
736 31367
737 31420
738 31511
739 31530
740 31554
741 31576
742 31622
743 31688
744 31737
745 31755
746 31776
747 31803
748 31822
749 31841
750 31873
751 31915
752 31985
753 32035
754 32084
755 32157
756 32193
757 32209
758 32229
759 32254
760 32259
761 32327
762 32396
763 32474
764 32548
765 32675
766 32692
767 32743
768 32840
769 32881
770 32916
771 32919
772 33028
773 33029
774 33044
775 33112
776 33142
777 33178
778 33236
779 33312
780 33402
781 33436
782 33473
783 33483
784 33510
785 33542
786 33620
787 33629
788 33698
789 33736
790 33773
791 33799
792 33826
793 33847
794 33882
795 33941
796 33958
797 33974
798 33992
799 34038
800 34095
801 34145
802 34168
803 34185
804 34219
805 34263
806 34346
807 34352
808 34426
809 34448
810 34484
811 34587
812 34590
813 34693
814 34704
815 34711
816 34811
817 34840
818 34919
819 34994
820 35074
821 35082
822 35083
823 35137
824 35181
825 35234
826 35305
827 35413
828 35473
829 35482
830 35548
831 35572
832 35607
833 35641
834 35665
835 35666
836 35674
837 35711
838 35818
839 35847
840 35908
841 35964
842 35973
843 35974
844 36042
845 36099
846 36180
847 36254
848 36349
849 36405
850 36431
851 36473
852 36503
853 36563
854 36625
855 36701
856 36729
857 36765
858 36852
859 36939
860 36993
861 37029
862 37079
863 37127
864 37208
865 37222
866 37292
867 37293
868 37301
869 37309
870 37328
871 37334
872 37361
873 37449
874 37475
875 37577
876 37653
877 37657
878 37687
879 37722
880 37761
881 37865
882 37905
883 37951
884 37960
885 38009
886 38025
887 38043
888 38074
889 38097
890 38213
891 38223
892 38226
893 38296
894 38321
895 38361
896 38397
897 38423
898 38446
899 38464
900 38499
901 38577
902 38644
903 38655
904 38685
905 38731
906 38767
907 38776
908 38790
909 38836
910 38859
911 38900
912 38926
913 39002
914 39045
915 39084
916 39095
917 39135
918 39219
919 39279
920 39303
921 39331
922 39408
923 39434
924 39436
925 39490
926 39546
927 39656
928 39700
929 39760
930 39777
931 39838
932 39888
933 39934
934 39970
935 39998
936 40024
937 40076
938 40118
939 40142
940 40157
941 40187
942 40200
943 40239
944 40315
945 40333
946 40363
947 40436
948 40472
949 40496
950 40565
951 40571
952 40671
953 40687
954 40761
955 40833
956 40841
957 40927
958 41029
959 41116
960 41188
961 41191
962 41215
963 41259
964 41307
965 41362
966 41399
967 41435
968 41472
969 41551
970 41603
971 41642
972 41694
973 41735
974 41799
975 41903
976 41906
977 41976
978 42089
979 42177
980 42218
981 42279
982 42321
983 42347
984 42459
985 42477
986 42495
987 42521
988 42618
989 42652
990 42687
991 42713
992 42721
993 42723
994 42729
995 42733
996 42766
997 42768
998 42788
999 42807
1000 42872
1001 42877
1002 42964
1003 43040
1004 43098
1005 43131
1006 43154
1007 43177
1008 43231
1009 43260
1010 43265
1011 43322
1012 43402
1013 43432
1014 43499
1015 43525
1016 43547
1017 43634
1018 43683
1019 43755
1020 43757
1021 43818
1022 43869
1023 43908
1024 43953
1025 44044
1026 44098
1027 44200
1028 44206
1029 44212
1030 44292
1031 44304
1032 44383
1033 44403
1034 44443
1035 44506
1036 44590
1037 44710
1038 44813
1039 44865
1040 44941
1041 45003
1042 45051
1043 45082
1044 45122
1045 45133
1046 45208
1047 45226
1048 45267
1049 45318
1050 45333
1051 45340
1052 45366
1053 45452
1054 45540
1055 45630
1056 45718
1057 45760
1058 45806
1059 45825
1060 45891
1061 45926
1062 45938
1063 46009
1064 46052
1065 46084
1066 46139
1067 46200
1068 46216
1069 46227
1070 46298
1071 46376
1072 46494
1073 46496
1074 46526
1075 46577
1076 46648
1077 46654
1078 46656
1079 46724
1080 46766
1081 46779
1082 46823
1083 46873
1084 46889
1085 46949
1086 47015
1087 47055
1088 47076
1089 47125
1090 47150
1091 47158
1092 47185
1093 47232
1094 47320
1095 47337
1096 47402
1097 47428
1098 47477
1099 47553
1100 47573
1101 47614
1102 47664
1103 47694
1104 47706
1105 47725
1106 47733
1107 47746
1108 47811
1109 47836
1110 47883
1111 47938
1112 47964
1113 47973
1114 48040
1115 48056
1116 48125
1117 48164
1118 48178
1119 48200
1120 48235
1121 48254
1122 48289
1123 48296
1124 48386
1125 48446
1126 48484
1127 48514
1128 48562
1129 48565
1130 48629
1131 48689
1132 48690
1133 48740
1134 48810
1135 48903
1136 48907
1137 48958
1138 48971
1139 48974
1140 48977
1141 49028
1142 49040
1143 49040
1144 49124
1145 49144
1146 49153
1147 49197
1148 49258
1149 49278
1150 49319
1151 49352
1152 49420
1153 49483
1154 49556
1155 49571
1156 49587
1157 49609
1158 49623
1159 49641
1160 49715
1161 49735
1162 49782
1163 49829
1164 49899
1165 49982
1166 50024
1167 50073
1168 50085
1169 50182
1170 50206
1171 50279
1172 50324
1173 50372
1174 50374
1175 50402
1176 50431
1177 50446
1178 50502
1179 50548
1180 50580
1181 50603
1182 50621
1183 50625
1184 50686
1185 50736
1186 50741
1187 50789
1188 50838
1189 50876
1190 50886
1191 50961
1192 50988
1193 51071
1194 51107
1195 51177
1196 51197
1197 51253
1198 51265
1199 51277
1200 51334
1201 51422
1202 51488
1203 51522
1204 51618
1205 51713
1206 51757
1207 51843
1208 51855
1209 51887
1210 51904
1211 51942
1212 51994
1213 52098
1214 52147
1215 52263
1216 52270
1217 52326
1218 52328
1219 52336
1220 52341
1221 52376
1222 52412
1223 52482
1224 52572
1225 52589
1226 52679
1227 52699
1228 52750
1229 52810
1230 52875
1231 52945
1232 53004
1233 53062
1234 53109
1235 53150
1236 53187
1237 53217
1238 53257
1239 53273
1240 53352
1241 53397
1242 53415
1243 53477
1244 53524
1245 53570
1246 53604
1247 53673
1248 53725
1249 53787
1250 53789
1251 53807
1252 53860
1253 53877
1254 53894
1255 53931
1256 53946
1257 53952
1258 53990
1259 54049
1260 54098
1261 54121
1262 54186
1263 54218
1264 54242
1265 54322
1266 54326
1267 54351
1268 54442
1269 54536
1270 54557
1271 54564
1272 54606
1273 54667
1274 54768
1275 54833
1276 54921
1277 54940
1278 54955
1279 54996
1280 55082
1281 55137
1282 55151
1283 55189
1284 55238
1285 55242
1286 55312
1287 55378
1288 55412
1289 55448
1290 55490
1291 55567
1292 55591
1293 55648
1294 55666
1295 55678
1296 55706
1297 55770
1298 55826
1299 55873
1300 55903
1301 55959
1302 55989
1303 56003
1304 56072
1305 56092
1306 56095
1307 56118
1308 56195
1309 56234
1310 56257
1311 56272
1312 56344
1313 56402
1314 56514
1315 56606
1316 56658
1317 56679
1318 56702
1319 56756
1320 56832
1321 56883
1322 56888
1323 56937
1324 56965
1325 57016
1326 57069
1327 57089
1328 57144
1329 57198
1330 57210
1331 57282
1332 57386
1333 57411
1334 57446
1335 57561
1336 57599
1337 57628
1338 57688
1339 57735
1340 57754
1341 57824
1342 57884
1343 57887
1344 57904
1345 57946
1346 57982
1347 58025
1348 58105
1349 58155
1350 58221
1351 58244
1352 58343
1353 58371
1354 58412
1355 58504
1356 58534
1357 58561
1358 58624
1359 58658
1360 58754
1361 58812
1362 58826
1363 58905
1364 58974
1365 58991
1366 59020
1367 59082
1368 59098
1369 59131
1370 59167
1371 59168
1372 59229
1373 59255
1374 59305
1375 59333
1376 59415
1377 59430
1378 59438
1379 59495
1380 59593
1381 59644
1382 59692
1383 59729
1384 59795
1385 59806
1386 59838
1387 59888
1388 59931
1389 59974
1390 60000
1391 60007
1392 60062
1393 60138
1394 60203
1395 60213
1396 60269
1397 60310
1398 60423
1399 60453
1400 60505
1401 60533
1402 60655
1403 60719
1404 60724
1405 60819
1406 60846
1407 60901
1408 60977
1409 60996
1410 61051
1411 61121
1412 61145
1413 61234
1414 61252
1415 61279
1416 61304
1417 61319
1418 61326
1419 61396
1420 61423
1421 61467
1422 61525
1423 61614
1424 61717
1425 61758
1426 61821
1427 61841
1428 61900
1429 61938
1430 61996
1431 62029
1432 62072
1433 62080
1434 62083
1435 62090
1436 62157
1437 62170
1438 62250
1439 62266
1440 62323
1441 62349
1442 62397
1443 62493
1444 62500
1445 62562
1446 62562
1447 62600
1448 62651
1449 62681
1450 62703
1451 62713
1452 62748
1453 62756
1454 62860
1455 62873
1456 62917
1457 62974
1458 63020
1459 63029
1460 63050
1461 63054
1462 63112
1463 63173
1464 63262
1465 63313
1466 63327
1467 63371
1468 63435
1469 63479
1470 63493
1471 63546
1472 63573
1473 63583
1474 63597
1475 63616
1476 63713
1477 63785
1478 63811
1479 63825
1480 63848
1481 63890
1482 63929
1483 63987
1484 64004
1485 64096
1486 64141
1487 64192
1488 64214
1489 64323
1490 64365
1491 64389
1492 64479
1493 64518
1494 64532
1495 64579
1496 64637
1497 64669
1498 64674
1499 64778
1500 64868
1501 64953
1502 65038
1503 65068
1504 65104
1505 65113
1506 65124
1507 65197
1508 65226
1509 65282
1510 65286
1511 65374
1512 65417
1513 65453
1514 65463
1515 65489
1516 65505
1517 65571
1518 65626
1519 65688
1520 65729
1521 65772
1522 65829
1523 65926
1524 65962
1525 65964
1526 66045
1527 66056
1528 66074
1529 66078
1530 66088
1531 66098
1532 66135
1533 66148
1534 66174
1535 66277
1536 66317
1537 66350
1538 66411
1539 66429
1540 66480
1541 66508
1542 66551
1543 66610
1544 66695
1545 66758
1546 66793
1547 66850
1548 66907
1549 66944
1550 66972
1551 66997
1552 67023
1553 67042
1554 67126
1555 67196
1556 67204
1557 67221
1558 67266
1559 67340
1560 67382
1561 67438
1562 67449
1563 67459
1564 67535
1565 67548
1566 67610
1567 67677
1568 67723
1569 67730
1570 67826
1571 67884
1572 67887
1573 67960
1574 67983
1575 68030
1576 68088
1577 68133
1578 68181
1579 68220
1580 68230
1581 68281
1582 68348
1583 68381
1584 68447
1585 68521
1586 68583
1587 68586
1588 68707
1589 68770
1590 68857
1591 68925
1592 68978
1593 68978
1594 69007
1595 69020
1596 69043
1597 69097
1598 69128
1599 69212
1600 69273
;
param cost_a := 
1 0.926991
2 0.930990
3 0.838903
4 0.210559
5 0.443338
6 0.276619
7 0.571485
8 0.486083
9 0.899192
10 0.050523
11 0.430829
12 0.430914
13 0.993700
14 0.959788
15 0.094915
16 0.808863
17 0.243382
18 0.079127
19 0.828788
20 0.655032
21 0.073377
22 0.160829
23 0.049210
24 0.558011
25 0.573430
26 0.598159
27 0.168731
28 0.011582
29 0.589615
30 0.282762
31 0.472682
32 0.498861
33 0.948752
34 0.714818
35 0.955447
36 0.761855
37 0.082221
38 0.436595
39 0.058986
40 0.593181
41 0.129331
42 0.165705
43 0.116913
44 0.464267
45 0.757657
46 0.903801
47 0.011550
48 0.375608
49 0.438698
50 0.789591
51 0.099228
52 0.479721
53 0.761972
54 0.551988
55 0.850696
56 0.286200
57 0.559114
58 0.099852
59 0.888859
60 0.610840
61 0.141782
62 0.059218
63 0.185180
64 0.877076
65 0.833153
66 0.937044
67 0.098903
68 0.918009
69 0.192512
70 0.052455
71 0.709874
72 0.061108
73 0.895914
74 0.432090
75 0.506105
76 0.005199
77 0.143133
78 0.515605
79 0.941286
80 0.820628
81 0.712080
82 0.760534
83 0.675335
84 0.318561
85 0.376599
86 0.072611
87 0.452672
88 0.044135
89 0.342042
90 0.418352
91 0.558242
92 0.250735
93 0.635213
94 0.001084
95 0.620425
96 0.408957
97 0.011307
98 0.999771
99 0.202818
100 0.093855
101 0.910129
102 0.081932
103 0.143480
104 0.477845
105 0.307408
106 0.707567
107 0.960574
108 0.134219
109 0.964224
110 0.640453
111 0.847450
112 0.427455
113 0.578535
114 0.076324
115 0.828060
116 0.431590
117 0.687546
118 0.384364
119 0.535204
120 0.076705
121 0.858104
122 0.639106
123 0.809438
124 0.076090
125 0.734559
126 0.894243
127 0.895614
128 0.132966
129 0.889488
130 0.518024
131 0.436830
132 0.965677
133 0.142414
134 0.871829
135 0.732194
136 0.824047
137 0.075128
138 0.169153
139 0.835170
140 0.397143
141 0.879449
142 0.501683
143 0.023331
144 0.333963
145 0.424230
146 0.762283
147 0.968255
148 0.013633
149 0.523147
150 0.531641
151 0.575844
152 0.710439
153 0.823286
154 0.925964
155 0.952740
156 0.901629
157 0.516769
158 0.927565
159 0.283592
160 0.162122
161 0.203628
162 0.838311
163 0.576780
164 0.880385
165 0.703882
166 0.207828
167 0.252827
168 0.913471
169 0.430229
170 0.894046
171 0.410036
172 0.276767
173 0.089996
174 0.813025
175 0.306042
176 0.035301
177 0.985981
178 0.428242
179 0.141781
180 0.728481
181 0.030529
182 0.116363
183 0.626004
184 0.918932
185 0.775661
186 0.227233
187 0.033801
188 0.808648
189 0.294329
190 0.930216
191 0.551710
192 0.311933
193 0.623802
194 0.807170
195 0.624831
196 0.514699
197 0.701957
198 0.614293
199 0.787979
200 0.083409
201 0.290698
202 0.690677
203 0.073233
204 0.914556
205 0.287961
206 0.140903
207 0.540393
208 0.136818
209 0.080750
210 0.162089
211 0.774632
212 0.493074
213 0.186351
214 0.722785
215 0.337315
216 0.138277
217 0.367380
218 0.231735
219 0.141241
220 0.991696
221 0.688507
222 0.858956
223 0.550700
224 0.978325
225 0.608727
226 0.789734
227 0.679588
228 0.784322
229 0.172718
230 0.904072
231 0.877407
232 0.135113
233 0.678346
234 0.179771
235 0.753352
236 0.082319
237 0.854592
238 0.516745
239 0.292753
240 0.356997
241 0.585129
242 0.673334
243 0.668050
244 0.511677
245 0.557547
246 0.592303
247 0.238004
248 0.332495
249 0.906663
250 0.574859
251 0.964275
252 0.855261
253 0.952593
254 0.535451
255 0.053539
256 0.265570
257 0.510250
258 0.938273
259 0.056208
260 0.003127
261 0.966638
262 0.978306
263 0.919396
264 0.524229
265 0.385804
266 0.125394
267 0.602130
268 0.403887
269 0.308533
270 0.299278
271 0.814923
272 0.780384
273 0.664843
274 0.686653
275 0.243642
276 0.560064
277 0.312068
278 0.548254
279 0.259252
280 0.308963
281 0.149795
282 0.294614
283 0.600321
284 0.360440
285 0.545142
286 0.633571
287 0.844315
288 0.364218
289 0.927842
290 0.710761
291 0.656527
292 0.292333
293 0.884331
294 0.876233
295 0.822118
296 0.801224
297 0.893508
298 0.016015
299 0.927073
300 0.826796
301 0.004062
302 0.286843
303 0.257996
304 0.360516
305 0.254233
306 0.585451
307 0.038497
308 0.519693
309 0.479623
310 0.170725
311 0.511566
312 0.283846
313 0.343116
314 0.537689
315 0.612624
316 0.621626
317 0.953217
318 0.916702
319 0.057095
320 0.179026
321 0.313088
322 0.639422
323 0.589167
324 0.239682
325 0.062289
326 0.074990
327 0.905005
328 0.301818
329 0.536698
330 0.895555
331 0.374068
332 0.343965
333 0.079335
334 0.079693
335 0.136230
336 0.672850
337 0.785752
338 0.305412
339 0.450304
340 0.161888
341 0.462423
342 0.221356
343 0.311146
344 0.697525
345 0.515012
346 0.515503
347 0.337867
348 0.753186
349 0.765629
350 0.725042
351 0.764795
352 0.206887
353 0.824184
354 0.349289
355 0.039661
356 0.808625
357 0.608627
358 0.039419
359 0.050117
360 0.087410
361 0.922406
362 0.444444
363 0.360002
364 0.965378
365 0.654631
366 0.692302
367 0.040913
368 0.917696
369 0.169458
370 0.478056
371 0.732467
372 0.182020
373 0.795924
374 0.318143
375 0.456250
376 0.280027
377 0.017908
378 0.710262
379 0.443795
380 0.966137
381 0.996183
382 0.712913
383 0.818041
384 0.664759
385 0.430422
386 0.826757
387 0.390568
388 0.497498
389 0.488826
390 0.021872
391 0.103505
392 0.135513
393 0.596450
394 0.310676
395 0.755379
396 0.939759
397 0.280589
398 0.415665
399 0.604231
400 0.173146
401 0.022506
402 0.824292
403 0.239227
404 0.483683
405 0.159565
406 0.860245
407 0.753565
408 0.366456
409 0.320264
410 0.331011
411 0.736827
412 0.914833
413 0.656915
414 0.836063
415 0.934045
416 0.867597
417 0.266691
418 0.938138
419 0.591586
420 0.748700
421 0.661472
422 0.112017
423 0.526581
424 0.780178
425 0.960426
426 0.690865
427 0.816938
428 0.226256
429 0.636454
430 0.929607
431 0.713133
432 0.898000
433 0.148636
434 0.797973
435 0.920774
436 0.712880
437 0.637516
438 0.202788
439 0.794571
440 0.462418
441 0.048560
442 0.019694
443 0.219675
444 0.293637
445 0.581339
446 0.588969
447 0.035461
448 0.856281
449 0.237959
450 0.198215
451 0.779677
452 0.607877
453 0.464000
454 0.536639
455 0.297483
456 0.402427
457 0.438698
458 0.161296
459 0.370268
460 0.216119
461 0.478319
462 0.665085
463 0.973200
464 0.684700
465 0.267672
466 0.479454
467 0.068365
468 0.042193
469 0.229414
470 0.081670
471 0.981907
472 0.059459
473 0.279294
474 0.807203
475 0.398961
476 0.683604
477 0.497686
478 0.492145
479 0.839265
480 0.275547
481 0.873775
482 0.788800
483 0.149176
484 0.633099
485 0.248439
486 0.209450
487 0.062446
488 0.370683
489 0.895396
490 0.758981
491 0.242428
492 0.704381
493 0.837365
494 0.416494
495 0.422514
496 0.262257
497 0.995008
498 0.719139
499 0.309447
500 0.204973
501 0.611112
502 0.288366
503 0.805743
504 0.700487
505 0.080972
506 0.319435
507 0.842835
508 0.649164
509 0.352149
510 0.829443
511 0.695609
512 0.501915
513 0.432754
514 0.827285
515 0.071914
516 0.054038
517 0.267148
518 0.530887
519 0.537165
520 0.231198
521 0.301400
522 0.312717
523 0.944563
524 0.111535
525 0.468104
526 0.203973
527 0.495521
528 0.749182
529 0.071104
530 0.531046
531 0.852764
532 0.779512
533 0.145414
534 0.594729
535 0.370143
536 0.295205
537 0.306100
538 0.233347
539 0.988589
540 0.084794
541 0.882121
542 0.635362
543 0.676700
544 0.021618
545 0.257074
546 0.885196
547 0.467334
548 0.181154
549 0.808563
550 0.437924
551 0.158166
552 0.148484
553 0.651339
554 0.024136
555 0.604520
556 0.955215
557 0.546624
558 0.385705
559 0.236901
560 0.156416
561 0.840978
562 0.736352
563 0.983484
564 0.723228
565 0.142822
566 0.927801
567 0.169434
568 0.685540
569 0.633177
570 0.983012
571 0.200281
572 0.811705
573 0.439441
574 0.932349
575 0.915659
576 0.058537
577 0.376964
578 0.756753
579 0.422606
580 0.064867
581 0.582937
582 0.703871
583 0.984168
584 0.595742
585 0.130581
586 0.298762
587 0.149466
588 0.571877
589 0.618826
590 0.020227
591 0.765434
592 0.140259
593 0.983696
594 0.856953
595 0.808309
596 0.156841
597 0.372277
598 0.794614
599 0.114572
600 0.461074
601 0.858686
602 0.715670
603 0.076343
604 0.424519
605 0.063636
606 0.218105
607 0.195393
608 0.452124
609 0.365200
610 0.477418
611 0.062746
612 0.404741
613 0.358086
614 0.488180
615 0.847456
616 0.295290
617 0.532223
618 0.827067
619 0.738508
620 0.088478
621 0.798671
622 0.478731
623 0.987868
624 0.005298
625 0.491865
626 0.259020
627 0.250599
628 0.398555
629 0.821902
630 0.956992
631 0.809512
632 0.024472
633 0.439088
634 0.497786
635 0.007206
636 0.387947
637 0.805161
638 0.202890
639 0.787457
640 0.785334
641 0.441595
642 0.592455
643 0.670732
644 0.708663
645 0.845124
646 0.136253
647 0.755246
648 0.408997
649 0.924086
650 0.915523
651 0.445303
652 0.644155
653 0.216419
654 0.307370
655 0.562786
656 0.957340
657 0.901126
658 0.546549
659 0.295482
660 0.248234
661 0.709741
662 0.356363
663 0.077570
664 0.906912
665 0.282813
666 0.771103
667 0.982914
668 0.383470
669 0.298642
670 0.796828
671 0.540928
672 0.762557
673 0.827491
674 0.675482
675 0.057624
676 0.702025
677 0.834212
678 0.229241
679 0.541048
680 0.978710
681 0.565708
682 0.067657
683 0.190685
684 0.861904
685 0.716874
686 0.339566
687 0.114474
688 0.606340
689 0.769647
690 0.204917
691 0.484976
692 0.521589
693 0.744506
694 0.288556
695 0.737797
696 0.333516
697 0.792252
698 0.058697
699 0.650740
700 0.906021
701 0.586119
702 0.347211
703 0.221267
704 0.837547
705 0.350253
706 0.097028
707 0.182677
708 0.986897
709 0.580297
710 0.883855
711 0.766042
712 0.616682
713 0.075330
714 0.815107
715 0.925274
716 0.570261
717 0.807622
718 0.058307
719 0.696786
720 0.719331
721 0.407612
722 0.494441
723 0.663104
724 0.834350
725 0.636314
726 0.828611
727 0.631339
728 0.038778
729 0.155748
730 0.921032
731 0.622806
732 0.110660
733 0.190288
734 0.125803
735 0.099188
736 0.091347
737 0.297760
738 0.043082
739 0.023462
740 0.951214
741 0.438853
742 0.302165
743 0.870437
744 0.446004
745 0.846898
746 0.798677
747 0.062095
748 0.774983
749 0.857278
750 0.208458
751 0.507011
752 0.223353
753 0.856717
754 0.593926
755 0.971013
756 0.636449
757 0.857435
758 0.505582
759 0.897811
760 0.331995
761 0.889593
762 0.162014
763 0.033699
764 0.909258
765 0.437742
766 0.066145
767 0.789526
768 0.360226
769 0.522896
770 0.783655
771 0.695980
772 0.927951
773 0.751628
774 0.571408
775 0.574842
776 0.291037
777 0.717046
778 0.099391
779 0.159200
780 0.880724
781 0.543725
782 0.659065
783 0.849746
784 0.458382
785 0.119660
786 0.994225
787 0.092090
788 0.496200
789 0.653027
790 0.227340
791 0.501658
792 0.412694
793 0.630014
794 0.285048
795 0.348085
796 0.317175
797 0.032215
798 0.750863
799 0.340100
800 0.613602
801 0.798044
802 0.191331
803 0.824783
804 0.604307
805 0.982381
806 0.713793
807 0.531631
808 0.117835
809 0.882093
810 0.819546
811 0.852278
812 0.162718
813 0.552358
814 0.515657
815 0.350754
816 0.680263
817 0.639631
818 0.141791
819 0.747077
820 0.634478
821 0.301885
822 0.455380
823 0.008527
824 0.936067
825 0.175170
826 0.199090
827 0.418332
828 0.049937
829 0.877822
830 0.648967
831 0.570589
832 0.581977
833 0.419579
834 0.509822
835 0.163087
836 0.680878
837 0.102626
838 0.986301
839 0.226315
840 0.724580
841 0.065035
842 0.913769
843 0.037278
844 0.488457
845 0.524323
846 0.482552
847 0.420839
848 0.813637
849 0.029811
850 0.332233
851 0.439195
852 0.708900
853 0.627181
854 0.629626
855 0.611632
856 0.828395
857 0.777141
858 0.174701
859 0.792124
860 0.369922
861 0.152303
862 0.603159
863 0.661387
864 0.634864
865 0.062357
866 0.372522
867 0.462891
868 0.780844
869 0.227376
870 0.430498
871 0.128904
872 0.682013
873 0.932534
874 0.270073
875 0.303022
876 0.289372
877 0.254765
878 0.475164
879 0.969709
880 0.454869
881 0.052856
882 0.853871
883 0.449253
884 0.848002
885 0.757202
886 0.843233
887 0.408122
888 0.352481
889 0.683923
890 0.050105
891 0.270078
892 0.183033
893 0.630266
894 0.567138
895 0.992483
896 0.908715
897 0.884210
898 0.071062
899 0.595095
900 0.609145
901 0.500883
902 0.672332
903 0.095275
904 0.523857
905 0.761916
906 0.040906
907 0.613827
908 0.782510
909 0.141065
910 0.482303
911 0.369846
912 0.124984
913 0.850396
914 0.381286
915 0.080769
916 0.935421
917 0.136101
918 0.767394
919 0.925445
920 0.423080
921 0.931416
922 0.687242
923 0.713362
924 0.385383
925 0.256426
926 0.592904
927 0.232317
928 0.684856
929 0.880437
930 0.073867
931 0.919618
932 0.361659
933 0.232380
934 0.971941
935 0.018543
936 0.187252
937 0.358158
938 0.224211
939 0.242117
940 0.442217
941 0.881082
942 0.678484
943 0.670368
944 0.772589
945 0.422523
946 0.618883
947 0.155090
948 0.144074
949 0.784628
950 0.826143
951 0.897720
952 0.172325
953 0.385421
954 0.677822
955 0.101310
956 0.459971
957 0.968849
958 0.068063
959 0.676655
960 0.017410
961 0.488296
962 0.794707
963 0.905510
964 0.384385
965 0.281826
966 0.523457
967 0.730422
968 0.703186
969 0.220881
970 0.494480
971 0.951042
972 0.721817
973 0.421400
974 0.786229
975 0.060903
976 0.526808
977 0.357284
978 0.194439
979 0.756503
980 0.720337
981 0.810883
982 0.621162
983 0.292104
984 0.765161
985 0.033630
986 0.299381
987 0.839045
988 0.323363
989 0.772194
990 0.203130
991 0.837452
992 0.611233
993 0.441496
994 0.611255
995 0.001077
996 0.082623
997 0.695643
998 0.004812
999 0.152599
1000 0.136917
1001 0.961344
1002 0.283807
1003 0.427097
1004 0.025287
1005 0.155565
1006 0.688374
1007 0.585452
1008 0.700209
1009 0.810174
1010 0.802660
1011 0.227358
1012 0.018226
1013 0.171050
1014 0.606584
1015 0.585152
1016 0.464772
1017 0.527617
1018 0.721334
1019 0.315088
1020 0.422372
1021 0.060958
1022 0.768836
1023 0.281722
1024 0.949840
1025 0.874692
1026 0.133640
1027 0.753990
1028 0.080150
1029 0.592465
1030 0.377541
1031 0.698096
1032 0.778412
1033 0.969436
1034 0.112942
1035 0.962738
1036 0.928946
1037 0.372332
1038 0.290370
1039 0.106258
1040 0.041736
1041 0.733628
1042 0.598735
1043 0.413181
1044 0.783575
1045 0.680145
1046 0.013797
1047 0.289195
1048 0.948014
1049 0.974832
1050 0.461031
1051 0.708982
1052 0.080737
1053 0.192713
1054 0.083431
1055 0.720402
1056 0.673334
1057 0.677973
1058 0.723001
1059 0.181410
1060 0.628403
1061 0.298874
1062 0.936588
1063 0.922639
1064 0.582772
1065 0.330667
1066 0.172349
1067 0.388998
1068 0.653125
1069 0.953903
1070 0.632593
1071 0.517669
1072 0.239636
1073 0.356514
1074 0.841893
1075 0.157793
1076 0.688219
1077 0.272754
1078 0.026251
1079 0.728698
1080 0.870838
1081 0.980593
1082 0.089814
1083 0.048906
1084 0.095805
1085 0.311351
1086 0.249989
1087 0.347223
1088 0.206340
1089 0.101357
1090 0.260043
1091 0.390099
1092 0.265657
1093 0.735147
1094 0.610109
1095 0.426026
1096 0.860659
1097 0.993159
1098 0.153257
1099 0.258106
1100 0.783853
1101 0.324171
1102 0.252643
1103 0.210013
1104 0.674391
1105 0.913623
1106 0.788954
1107 0.048427
1108 0.114169
1109 0.513778
1110 0.204261
1111 0.066631
1112 0.683727
1113 0.940078
1114 0.189064
1115 0.519292
1116 0.585206
1117 0.420326
1118 0.643715
1119 0.427572
1120 0.635929
1121 0.609282
1122 0.163591
1123 0.446540
1124 0.726205
1125 0.050993
1126 0.509279
1127 0.003492
1128 0.218732
1129 0.184643
1130 0.328719
1131 0.276104
1132 0.244534
1133 0.646961
1134 0.797653
1135 0.783458
1136 0.421646
1137 0.625162
1138 0.837886
1139 0.410847
1140 0.187795
1141 0.359173
1142 0.159811
1143 0.580838
1144 0.697123
1145 0.580315
1146 0.556266
1147 0.018446
1148 0.083537
1149 0.705896
1150 0.649246
1151 0.137365
1152 0.839552
1153 0.985098
1154 0.659145
1155 0.497054
1156 0.099539
1157 0.511301
1158 0.728093
1159 0.047079
1160 0.750072
1161 0.079446
1162 0.884662
1163 0.985461
1164 0.517628
1165 0.274275
1166 0.886592
1167 0.011881
1168 0.505141
1169 0.926248
1170 0.921362
1171 0.554461
1172 0.064004
1173 0.166693
1174 0.481362
1175 0.190400
1176 0.396854
1177 0.752178
1178 0.661054
1179 0.966158
1180 0.889040
1181 0.110367
1182 0.647959
1183 0.651910
1184 0.862969
1185 0.685561
1186 0.297437
1187 0.137918
1188 0.239527
1189 0.631878
1190 0.393177
1191 0.197002
1192 0.474615
1193 0.715485
1194 0.500944
1195 0.697695
1196 0.116329
1197 0.444531
1198 0.222568
1199 0.056740
1200 0.399637
1201 0.946399
1202 0.150307
1203 0.267441
1204 0.460422
1205 0.956635
1206 0.908651
1207 0.232007
1208 0.009567
1209 0.472378
1210 0.351274
1211 0.361325
1212 0.660283
1213 0.155331
1214 0.255271
1215 0.484777
1216 0.548176
1217 0.445322
1218 0.722978
1219 0.035480
1220 0.423596
1221 0.565192
1222 0.963585
1223 0.243014
1224 0.029576
1225 0.161261
1226 0.182409
1227 0.675989
1228 0.306246
1229 0.230808
1230 0.955138
1231 0.930932
1232 0.783848
1233 0.239023
1234 0.707462
1235 0.561842
1236 0.441570
1237 0.922576
1238 0.757503
1239 0.486319
1240 0.318159
1241 0.215452
1242 0.809033
1243 0.089569
1244 0.262836
1245 0.014912
1246 0.807950
1247 0.076662
1248 0.411339
1249 0.131422
1250 0.692624
1251 0.796277
1252 0.261909
1253 0.736117
1254 0.780609
1255 0.275777
1256 0.609887
1257 0.932848
1258 0.339942
1259 0.567804
1260 0.077083
1261 0.739086
1262 0.292605
1263 0.212670
1264 0.543372
1265 0.760917
1266 0.990933
1267 0.668713
1268 0.453049
1269 0.192118
1270 0.594630
1271 0.454339
1272 0.727200
1273 0.455759
1274 0.756754
1275 0.480848
1276 0.865956
1277 0.839008
1278 0.101416
1279 0.634258
1280 0.770719
1281 0.847785
1282 0.344121
1283 0.087153
1284 0.856545
1285 0.727670
1286 0.867583
1287 0.088227
1288 0.158620
1289 0.660888
1290 0.121520
1291 0.087501
1292 0.364317
1293 0.556489
1294 0.364330
1295 0.009342
1296 0.023618
1297 0.101753
1298 0.007746
1299 0.283223
1300 0.605712
1301 0.837631
1302 0.162437
1303 0.883778
1304 0.578372
1305 0.459472
1306 0.913236
1307 0.117079
1308 0.289262
1309 0.326529
1310 0.377045
1311 0.219118
1312 0.124605
1313 0.289706
1314 0.714664
1315 0.005378
1316 0.210681
1317 0.416758
1318 0.979686
1319 0.826940
1320 0.807418
1321 0.007581
1322 0.993273
1323 0.948957
1324 0.520880
1325 0.449526
1326 0.333033
1327 0.171385
1328 0.532738
1329 0.963572
1330 0.017404
1331 0.059768
1332 0.209853
1333 0.136994
1334 0.553828
1335 0.545422
1336 0.715889
1337 0.326568
1338 0.699702
1339 0.889754
1340 0.599416
1341 0.548644
1342 0.559475
1343 0.086527
1344 0.779243
1345 0.348347
1346 0.509452
1347 0.698758
1348 0.887769
1349 0.359917
1350 0.903748
1351 0.893503
1352 0.566927
1353 0.833679
1354 0.570533
1355 0.048182
1356 0.038837
1357 0.312336
1358 0.757096
1359 0.756148
1360 0.094554
1361 0.890280
1362 0.425440
1363 0.357098
1364 0.559378
1365 0.084337
1366 0.637010
1367 0.259498
1368 0.301935
1369 0.282821
1370 0.195857
1371 0.307553
1372 0.956806
1373 0.022022
1374 0.743911
1375 0.274365
1376 0.726765
1377 0.965226
1378 0.120241
1379 0.235762
1380 0.920716
1381 0.429057
1382 0.008053
1383 0.095877
1384 0.267226
1385 0.615477
1386 0.698892
1387 0.895934
1388 0.521066
1389 0.364928
1390 0.202873
1391 0.741758
1392 0.451489
1393 0.247134
1394 0.926972
1395 0.233428
1396 0.965990
1397 0.150784
1398 0.730296
1399 0.172044
1400 0.882088
1401 0.221794
1402 0.345942
1403 0.053967
1404 0.712221
1405 0.032074
1406 0.933431
1407 0.441975
1408 0.773120
1409 0.236713
1410 0.893899
1411 0.725631
1412 0.971067
1413 0.697202
1414 0.042146
1415 0.049768
1416 0.748251
1417 0.111806
1418 0.785256
1419 0.300340
1420 0.902937
1421 0.601424
1422 0.106990
1423 0.990992
1424 0.317500
1425 0.450238
1426 0.900257
1427 0.691556
1428 0.043369
1429 0.295195
1430 0.526914
1431 0.281274
1432 0.700754
1433 0.496833
1434 0.414792
1435 0.794913
1436 0.753534
1437 0.206192
1438 0.026284
1439 0.959033
1440 0.916000
1441 0.768520
1442 0.650964
1443 0.688500
1444 0.738179
1445 0.574232
1446 0.186637
1447 0.829989
1448 0.300231
1449 0.281023
1450 0.378897
1451 0.299510
1452 0.923994
1453 0.488299
1454 0.888650
1455 0.465141
1456 0.881000
1457 0.446033
1458 0.050249
1459 0.173982
1460 0.241347
1461 0.224906
1462 0.269806
1463 0.213945
1464 0.266592
1465 0.963058
1466 0.693884
1467 0.236351
1468 0.102377
1469 0.336996
1470 0.053206
1471 0.244411
1472 0.972777
1473 0.280192
1474 0.454191
1475 0.675514
1476 0.618406
1477 0.192627
1478 0.353004
1479 0.871834
1480 0.354116
1481 0.448008
1482 0.002514
1483 0.344156
1484 0.849633
1485 0.912629
1486 0.311942
1487 0.687876
1488 0.557797
1489 0.440793
1490 0.302149
1491 0.308025
1492 0.630093
1493 0.906475
1494 0.176439
1495 0.251727
1496 0.167949
1497 0.269353
1498 0.457396
1499 0.431898
1500 0.760830
1501 0.455574
1502 0.664713
1503 0.355049
1504 0.458423
1505 0.459602
1506 0.627116
1507 0.138944
1508 0.614275
1509 0.043208
1510 0.733400
1511 0.122440
1512 0.422005
1513 0.721150
1514 0.233279
1515 0.730209
1516 0.442781
1517 0.380324
1518 0.098140
1519 0.459120
1520 0.994016
1521 0.880112
1522 0.944963
1523 0.900938
1524 0.934288
1525 0.326423
1526 0.113603
1527 0.607567
1528 0.138283
1529 0.400363
1530 0.168262
1531 0.340451
1532 0.808088
1533 0.154726
1534 0.868414
1535 0.824817
1536 0.713449
1537 0.067442
1538 0.022603
1539 0.552305
1540 0.493668
1541 0.860879
1542 0.600456
1543 0.442156
1544 0.287577
1545 0.659345
1546 0.033901
1547 0.281436
1548 0.185577
1549 0.464381
1550 0.788011
1551 0.818910
1552 0.319031
1553 0.678402
1554 0.025053
1555 0.185027
1556 0.817308
1557 0.501973
1558 0.522220
1559 0.952057
1560 0.371601
1561 0.468480
1562 0.934226
1563 0.633802
1564 0.747153
1565 0.162200
1566 0.016311
1567 0.753385
1568 0.281829
1569 0.291713
1570 0.541404
1571 0.780474
1572 0.199001
1573 0.760370
1574 0.357087
1575 0.255910
1576 0.446520
1577 0.188982
1578 0.333671
1579 0.282055
1580 0.751052
1581 0.503116
1582 0.854121
1583 0.261266
1584 0.648399
1585 0.698379
1586 0.989698
1587 0.312768
1588 0.415405
1589 0.741796
1590 0.592150
1591 0.189803
1592 0.087881
1593 0.755843
1594 0.213896
1595 0.754253
1596 0.101505
1597 0.163944
1598 0.042108
1599 0.145092
1600 0.538929
;
param cost_b := 
1 0.633813
2 0.274350
3 -0.536969
4 0.630148
5 -0.919668
6 -0.051519
7 0.725437
8 -0.022608
9 -0.407668
10 -0.941689
11 0.861556
12 -0.168987
13 0.788643
14 0.685636
15 0.870623
16 0.539109
17 0.841151
18 -0.242479
19 -0.763990
20 -0.609426
21 0.663235
22 0.371376
23 -0.513904
24 -0.487109
25 -0.442876
26 0.639711
27 -0.562046
28 0.764273
29 0.955438
30 0.977009
31 0.064650
32 0.319695
33 -0.703995
34 0.801025
35 -0.626470
36 -0.239522
37 0.439665
38 0.993463
39 -0.519078
40 -0.326282
41 -0.714170
42 0.597465
43 0.215831
44 0.807148
45 0.125580
46 -0.047523
47 0.506562
48 -0.837714
49 -0.020769
50 -0.024671
51 0.479416
52 -0.226697
53 0.614397
54 -0.655805
55 0.275464
56 -0.479769
57 -0.774252
58 0.745695
59 0.733606
60 -0.777386
61 0.106601
62 -0.043734
63 -0.848942
64 0.861782
65 -0.452722
66 0.204698
67 0.367237
68 -0.012432
69 0.479072
70 0.103754
71 -0.831213
72 -0.337114
73 -0.708611
74 -0.510714
75 -0.981382
76 0.497329
77 0.099565
78 -0.816958
79 0.594733
80 -0.722162
81 -0.130459
82 -0.540722
83 0.619050
84 -0.543788
85 -0.296541
86 -0.712398
87 0.828774
88 0.110664
89 0.962767
90 -0.961230
91 -0.190248
92 0.201070
93 0.652281
94 -0.188257
95 0.679847
96 0.169984
97 -0.076886
98 -0.117597
99 0.447894
100 0.016413
101 0.537289
102 0.769122
103 0.964463
104 0.556116
105 -0.735915
106 -0.990316
107 -0.120035
108 -0.326292
109 0.553926
110 -0.623578
111 -0.184683
112 0.334124
113 0.946564
114 0.667464
115 -0.053847
116 0.090211
117 0.807259
118 0.916325
119 -0.326933
120 0.540724
121 -0.440979
122 0.032547
123 0.476887
124 0.528765
125 -0.171080
126 0.819053
127 -0.674554
128 -0.275742
129 -0.581458
130 -0.616964
131 -0.731052
132 0.077668
133 0.967084
134 -0.254294
135 0.114549
136 0.959160
137 -0.731069
138 -0.816287
139 -0.084740
140 -0.419497
141 -0.725153
142 0.696449
143 -0.669010
144 -0.640468
145 -0.883101
146 0.919606
147 -0.478649
148 -0.604831
149 -0.942727
150 -0.604240
151 -0.231672
152 -0.497040
153 0.592347
154 -0.651132
155 0.310709
156 0.524544
157 -0.011231
158 -0.308777
159 -0.740082
160 0.908256
161 0.501165
162 -0.173290
163 -0.615610
164 -0.244942
165 0.727522
166 -0.431480
167 0.263847
168 0.742091
169 0.003300
170 0.750517
171 0.244376
172 -0.967473
173 -0.058325
174 0.156060
175 -0.739419
176 -0.740881
177 -0.838431
178 -0.522985
179 0.899487
180 -0.624734
181 0.075631
182 0.928784
183 0.331902
184 0.142990
185 -0.660412
186 -0.089467
187 -0.130985
188 -0.374482
189 -0.231022
190 0.411251
191 0.654337
192 -0.927102
193 0.872174
194 0.848565
195 0.649059
196 0.503380
197 0.386894
198 -0.759873
199 -0.324944
200 -0.315847
201 -0.270256
202 -0.297517
203 -0.558552
204 -0.502182
205 0.272546
206 -0.556313
207 0.592776
208 0.425481
209 0.291945
210 -0.737803
211 0.370890
212 -0.324096
213 0.283099
214 0.963073
215 0.012272
216 0.198351
217 0.907975
218 0.086776
219 -0.898868
220 -0.088023
221 -0.789225
222 0.928456
223 0.397160
224 0.004848
225 0.453769
226 -0.744516
227 0.389791
228 0.738403
229 0.375646
230 -0.515133
231 0.534190
232 0.551572
233 0.942186
234 0.715157
235 -0.502418
236 -0.423389
237 0.676366
238 0.676520
239 -0.387163
240 -0.982437
241 -0.650741
242 -0.431872
243 0.983189
244 0.603048
245 -0.724628
246 -0.055188
247 0.771724
248 0.309416
249 -0.026276
250 -0.984761
251 0.147201
252 0.149342
253 0.985531
254 -0.627528
255 -0.731386
256 0.559668
257 -0.200033
258 0.700849
259 -0.519401
260 -0.949572
261 -0.489309
262 -0.268886
263 -0.095256
264 -0.275740
265 -0.656117
266 -0.275412
267 -0.241462
268 0.775026
269 -0.733221
270 0.563387
271 -0.947933
272 -0.255587
273 -0.846305
274 -0.903854
275 -0.099818
276 -0.426545
277 0.270017
278 0.432670
279 -0.992048
280 0.669116
281 -0.794176
282 -0.113353
283 -0.280322
284 0.418722
285 0.150973
286 0.407747
287 0.033900
288 -0.937967
289 -0.981524
290 0.243493
291 -0.204991
292 -0.714452
293 0.641433
294 0.618213
295 0.072687
296 0.015265
297 -0.060038
298 0.775099
299 0.056321
300 0.271564
301 0.876852
302 0.823016
303 0.723765
304 0.952055
305 -0.181189
306 0.956503
307 -0.844624
308 0.413233
309 0.377295
310 -0.057013
311 -0.956431
312 -0.887131
313 -0.987334
314 -0.426445
315 -0.123866
316 -0.283911
317 -0.588361
318 0.717531
319 0.376688
320 -0.846990
321 0.556959
322 0.782839
323 0.711476
324 -0.902484
325 0.866508
326 0.165142
327 -0.535457
328 -0.992624
329 0.847075
330 0.296626
331 0.017583
332 -0.574374
333 0.576744
334 0.162888
335 0.992716
336 -0.199864
337 0.425693
338 -0.219912
339 -0.839167
340 -0.674313
341 0.220651
342 -0.728154
343 -0.118021
344 0.110011
345 -0.537390
346 -0.387641
347 -0.724576
348 -0.061497
349 -0.762710
350 0.221425
351 -0.857893
352 0.037446
353 -0.794891
354 -0.061989
355 -0.263889
356 0.638849
357 -0.572902
358 0.746142
359 -0.950523
360 0.370969
361 0.039674
362 -0.218727
363 -0.910592
364 0.818100
365 -0.653549
366 -0.183863
367 0.318279
368 0.355560
369 -0.164543
370 -0.724748
371 0.190028
372 0.902413
373 -0.068362
374 0.438965
375 -0.618476
376 -0.391292
377 -0.941141
378 -0.105993
379 0.400098
380 0.648271
381 0.741668
382 0.717099
383 -0.182872
384 0.236120
385 -0.145387
386 -0.854989
387 0.159685
388 -0.518338
389 -0.045787
390 0.911613
391 -0.826381
392 -0.749250
393 0.523781
394 0.477210
395 0.410253
396 -0.387022
397 0.844520
398 -0.422165
399 0.255438
400 0.061822
401 -0.393570
402 0.725499
403 -0.726111
404 -0.710452
405 0.910726
406 -0.979747
407 -0.056516
408 -0.311614
409 -0.919725
410 0.721750
411 -0.038795
412 -0.422594
413 -0.885948
414 -0.302333
415 0.495247
416 0.328492
417 0.361713
418 -0.915078
419 0.131044
420 0.069215
421 0.200067
422 -0.655379
423 0.606619
424 -0.907326
425 -0.833018
426 0.075696
427 -0.505834
428 0.941424
429 0.618937
430 0.641381
431 0.306717
432 0.555086
433 0.366392
434 -0.773715
435 -0.485950
436 -0.220508
437 -0.337988
438 0.792721
439 -0.506485
440 0.848837
441 -0.327796
442 0.042092
443 0.649546
444 -0.395766
445 -0.789758
446 -0.792016
447 0.457962
448 0.791355
449 -0.472010
450 0.172928
451 -0.957179
452 -0.467088
453 -0.583313
454 -0.394182
455 -0.813472
456 -0.801087
457 -0.182867
458 -0.846362
459 -0.175777
460 0.693966
461 -0.243540
462 0.374448
463 -0.128243
464 -0.223158
465 -0.691092
466 0.041251
467 -0.455014
468 -0.902686
469 -0.668274
470 -0.076522
471 -0.786902
472 0.498159
473 -0.312706
474 0.426877
475 -0.161553
476 0.613395
477 -0.471227
478 0.385132
479 -0.584336
480 -0.375433
481 -0.000973
482 -0.184886
483 -0.326639
484 0.498775
485 -0.628686
486 -0.197170
487 0.441380
488 -0.807569
489 0.754847
490 0.460684
491 -0.312496
492 0.936042
493 0.097958
494 -0.715648
495 -0.985794
496 0.412831
497 -0.676899
498 -0.893506
499 0.553007
500 -0.663983
501 0.325517
502 0.140687
503 0.979013
504 0.642233
505 0.723686
506 0.924384
507 0.474144
508 0.806758
509 0.812839
510 0.581758
511 -0.819122
512 0.037995
513 -0.441532
514 -0.831216
515 -0.949614
516 -0.776171
517 -0.157873
518 -0.265394
519 -0.600538
520 -0.220072
521 0.230693
522 -0.690177
523 -0.897184
524 -0.814156
525 -0.240136
526 0.362599
527 0.460858
528 0.487504
529 -0.930865
530 0.712670
531 0.871179
532 -0.187159
533 0.467387
534 0.010152
535 -0.195351
536 -0.171285
537 -0.771023
538 -0.657052
539 -0.756581
540 0.294173
541 -0.251860
542 -0.350051
543 0.369556
544 -0.125473
545 -0.976535
546 -0.264343
547 -0.920237
548 -0.200116
549 -0.134012
550 0.661298
551 -0.410452
552 0.993275
553 0.576540
554 0.917141
555 -0.424622
556 0.356284
557 -0.221769
558 0.908248
559 0.406683
560 -0.134801
561 -0.204550
562 -0.970962
563 0.159628
564 -0.519600
565 -0.863223
566 -0.279741
567 0.598286
568 0.353229
569 0.935242
570 0.457224
571 0.997861
572 0.132368
573 -0.720769
574 0.543246
575 0.786413
576 0.806084
577 -0.450420
578 0.107091
579 -0.328896
580 0.674259
581 0.664624
582 -0.288210
583 0.143496
584 -0.738357
585 -0.077098
586 -0.895397
587 0.577974
588 -0.748243
589 0.153727
590 0.382861
591 -0.154336
592 0.924181
593 -0.490693
594 0.553874
595 0.564601
596 -0.912187
597 -0.021961
598 0.218660
599 -0.668583
600 -0.953786
601 0.126284
602 0.752889
603 -0.806521
604 0.517842
605 0.837686
606 -0.566642
607 0.295066
608 -0.752439
609 -0.590901
610 0.900931
611 -0.124529
612 -0.068930
613 0.254542
614 -0.119836
615 -0.618465
616 -0.968111
617 0.619833
618 0.761038
619 0.153603
620 0.860058
621 0.021489
622 -0.046019
623 -0.968759
624 -0.114565
625 -0.369903
626 0.333414
627 0.615807
628 0.908163
629 0.570063
630 0.124988
631 -0.723954
632 0.606601
633 0.092686
634 0.703425
635 0.460445
636 0.438236
637 0.346806
638 -0.294596
639 0.376536
640 -0.074167
641 0.480646
642 0.804217
643 -0.226936
644 0.435005
645 0.308841
646 -0.679751
647 -0.844128
648 0.592062
649 -0.229149
650 0.293162
651 -0.235867
652 -0.022329
653 0.250570
654 -0.428607
655 -0.754816
656 -0.711944
657 0.607327
658 0.991346
659 0.463714
660 0.682003
661 0.879450
662 0.930169
663 -0.687616
664 0.433359
665 0.080761
666 -0.585338
667 -0.206670
668 0.573701
669 0.808822
670 0.237520
671 -0.598548
672 0.500530
673 0.278957
674 -0.540435
675 0.889080
676 0.467770
677 0.885768
678 0.770891
679 0.912787
680 0.661587
681 0.850565
682 -0.424620
683 0.621928
684 0.052598
685 -0.521952
686 0.624808
687 0.013356
688 -0.777002
689 -0.999339
690 -0.092435
691 -0.366856
692 -0.628275
693 0.945427
694 0.053507
695 -0.106843
696 -0.913906
697 0.743780
698 -0.428009
699 -0.811184
700 -0.448263
701 0.541360
702 -0.958866
703 0.696587
704 -0.813038
705 -0.193447
706 0.596439
707 0.309395
708 0.220794
709 0.699670
710 0.455049
711 0.143826
712 -0.365027
713 -0.384894
714 -0.002756
715 0.496555
716 -0.531718
717 -0.837512
718 -0.834093
719 -0.047263
720 -0.982732
721 0.470214
722 0.407686
723 0.429140
724 -0.200514
725 0.514615
726 -0.506653
727 -0.421520
728 -0.006359
729 0.301147
730 0.899432
731 -0.358738
732 -0.831192
733 -0.809408
734 0.742124
735 0.904949
736 -0.528070
737 0.701724
738 0.670697
739 0.494087
740 -0.069793
741 -0.373926
742 0.282362
743 -0.477271
744 0.272808
745 -0.972428
746 -0.800151
747 0.356930
748 0.330216
749 0.835454
750 -0.153217
751 -0.417513
752 0.422053
753 -0.418812
754 0.487588
755 -0.587149
756 0.000083
757 -0.462884
758 0.248102
759 -0.482702
760 0.517231
761 -0.947580
762 -0.441959
763 0.302646
764 0.388366
765 -0.265743
766 -0.507809
767 0.537802
768 -0.829488
769 0.023068
770 -0.371529
771 0.369439
772 0.926497
773 0.943876
774 -0.770804
775 -0.117343
776 -0.832556
777 -0.527109
778 0.775364
779 -0.187450
780 0.384666
781 0.355737
782 -0.618207
783 -0.649226
784 -0.665425
785 -0.315253
786 0.485358
787 0.847445
788 -0.115045
789 0.423276
790 0.787683
791 -0.321164
792 0.721543
793 -0.512296
794 -0.658039
795 0.764591
796 -0.583643
797 0.641363
798 0.980458
799 0.820235
800 -0.751256
801 -0.840111
802 0.165356
803 -0.144120
804 0.702517
805 0.609748
806 -0.135681
807 0.426011
808 0.114216
809 -0.520719
810 0.583671
811 -0.884538
812 -0.724050
813 -0.255506
814 0.496356
815 -0.187723
816 0.068469
817 -0.547599
818 0.230178
819 -0.773876
820 0.709028
821 -0.663940
822 0.041053
823 0.165956
824 0.232943
825 0.368182
826 0.945965
827 0.084432
828 -0.830225
829 -0.685916
830 -0.105620
831 0.969315
832 -0.610057
833 -0.270515
834 0.574936
835 -0.921484
836 0.023215
837 0.739593
838 -0.269122
839 0.066547
840 0.805171
841 0.017050
842 0.337814
843 -0.931438
844 -0.746130
845 -0.474518
846 0.828217
847 -0.604581
848 -0.329585
849 0.518536
850 -0.550443
851 -0.224880
852 0.860093
853 -0.216058
854 0.434185
855 -0.712963
856 -0.123823
857 -0.590983
858 -0.385612
859 -0.620004
860 -0.892025
861 0.358129
862 0.716848
863 0.525141
864 0.687910
865 0.088657
866 -0.627610
867 -0.561879
868 -0.191566
869 -0.122210
870 0.969571
871 -0.397083
872 -0.455351
873 0.956089
874 0.618737
875 0.323028
876 0.743813
877 0.350579
878 -0.219590
879 0.053686
880 0.297563
881 0.992049
882 -0.846999
883 -0.340791
884 -0.649599
885 0.251778
886 -0.257865
887 -0.643453
888 0.295438
889 -0.368474
890 0.874180
891 -0.796929
892 0.535035
893 0.266241
894 -0.452691
895 -0.931899
896 0.164785
897 0.197304
898 0.553540
899 -0.794950
900 -0.402033
901 -0.470077
902 0.421278
903 -0.114164
904 -0.972362
905 -0.688199
906 -0.736334
907 -0.740623
908 0.681520
909 0.184966
910 -0.883521
911 0.977288
912 0.029211
913 -0.690106
914 -0.916388
915 0.781141
916 -0.501074
917 0.712143
918 0.272181
919 -0.392635
920 0.098018
921 -0.659647
922 0.511938
923 0.408412
924 -0.428694
925 -0.358427
926 0.923687
927 0.368918
928 0.301224
929 0.349292
930 -0.733956
931 -0.581942
932 0.204424
933 -0.172281
934 -0.923792
935 0.146302
936 0.366592
937 0.758293
938 0.240183
939 0.976774
940 0.221548
941 -0.057861
942 0.932290
943 -0.062056
944 -0.096959
945 0.139334
946 0.024087
947 -0.211965
948 0.769078
949 -0.185017
950 -0.561017
951 0.168214
952 0.200892
953 -0.103884
954 -0.237964
955 -0.165056
956 0.297254
957 -0.863232
958 0.129354
959 -0.831721
960 -0.870957
961 -0.119211
962 -0.899396
963 0.728008
964 -0.217769
965 -0.297450
966 -0.871454
967 0.797534
968 -0.746336
969 0.940020
970 0.680297
971 0.610081
972 -0.000445
973 0.893780
974 0.919402
975 -0.445135
976 -0.146488
977 -0.767702
978 0.227755
979 -0.043110
980 -0.578075
981 0.033021
982 0.636545
983 0.218945
984 -0.712599
985 0.180144
986 -0.715888
987 0.494657
988 0.321148
989 -0.480000
990 0.125186
991 0.463086
992 -0.843518
993 0.125078
994 0.577947
995 -0.744512
996 -0.094181
997 -0.846678
998 -0.982889
999 -0.140971
1000 0.562910
1001 0.519940
1002 0.617861
1003 -0.929993
1004 -0.155372
1005 0.777002
1006 0.631584
1007 -0.170195
1008 0.704341
1009 0.251199
1010 0.950468
1011 0.415532
1012 -0.911295
1013 0.771457
1014 -0.793714
1015 -0.353188
1016 0.551011
1017 0.616134
1018 -0.469636
1019 -0.592017
1020 0.788356
1021 -0.819302
1022 0.939639
1023 0.134092
1024 -0.316861
1025 0.500022
1026 0.793489
1027 -0.961334
1028 0.732725
1029 -0.256458
1030 -0.780498
1031 0.662358
1032 0.105768
1033 -0.831705
1034 0.885975
1035 -0.111611
1036 0.100470
1037 0.516999
1038 -0.130771
1039 -0.893493
1040 -0.235539
1041 0.110513
1042 0.803971
1043 -0.438610
1044 0.949605
1045 -0.696240
1046 -0.714750
1047 -0.707460
1048 -0.063444
1049 -0.047497
1050 0.269169
1051 0.718741
1052 -0.995773
1053 -0.093369
1054 -0.741128
1055 -0.275184
1056 -0.699982
1057 -0.613962
1058 -0.013938
1059 0.889172
1060 -0.743285
1061 -0.151610
1062 0.319949
1063 0.153627
1064 -0.247620
1065 0.040242
1066 0.100397
1067 -0.640499
1068 0.553229
1069 -0.463865
1070 -0.046106
1071 -0.839919
1072 0.451204
1073 -0.557711
1074 0.661910
1075 0.677442
1076 0.660373
1077 -0.761828
1078 0.323637
1079 0.764995
1080 -0.896780
1081 0.926986
1082 0.766227
1083 -0.753049
1084 -0.400577
1085 -0.056518
1086 0.255017
1087 0.957216
1088 -0.145531
1089 -0.045285
1090 -0.349484
1091 0.831853
1092 0.160433
1093 -0.348213
1094 -0.169670
1095 -0.856450
1096 0.439549
1097 0.175926
1098 -0.420284
1099 0.987482
1100 -0.810856
1101 0.573748
1102 -0.115923
1103 0.009061
1104 0.866170
1105 -0.592922
1106 -0.983080
1107 -0.890156
1108 -0.636340
1109 0.709153
1110 -0.890620
1111 -0.624293
1112 -0.117583
1113 -0.683646
1114 -0.380071
1115 0.989574
1116 -0.021594
1117 0.195583
1118 -0.430612
1119 -0.222517
1120 -0.232431
1121 0.802527
1122 -0.000838
1123 -0.748631
1124 0.407293
1125 0.106531
1126 -0.640342
1127 0.855796
1128 -0.956128
1129 0.418766
1130 -0.558938
1131 0.533454
1132 0.276641
1133 -0.724277
1134 -0.979747
1135 0.631249
1136 0.606605
1137 -0.351012
1138 0.384668
1139 -0.015210
1140 -0.184482
1141 0.443546
1142 0.386690
1143 0.517680
1144 0.582216
1145 -0.131993
1146 0.433224
1147 0.189172
1148 0.090668
1149 0.170345
1150 -0.358153
1151 0.665939
1152 0.898499
1153 0.796055
1154 0.957470
1155 -0.366496
1156 0.509411
1157 -0.633948
1158 -0.264391
1159 -0.723485
1160 0.390537
1161 0.632582
1162 -0.044541
1163 -0.744183
1164 0.236322
1165 -0.279993
1166 0.220281
1167 0.873620
1168 -0.467625
1169 -0.698265
1170 -0.465492
1171 -0.408700
1172 0.664880
1173 0.662672
1174 -0.088080
1175 -0.579859
1176 0.556955
1177 0.131196
1178 -0.537218
1179 0.878725
1180 -0.954026
1181 0.503963
1182 0.435807
1183 -0.265912
1184 -0.623054
1185 -0.559743
1186 -0.945857
1187 -0.542476
1188 0.558619
1189 0.837890
1190 0.525480
1191 -0.411741
1192 -0.399682
1193 -0.149183
1194 -0.730904
1195 -0.595114
1196 -0.884455
1197 0.907778
1198 -0.655403
1199 -0.796163
1200 -0.220913
1201 0.079063
1202 0.879243
1203 0.331664
1204 0.079586
1205 0.734456
1206 -0.430753
1207 -0.866464
1208 -0.588113
1209 0.494251
1210 -0.228328
1211 0.900942
1212 0.223646
1213 -0.523400
1214 0.786658
1215 -0.465501
1216 -0.859546
1217 0.222652
1218 0.627718
1219 -0.875944
1220 -0.426908
1221 0.328765
1222 -0.837998
1223 -0.396750
1224 -0.699310
1225 0.802552
1226 -0.558206
1227 0.246176
1228 -0.600782
1229 0.642286
1230 0.880153
1231 -0.557782
1232 -0.172334
1233 -0.612570
1234 -0.657731
1235 -0.687386
1236 -0.911492
1237 0.825016
1238 -0.114902
1239 -0.622620
1240 -0.622150
1241 0.147169
1242 0.853320
1243 0.214170
1244 -0.178623
1245 0.549858
1246 0.925701
1247 -0.503459
1248 0.718163
1249 0.730712
1250 0.048262
1251 0.570920
1252 -0.730286
1253 -0.672882
1254 0.776558
1255 0.072210
1256 -0.309125
1257 -0.213018
1258 0.563737
1259 -0.966583
1260 0.476596
1261 0.201372
1262 0.058729
1263 0.872344
1264 -0.969555
1265 -0.439402
1266 -0.784123
1267 -0.008700
1268 -0.213196
1269 0.276587
1270 0.459432
1271 0.801491
1272 0.375797
1273 0.538147
1274 0.705194
1275 0.942196
1276 0.416539
1277 0.339201
1278 -0.676833
1279 0.995283
1280 0.898453
1281 -0.318401
1282 -0.334425
1283 -0.548380
1284 0.042656
1285 -0.895387
1286 0.555487
1287 0.392892
1288 0.047910
1289 -0.321444
1290 0.142639
1291 -0.309643
1292 0.091108
1293 0.551519
1294 0.966476
1295 -0.714738
1296 -0.659661
1297 -0.318316
1298 -0.016189
1299 0.695297
1300 -0.945867
1301 0.235459
1302 0.006462
1303 0.832839
1304 0.956165
1305 -0.296754
1306 -0.408922
1307 -0.674048
1308 -0.754828
1309 0.772392
1310 -0.339849
1311 -0.764269
1312 -0.871942
1313 0.230423
1314 0.643119
1315 0.808556
1316 -0.359674
1317 -0.233193
1318 -0.758313
1319 -0.768189
1320 -0.278639
1321 0.173400
1322 -0.558649
1323 -0.537560
1324 -0.537815
1325 -0.723274
1326 -0.281883
1327 0.276929
1328 0.996772
1329 -0.472886
1330 0.959539
1331 -0.501027
1332 -0.568116
1333 -0.529898
1334 0.375808
1335 0.641579
1336 0.730871
1337 -0.143109
1338 -0.557191
1339 0.013805
1340 -0.382142
1341 -0.795916
1342 0.107427
1343 0.922564
1344 -0.314749
1345 -0.693391
1346 0.359468
1347 -0.043242
1348 -0.812622
1349 -0.137906
1350 -0.317268
1351 0.205674
1352 -0.903598
1353 -0.953346
1354 0.704844
1355 -0.296238
1356 -0.700868
1357 -0.876672
1358 -0.128570
1359 -0.174012
1360 -0.999659
1361 -0.688181
1362 0.390871
1363 0.271206
1364 0.874863
1365 0.798084
1366 0.369482
1367 0.916329
1368 0.448150
1369 -0.047057
1370 -0.596150
1371 0.380401
1372 0.259722
1373 -0.612216
1374 -0.732128
1375 0.202221
1376 0.790202
1377 0.137501
1378 -0.545052
1379 0.498102
1380 -0.632271
1381 0.528757
1382 -0.742767
1383 0.704651
1384 0.609500
1385 -0.268812
1386 -0.114377
1387 -0.540090
1388 0.781439
1389 -0.616667
1390 0.867282
1391 0.900264
1392 -0.759364
1393 0.657447
1394 -0.831210
1395 0.929919
1396 0.086200
1397 -0.866033
1398 -0.326184
1399 0.627971
1400 -0.606972
1401 0.637356
1402 0.961146
1403 -0.057427
1404 -0.772762
1405 -0.120116
1406 -0.443381
1407 0.536260
1408 0.681459
1409 -0.668219
1410 0.636150
1411 -0.084969
1412 -0.362752
1413 0.295533
1414 0.602914
1415 -0.899716
1416 0.362603
1417 0.684574
1418 0.221225
1419 -0.706837
1420 -0.074087
1421 -0.558562
1422 0.137884
1423 -0.535205
1424 0.496815
1425 -0.578787
1426 -0.369150
1427 0.717326
1428 0.186261
1429 -0.375532
1430 -0.725789
1431 -0.798200
1432 -0.077162
1433 0.860849
1434 0.462470
1435 0.492935
1436 -0.631777
1437 0.605256
1438 -0.114481
1439 -0.889712
1440 0.374124
1441 -0.787955
1442 -0.391983
1443 -0.744155
1444 0.325422
1445 0.051502
1446 -0.252981
1447 0.954305
1448 0.153826
1449 -0.506839
1450 0.870928
1451 0.142316
1452 -0.993124
1453 -0.143442
1454 0.151348
1455 -0.699648
1456 -0.870444
1457 0.001839
1458 -0.734097
1459 -0.676965
1460 0.512091
1461 -0.662065
1462 -0.043843
1463 0.518083
1464 -0.969513
1465 -0.891650
1466 -0.921095
1467 -0.849249
1468 0.023971
1469 -0.680519
1470 0.679578
1471 0.340684
1472 -0.688861
1473 -0.367745
1474 0.092953
1475 -0.056752
1476 0.332730
1477 0.136349
1478 0.814910
1479 -0.704254
1480 0.993869
1481 -0.817422
1482 -0.081331
1483 -0.775284
1484 0.348987
1485 -0.703597
1486 0.231751
1487 0.761753
1488 0.533803
1489 -0.924457
1490 0.619513
1491 0.393060
1492 -0.592511
1493 0.882748
1494 -0.856055
1495 0.216612
1496 -0.755910
1497 0.290319
1498 -0.054426
1499 -0.802761
1500 -0.014603
1501 0.476464
1502 0.800671
1503 -0.411406
1504 -0.564014
1505 -0.868930
1506 -0.988890
1507 -0.106939
1508 0.652083
1509 0.869099
1510 0.406801
1511 0.051348
1512 -0.158327
1513 0.757924
1514 0.053330
1515 -0.042224
1516 0.874600
1517 0.777958
1518 -0.608260
1519 -0.293085
1520 -0.943183
1521 0.139389
1522 -0.256154
1523 -0.977820
1524 0.236984
1525 -0.394252
1526 0.192789
1527 -0.179258
1528 0.639439
1529 -0.413044
1530 -0.612034
1531 0.593744
1532 -0.198355
1533 0.081749
1534 -0.784599
1535 -0.649291
1536 0.988227
1537 0.814836
1538 0.997290
1539 0.594285
1540 -0.219717
1541 -0.051054
1542 0.622404
1543 -0.606882
1544 0.682809
1545 -0.063915
1546 0.431609
1547 -0.062148
1548 0.001744
1549 0.677522
1550 0.457133
1551 0.774668
1552 0.415232
1553 0.830960
1554 0.235315
1555 -0.308751
1556 0.874484
1557 0.380738
1558 -0.143555
1559 -0.316527
1560 0.174510
1561 0.070821
1562 -0.761402
1563 0.326151
1564 -0.600699
1565 0.233568
1566 0.750031
1567 -0.457986
1568 -0.183053
1569 0.512455
1570 0.651556
1571 0.196055
1572 -0.104564
1573 -0.718716
1574 0.260613
1575 -0.585212
1576 -0.108055
1577 -0.849111
1578 -0.815386
1579 0.061400
1580 0.887425
1581 0.300784
1582 0.193703
1583 -0.553037
1584 -0.434567
1585 0.421747
1586 0.582073
1587 -0.515953
1588 -0.142364
1589 0.731783
1590 -0.711503
1591 0.182512
1592 0.136973
1593 0.438632
1594 0.723667
1595 0.517420
1596 0.829265
1597 0.258076
1598 -0.044465
1599 0.178429
1600 0.035581
;
