# Optimal value by DCA: 768704424.078152
data;

param N = 800;
param capacity := 
1 125
2 78
3 74
4 83
5 110
6 121
7 84
8 93
9 59
10 66
11 129
12 38
13 59
14 68
15 91
16 92
17 54
18 53
19 108
20 99
21 91
22 84
23 110
24 116
25 107
26 65
27 58
28 78
29 85
30 70
31 103
32 66
33 126
34 108
35 69
36 54
37 82
38 100
39 39
40 65
41 61
42 94
43 78
44 88
45 85
46 127
47 72
48 73
49 76
50 74
51 129
52 77
53 83
54 45
55 104
56 97
57 89
58 110
59 37
60 78
61 79
62 84
63 61
64 56
65 115
66 118
67 96
68 34
69 107
70 63
71 69
72 38
73 72
74 72
75 80
76 97
77 58
78 39
79 98
80 91
81 103
82 31
83 79
84 100
85 125
86 39
87 105
88 127
89 78
90 57
91 99
92 107
93 125
94 87
95 56
96 110
97 72
98 99
99 49
100 100
101 40
102 88
103 100
104 45
105 61
106 99
107 119
108 127
109 114
110 40
111 121
112 62
113 97
114 119
115 61
116 105
117 79
118 71
119 48
120 120
121 66
122 96
123 92
124 87
125 129
126 83
127 82
128 33
129 85
130 59
131 108
132 51
133 121
134 40
135 72
136 87
137 69
138 55
139 82
140 89
141 85
142 79
143 113
144 96
145 89
146 99
147 105
148 94
149 89
150 101
151 40
152 70
153 73
154 57
155 125
156 98
157 93
158 71
159 85
160 85
161 49
162 71
163 91
164 84
165 68
166 111
167 56
168 89
169 73
170 89
171 88
172 95
173 105
174 107
175 54
176 66
177 58
178 129
179 87
180 71
181 115
182 90
183 111
184 94
185 60
186 44
187 72
188 93
189 87
190 85
191 90
192 127
193 95
194 60
195 128
196 124
197 82
198 64
199 86
200 120
201 128
202 124
203 32
204 83
205 120
206 95
207 123
208 94
209 122
210 116
211 92
212 89
213 62
214 85
215 89
216 80
217 55
218 73
219 49
220 73
221 83
222 122
223 121
224 91
225 62
226 120
227 69
228 60
229 59
230 82
231 122
232 66
233 91
234 69
235 68
236 119
237 72
238 97
239 88
240 91
241 129
242 95
243 58
244 84
245 73
246 114
247 106
248 87
249 120
250 86
251 75
252 60
253 103
254 82
255 89
256 91
257 71
258 39
259 115
260 86
261 68
262 43
263 82
264 97
265 78
266 95
267 119
268 63
269 107
270 129
271 99
272 129
273 47
274 63
275 114
276 119
277 50
278 123
279 128
280 95
281 49
282 113
283 57
284 96
285 97
286 113
287 79
288 129
289 68
290 42
291 120
292 44
293 33
294 98
295 90
296 71
297 45
298 124
299 109
300 40
301 118
302 83
303 75
304 75
305 57
306 103
307 96
308 126
309 73
310 119
311 44
312 125
313 45
314 127
315 76
316 92
317 54
318 62
319 96
320 101
321 44
322 126
323 72
324 65
325 112
326 95
327 87
328 62
329 77
330 64
331 59
332 57
333 125
334 66
335 99
336 114
337 39
338 110
339 114
340 73
341 98
342 61
343 47
344 98
345 45
346 82
347 97
348 33
349 58
350 98
351 92
352 38
353 75
354 107
355 53
356 106
357 83
358 81
359 121
360 96
361 79
362 88
363 64
364 112
365 126
366 42
367 106
368 85
369 68
370 110
371 39
372 58
373 91
374 50
375 90
376 90
377 42
378 54
379 49
380 84
381 125
382 116
383 82
384 48
385 114
386 58
387 81
388 94
389 79
390 44
391 35
392 94
393 91
394 74
395 113
396 128
397 52
398 71
399 71
400 124
401 99
402 79
403 99
404 46
405 120
406 72
407 95
408 111
409 126
410 81
411 86
412 51
413 109
414 111
415 106
416 84
417 67
418 74
419 78
420 64
421 112
422 37
423 55
424 94
425 70
426 106
427 67
428 100
429 53
430 53
431 105
432 106
433 63
434 66
435 86
436 114
437 82
438 115
439 90
440 120
441 84
442 105
443 84
444 89
445 73
446 103
447 91
448 46
449 80
450 83
451 122
452 104
453 112
454 51
455 87
456 76
457 46
458 125
459 84
460 88
461 104
462 64
463 61
464 81
465 60
466 123
467 80
468 37
469 60
470 66
471 91
472 63
473 94
474 110
475 55
476 70
477 95
478 86
479 77
480 96
481 92
482 51
483 55
484 89
485 30
486 48
487 103
488 64
489 57
490 116
491 48
492 95
493 81
494 100
495 65
496 119
497 122
498 62
499 78
500 104
501 75
502 92
503 116
504 112
505 74
506 65
507 43
508 90
509 123
510 46
511 120
512 125
513 121
514 85
515 88
516 127
517 112
518 109
519 70
520 33
521 86
522 116
523 90
524 101
525 77
526 118
527 37
528 71
529 60
530 90
531 105
532 83
533 71
534 108
535 102
536 113
537 127
538 64
539 32
540 58
541 100
542 39
543 73
544 33
545 78
546 70
547 40
548 99
549 68
550 73
551 63
552 68
553 121
554 62
555 80
556 60
557 90
558 72
559 97
560 98
561 100
562 46
563 88
564 113
565 100
566 119
567 121
568 117
569 92
570 98
571 109
572 33
573 92
574 106
575 81
576 37
577 114
578 53
579 55
580 96
581 66
582 37
583 90
584 109
585 120
586 121
587 77
588 115
589 121
590 60
591 54
592 82
593 99
594 123
595 83
596 51
597 115
598 54
599 104
600 38
601 111
602 90
603 62
604 70
605 77
606 113
607 73
608 117
609 109
610 114
611 56
612 65
613 117
614 80
615 98
616 87
617 107
618 41
619 77
620 43
621 59
622 59
623 123
624 111
625 72
626 91
627 33
628 104
629 99
630 107
631 110
632 73
633 112
634 93
635 62
636 55
637 81
638 83
639 88
640 80
641 72
642 43
643 102
644 50
645 71
646 98
647 85
648 111
649 43
650 85
651 94
652 125
653 57
654 86
655 87
656 95
657 79
658 110
659 92
660 122
661 61
662 82
663 112
664 94
665 109
666 127
667 51
668 90
669 50
670 73
671 67
672 64
673 83
674 52
675 127
676 108
677 102
678 64
679 55
680 58
681 113
682 85
683 68
684 113
685 83
686 87
687 87
688 121
689 124
690 129
691 62
692 112
693 116
694 129
695 90
696 62
697 82
698 68
699 87
700 66
701 90
702 100
703 87
704 58
705 129
706 116
707 87
708 105
709 104
710 44
711 60
712 91
713 118
714 124
715 98
716 71
717 71
718 82
719 113
720 124
721 37
722 34
723 98
724 75
725 87
726 88
727 119
728 73
729 76
730 114
731 41
732 65
733 115
734 114
735 58
736 73
737 86
738 114
739 72
740 100
741 82
742 50
743 58
744 81
745 94
746 97
747 39
748 66
749 125
750 59
751 95
752 84
753 68
754 83
755 45
756 50
757 88
758 126
759 97
760 89
761 89
762 94
763 123
764 74
765 52
766 108
767 87
768 65
769 119
770 84
771 66
772 113
773 40
774 103
775 85
776 109
777 71
778 30
779 50
780 48
781 114
782 90
783 95
784 64
785 36
786 64
787 79
788 49
789 79
790 82
791 64
792 99
793 60
794 88
795 78
796 128
797 38
798 85
799 59
800 65
;
param nested_lowerbound := 
1 0
2 76
3 89
4 113
5 222
6 309
7 360
8 383
9 420
10 426
11 464
12 467
13 493
14 502
15 537
16 544
17 567
18 608
19 692
20 742
21 801
22 845
23 950
24 1035
25 1048
26 1067
27 1119
28 1160
29 1162
30 1230
31 1275
32 1298
33 1393
34 1414
35 1462
36 1480
37 1504
38 1546
39 1570
40 1614
41 1624
42 1700
43 1742
44 1745
45 1747
46 1858
47 1875
48 1882
49 1918
50 1951
51 2071
52 2114
53 2170
54 2207
55 2253
56 2334
57 2344
58 2422
59 2432
60 2466
61 2489
62 2502
63 2541
64 2591
65 2640
66 2748
67 2752
68 2772
69 2866
70 2894
71 2920
72 2947
73 3003
74 3036
75 3051
76 3087
77 3134
78 3167
79 3205
80 3235
81 3262
82 3283
83 3317
84 3343
85 3398
86 3406
87 3487
88 3517
89 3557
90 3577
91 3658
92 3693
93 3751
94 3807
95 3845
96 3893
97 3934
98 4015
99 4042
100 4128
101 4166
102 4212
103 4241
104 4243
105 4267
106 4360
107 4478
108 4508
109 4582
110 4611
111 4675
112 4713
113 4751
114 4778
115 4822
116 4921
117 4931
118 4962
119 4988
120 5070
121 5119
122 5188
123 5204
124 5238
125 5245
126 5309
127 5327
128 5353
129 5364
130 5393
131 5403
132 5445
133 5543
134 5561
135 5617
136 5684
137 5689
138 5721
139 5748
140 5807
141 5884
142 5931
143 5956
144 5988
145 6070
146 6143
147 6239
148 6246
149 6310
150 6356
151 6369
152 6412
153 6427
154 6484
155 6485
156 6523
157 6593
158 6605
159 6630
160 6713
161 6761
162 6786
163 6866
164 6894
165 6929
166 6981
167 6985
168 6989
169 7022
170 7078
171 7112
172 7119
173 7131
174 7174
175 7202
176 7247
177 7273
178 7293
179 7354
180 7393
181 7500
182 7503
183 7607
184 7638
185 7651
186 7670
187 7733
188 7749
189 7777
190 7794
191 7798
192 7903
193 7952
194 7998
195 8115
196 8171
197 8197
198 8251
199 8325
200 8361
201 8451
202 8550
203 8581
204 8648
205 8653
206 8678
207 8762
208 8829
209 8945
210 8962
211 9045
212 9058
213 9073
214 9102
215 9147
216 9147
217 9199
218 9269
219 9306
220 9307
221 9354
222 9396
223 9487
224 9507
225 9545
226 9592
227 9599
228 9605
229 9645
230 9678
231 9741
232 9776
233 9781
234 9837
235 9840
236 9868
237 9898
238 9924
239 9970
240 9996
241 10054
242 10103
243 10155
244 10156
245 10192
246 10273
247 10361
248 10400
249 10504
250 10531
251 10554
252 10555
253 10589
254 10607
255 10613
256 10656
257 10678
258 10698
259 10767
260 10813
261 10876
262 10884
263 10898
264 10946
265 10974
266 10984
267 10996
268 11041
269 11144
270 11271
271 11289
272 11410
273 11412
274 11439
275 11552
276 11663
277 11678
278 11717
279 11802
280 11850
281 11867
282 11932
283 11938
284 11960
285 12046
286 12131
287 12189
288 12240
289 12264
290 12266
291 12325
292 12364
293 12366
294 12415
295 12465
296 12472
297 12481
298 12596
299 12687
300 12688
301 12736
302 12774
303 12805
304 12828
305 12860
306 12935
307 12981
308 13052
309 13115
310 13166
311 13182
312 13246
313 13284
314 13338
315 13383
316 13462
317 13484
318 13531
319 13567
320 13620
321 13629
322 13667
323 13719
324 13783
325 13789
326 13872
327 13884
328 13935
329 14008
330 14050
331 14091
332 14101
333 14187
334 14198
335 14204
336 14260
337 14268
338 14288
339 14344
340 14385
341 14440
342 14445
343 14477
344 14566
345 14568
346 14572
347 14619
348 14647
349 14669
350 14678
351 14754
352 14773
353 14826
354 14831
355 14836
356 14842
357 14922
358 14978
359 15078
360 15082
361 15102
362 15120
363 15183
364 15242
365 15315
366 15339
367 15396
368 15464
369 15522
370 15626
371 15648
372 15659
373 15701
374 15715
375 15742
376 15802
377 15808
378 15829
379 15843
380 15855
381 15975
382 15980
383 16021
384 16067
385 16078
386 16085
387 16126
388 16169
389 16220
390 16264
391 16265
392 16310
393 16357
394 16411
395 16517
396 16618
397 16631
398 16661
399 16708
400 16824
401 16867
402 16941
403 17001
404 17030
405 17086
406 17129
407 17171
408 17179
409 17273
410 17337
411 17375
412 17419
413 17480
414 17532
415 17551
416 17613
417 17627
418 17637
419 17684
420 17731
421 17757
422 17781
423 17830
424 17841
425 17890
426 17960
427 18013
428 18055
429 18066
430 18084
431 18090
432 18162
433 18172
434 18238
435 18305
436 18339
437 18389
438 18472
439 18497
440 18610
441 18654
442 18660
443 18708
444 18770
445 18800
446 18830
447 18840
448 18883
449 18941
450 18962
451 19003
452 19070
453 19088
454 19095
455 19119
456 19161
457 19193
458 19292
459 19337
460 19392
461 19395
462 19429
463 19490
464 19550
465 19574
466 19594
467 19607
468 19625
469 19685
470 19746
471 19781
472 19783
473 19811
474 19820
475 19848
476 19872
477 19911
478 19996
479 20054
480 20101
481 20108
482 20111
483 20115
484 20158
485 20170
486 20191
487 20197
488 20232
489 20265
490 20347
491 20359
492 20440
493 20493
494 20513
495 20519
496 20589
497 20710
498 20744
499 20767
500 20869
501 20909
502 20964
503 20978
504 21024
505 21045
506 21101
507 21131
508 21178
509 21253
510 21267
511 21295
512 21347
513 21358
514 21386
515 21442
516 21443
517 21510
518 21604
519 21666
520 21686
521 21748
522 21767
523 21849
524 21918
525 21922
526 21958
527 21983
528 22030
529 22037
530 22119
531 22151
532 22191
533 22231
534 22304
535 22359
536 22429
537 22498
538 22553
539 22561
540 22564
541 22655
542 22680
543 22724
544 22739
545 22781
546 22801
547 22831
548 22837
549 22840
550 22883
551 22893
552 22893
553 22966
554 23014
555 23016
556 23034
557 23083
558 23114
559 23189
560 23276
561 23322
562 23328
563 23336
564 23365
565 23408
566 23436
567 23462
568 23498
569 23573
570 23636
571 23687
572 23706
573 23742
574 23812
575 23838
576 23873
577 23983
578 24024
579 24052
580 24122
581 24150
582 24153
583 24229
584 24249
585 24308
586 24393
587 24446
588 24525
589 24525
590 24545
591 24561
592 24565
593 24587
594 24691
595 24730
596 24775
597 24837
598 24848
599 24869
600 24880
601 24938
602 24979
603 24983
604 24986
605 25018
606 25042
607 25117
608 25179
609 25180
610 25286
611 25341
612 25405
613 25470
614 25483
615 25498
616 25553
617 25566
618 25592
619 25631
620 25658
621 25689
622 25741
623 25772
624 25840
625 25866
626 25878
627 25890
628 25982
629 26034
630 26125
631 26192
632 26264
633 26309
634 26389
635 26395
636 26447
637 26470
638 26518
639 26519
640 26566
641 26572
642 26608
643 26674
644 26691
645 26717
646 26734
647 26763
648 26833
649 26872
650 26898
651 26936
652 26941
653 26961
654 27029
655 27029
656 27039
657 27092
658 27130
659 27183
660 27300
661 27346
662 27373
663 27409
664 27502
665 27515
666 27578
667 27585
668 27590
669 27637
670 27693
671 27718
672 27776
673 27810
674 27854
675 27868
676 27963
677 28014
678 28065
679 28111
680 28114
681 28114
682 28192
683 28250
684 28290
685 28317
686 28368
687 28401
688 28462
689 28517
690 28621
691 28676
692 28724
693 28823
694 28931
695 28978
696 29031
697 29083
698 29144
699 29166
700 29170
701 29191
702 29289
703 29338
704 29375
705 29391
706 29445
707 29471
708 29549
709 29595
710 29638
711 29641
712 29668
713 29725
714 29833
715 29877
716 29882
717 29933
718 30008
719 30067
720 30113
721 30140
722 30153
723 30200
724 30207
725 30236
726 30282
727 30393
728 30436
729 30476
730 30562
731 30599
732 30615
733 30692
734 30764
735 30792
736 30833
737 30836
738 30908
739 30909
740 30944
741 30960
742 30972
743 30976
744 30979
745 31027
746 31121
747 31136
748 31171
749 31197
750 31200
751 31207
752 31209
753 31271
754 31291
755 31312
756 31334
757 31406
758 31514
759 31515
760 31587
761 31651
762 31728
763 31827
764 31859
765 31883
766 31949
767 31979
768 32036
769 32136
770 32150
771 32174
772 32284
773 32313
774 32346
775 32369
776 32421
777 32488
778 32494
779 32501
780 32502
781 32578
782 32630
783 32691
784 32719
785 32741
786 32769
787 32781
788 32819
789 32870
790 32944
791 32998
792 33036
793 33096
794 33130
795 33185
796 33203
797 33218
798 33281
799 33329
800 33462
;
param nested_upperbound := 
1 27
2 76
3 116
4 127
5 230
6 337
7 379
8 448
9 462
10 477
11 602
12 630
13 678
14 718
15 722
16 739
17 770
18 815
19 836
20 922
21 926
22 996
23 1004
24 1043
25 1110
26 1170
27 1223
28 1254
29 1332
30 1398
31 1439
32 1496
33 1584
34 1589
35 1649
36 1670
37 1678
38 1681
39 1682
40 1685
41 1689
42 1713
43 1789
44 1840
45 1919
46 1971
47 2034
48 2102
49 2165
50 2205
51 2216
52 2284
53 2320
54 2330
55 2420
56 2437
57 2515
58 2533
59 2538
60 2548
61 2550
62 2565
63 2577
64 2600
65 2646
66 2761
67 2812
68 2815
69 2915
70 2916
71 2941
72 2973
73 3007
74 3042
75 3112
76 3153
77 3200
78 3209
79 3220
80 3243
81 3331
82 3351
83 3390
84 3391
85 3442
86 3469
87 3509
88 3570
89 3632
90 3673
91 3762
92 3864
93 3876
94 3916
95 3967
96 4064
97 4079
98 4130
99 4134
100 4182
101 4211
102 4254
103 4286
104 4315
105 4332
106 4428
107 4511
108 4608
109 4675
110 4699
111 4809
112 4826
113 4903
114 4914
115 4924
116 5018
117 5030
118 5053
119 5071
120 5114
121 5152
122 5197
123 5234
124 5247
125 5318
126 5346
127 5349
128 5371
129 5383
130 5436
131 5512
132 5536
133 5579
134 5594
135 5623
136 5688
137 5744
138 5775
139 5810
140 5859
141 5927
142 5951
143 6032
144 6101
145 6176
146 6214
147 6252
148 6263
149 6341
150 6441
151 6452
152 6455
153 6524
154 6554
155 6610
156 6636
157 6683
158 6699
159 6776
160 6812
161 6858
162 6895
163 6932
164 6972
165 6973
166 7028
167 7029
168 7084
169 7121
170 7168
171 7254
172 7329
173 7399
174 7492
175 7532
176 7562
177 7583
178 7627
179 7713
180 7716
181 7720
182 7775
183 7780
184 7840
185 7873
186 7900
187 7953
188 8020
189 8103
190 8104
191 8105
192 8181
193 8231
194 8287
195 8373
196 8429
197 8475
198 8489
199 8562
200 8664
201 8783
202 8783
203 8796
204 8801
205 8824
206 8866
207 8896
208 8954
209 8963
210 9036
211 9049
212 9083
213 9099
214 9164
215 9169
216 9200
217 9244
218 9299
219 9314
220 9355
221 9425
222 9515
223 9519
224 9538
225 9545
226 9608
227 9637
228 9652
229 9691
230 9761
231 9850
232 9911
233 9944
234 9979
235 10016
236 10064
237 10094
238 10190
239 10216
240 10289
241 10343
242 10389
243 10430
244 10498
245 10563
246 10666
247 10766
248 10830
249 10910
250 10919
251 10950
252 10953
253 10968
254 11020
255 11077
256 11133
257 11169
258 11181
259 11263
260 11283
261 11297
262 11300
263 11357
264 11450
265 11474
266 11513
267 11565
268 11602
269 11652
270 11765
271 11772
272 11777
273 11807
274 11841
275 11844
276 11935
277 11964
278 12062
279 12101
280 12114
281 12119
282 12170
283 12191
284 12253
285 12308
286 12311
287 12379
288 12425
289 12480
290 12520
291 12534
292 12570
293 12589
294 12682
295 12689
296 12726
297 12746
298 12837
299 12843
300 12863
301 12946
302 13020
303 13061
304 13112
305 13121
306 13178
307 13273
308 13299
309 13341
310 13374
311 13380
312 13460
313 13498
314 13510
315 13555
316 13635
317 13637
318 13688
319 13724
320 13741
321 13751
322 13752
323 13816
324 13858
325 13895
326 13903
327 13949
328 13959
329 14010
330 14072
331 14106
332 14144
333 14196
334 14220
335 14242
336 14348
337 14386
338 14411
339 14432
340 14475
341 14499
342 14540
343 14543
344 14573
345 14595
346 14673
347 14698
348 14724
349 14753
350 14787
351 14804
352 14825
353 14880
354 14882
355 14934
356 14940
357 14966
358 15045
359 15084
360 15109
361 15150
362 15224
363 15249
364 15355
365 15402
366 15434
367 15496
368 15514
369 15552
370 15639
371 15653
372 15677
373 15720
374 15756
375 15836
376 15916
377 15920
378 15940
379 15985
380 16046
381 16106
382 16127
383 16156
384 16203
385 16300
386 16354
387 16423
388 16453
389 16516
390 16531
391 16545
392 16595
393 16685
394 16719
395 16736
396 16837
397 16853
398 16875
399 16903
400 16912
401 16938
402 16998
403 17062
404 17096
405 17187
406 17249
407 17259
408 17261
409 17323
410 17374
411 17404
412 17420
413 17492
414 17590
415 17621
416 17684
417 17730
418 17764
419 17764
420 17806
421 17833
422 17869
423 17876
424 17898
425 17939
426 17991
427 18040
428 18118
429 18119
430 18150
431 18184
432 18237
433 18265
434 18314
435 18363
436 18388
437 18456
438 18564
439 18607
440 18628
441 18679
442 18756
443 18792
444 18794
445 18819
446 18891
447 18954
448 18999
449 19059
450 19081
451 19121
452 19153
453 19178
454 19181
455 19224
456 19289
457 19295
458 19307
459 19349
460 19417
461 19485
462 19535
463 19548
464 19564
465 19596
466 19630
467 19677
468 19688
469 19740
470 19786
471 19845
472 19863
473 19905
474 19918
475 19924
476 19981
477 20043
478 20052
479 20117
480 20124
481 20125
482 20142
483 20150
484 20176
485 20186
486 20195
487 20278
488 20318
489 20353
490 20417
491 20423
492 20459
493 20511
494 20553
495 20574
496 20668
497 20762
498 20763
499 20804
500 20885
501 20944
502 20976
503 21074
504 21120
505 21189
506 21223
507 21226
508 21248
509 21264
510 21271
511 21301
512 21378
513 21420
514 21437
515 21455
516 21515
517 21625
518 21726
519 21791
520 21793
521 21866
522 21981
523 22046
524 22070
525 22136
526 22211
527 22219
528 22269
529 22288
530 22311
531 22368
532 22403
533 22451
534 22468
535 22475
536 22541
537 22608
538 22653
539 22682
540 22703
541 22715
542 22715
543 22750
544 22773
545 22784
546 22827
547 22840
548 22844
549 22894
550 22963
551 22996
552 23057
553 23075
554 23118
555 23149
556 23180
557 23233
558 23258
559 23328
560 23385
561 23425
562 23443
563 23448
564 23487
565 23517
566 23630
567 23659
568 23705
569 23746
570 23838
571 23867
572 23874
573 23913
574 23990
575 24039
576 24047
577 24090
578 24124
579 24177
580 24220
581 24239
582 24240
583 24248
584 24337
585 24390
586 24446
587 24458
588 24556
589 24584
590 24630
591 24671
592 24689
593 24698
594 24762
595 24808
596 24826
597 24839
598 24864
599 24904
600 24936
601 25015
602 25054
603 25067
604 25075
605 25105
606 25111
607 25117
608 25214
609 25273
610 25378
611 25416
612 25463
613 25479
614 25532
615 25591
616 25645
617 25720
618 25754
619 25766
620 25780
621 25825
622 25862
623 25897
624 25956
625 25978
626 26040
627 26059
628 26100
629 26111
630 26211
631 26221
632 26293
633 26360
634 26432
635 26489
636 26537
637 26549
638 26586
639 26603
640 26681
641 26742
642 26747
643 26821
644 26823
645 26851
646 26889
647 26937
648 27000
649 27034
650 27072
651 27145
652 27191
653 27238
654 27269
655 27275
656 27319
657 27376
658 27393
659 27471
660 27516
661 27544
662 27588
663 27681
664 27736
665 27740
666 27771
667 27813
668 27879
669 27888
670 27944
671 27947
672 27990
673 28019
674 28054
675 28118
676 28177
677 28216
678 28261
679 28262
680 28295
681 28362
682 28430
683 28478
684 28496
685 28531
686 28555
687 28611
688 28672
689 28691
690 28795
691 28828
692 28904
693 29014
694 29066
695 29115
696 29125
697 29157
698 29161
699 29209
700 29215
701 29293
702 29384
703 29470
704 29483
705 29602
706 29707
707 29733
708 29750
709 29807
710 29821
711 29869
712 29906
713 29979
714 30050
715 30066
716 30094
717 30101
718 30126
719 30185
720 30271
721 30287
722 30306
723 30359
724 30403
725 30447
726 30507
727 30555
728 30604
729 30614
730 30632
731 30641
732 30688
733 30694
734 30784
735 30827
736 30871
737 30915
738 31021
739 31084
740 31109
741 31176
742 31223
743 31277
744 31355
745 31374
746 31414
747 31442
748 31474
749 31592
750 31626
751 31629
752 31673
753 31727
754 31794
755 31805
756 31852
757 31937
758 31970
759 32042
760 32084
761 32103
762 32138
763 32190
764 32260
765 32307
766 32329
767 32413
768 32427
769 32540
770 32554
771 32558
772 32579
773 32590
774 32653
775 32654
776 32667
777 32720
778 32729
779 32751
780 32771
781 32780
782 32848
783 32942
784 32943
785 32949
786 32992
787 33013
788 33019
789 33067
790 33116
791 33128
792 33189
793 33221
794 33223
795 33289
796 33358
797 33361
798 33396
799 33423
800 33462
;
param cost_a := 
1 0.875090
2 0.528025
3 0.327548
4 0.372208
5 0.050291
6 0.666819
7 0.494600
8 0.874120
9 0.301131
10 0.142251
11 0.220303
12 0.034452
13 0.394122
14 0.722859
15 0.735809
16 0.861026
17 0.327748
18 0.755460
19 0.047847
20 0.499809
21 0.838958
22 0.748816
23 0.824459
24 0.110151
25 0.623827
26 0.272564
27 0.872692
28 0.004506
29 0.849496
30 0.819085
31 0.862036
32 0.163655
33 0.367536
34 0.444939
35 0.764762
36 0.516851
37 0.090605
38 0.646167
39 0.020447
40 0.623283
41 0.264790
42 0.028243
43 0.686882
44 0.607165
45 0.859287
46 0.906606
47 0.813154
48 0.383248
49 0.003082
50 0.017693
51 0.963096
52 0.362942
53 0.325032
54 0.033060
55 0.228443
56 0.953253
57 0.199282
58 0.550633
59 0.200892
60 0.251582
61 0.262192
62 0.687334
63 0.220898
64 0.399017
65 0.149971
66 0.316249
67 0.788454
68 0.083034
69 0.207944
70 0.379235
71 0.307185
72 0.677629
73 0.942934
74 0.562267
75 0.338011
76 0.474700
77 0.229446
78 0.946072
79 0.262246
80 0.395082
81 0.738385
82 0.038478
83 0.696385
84 0.470942
85 0.733784
86 0.857671
87 0.161977
88 0.263339
89 0.278523
90 0.466938
91 0.393837
92 0.219535
93 0.004290
94 0.561717
95 0.268514
96 0.784260
97 0.934020
98 0.378681
99 0.652297
100 0.857406
101 0.396842
102 0.334303
103 0.504181
104 0.937739
105 0.846026
106 0.406795
107 0.324080
108 0.008007
109 0.379724
110 0.350490
111 0.510240
112 0.901402
113 0.972283
114 0.375700
115 0.382165
116 0.542671
117 0.850651
118 0.939765
119 0.536490
120 0.079201
121 0.095959
122 0.776473
123 0.833158
124 0.508282
125 0.414545
126 0.241197
127 0.657848
128 0.966250
129 0.105769
130 0.468066
131 0.174007
132 0.373611
133 0.555661
134 0.723172
135 0.063980
136 0.627245
137 0.106001
138 0.694256
139 0.763574
140 0.996663
141 0.887656
142 0.282525
143 0.418088
144 0.815825
145 0.165026
146 0.756176
147 0.730158
148 0.965375
149 0.915193
150 0.887926
151 0.530946
152 0.012192
153 0.760892
154 0.930266
155 0.286064
156 0.214004
157 0.990669
158 0.982364
159 0.846267
160 0.906357
161 0.232594
162 0.471496
163 0.570306
164 0.067567
165 0.399677
166 0.109560
167 0.483517
168 0.104351
169 0.795615
170 0.791689
171 0.390540
172 0.116651
173 0.758776
174 0.479169
175 0.834249
176 0.084731
177 0.930328
178 0.152807
179 0.485326
180 0.574959
181 0.159173
182 0.435606
183 0.958056
184 0.682744
185 0.201860
186 0.465029
187 0.177803
188 0.021924
189 0.739913
190 0.045340
191 0.274249
192 0.629477
193 0.820003
194 0.029469
195 0.541883
196 0.682734
197 0.624165
198 0.267502
199 0.295334
200 0.923351
201 0.497771
202 0.315390
203 0.452044
204 0.648124
205 0.402199
206 0.422646
207 0.398399
208 0.061286
209 0.417198
210 0.111727
211 0.137826
212 0.686260
213 0.594649
214 0.924521
215 0.880492
216 0.406898
217 0.360968
218 0.642800
219 0.114123
220 0.549075
221 0.779656
222 0.489672
223 0.794097
224 0.223056
225 0.318467
226 0.488038
227 0.608355
228 0.925393
229 0.317487
230 0.289744
231 0.308783
232 0.146162
233 0.124860
234 0.395556
235 0.855631
236 0.443189
237 0.856213
238 0.761303
239 0.595142
240 0.129472
241 0.941781
242 0.329444
243 0.882975
244 0.373319
245 0.052056
246 0.038049
247 0.477092
248 0.132824
249 0.638228
250 0.340601
251 0.653732
252 0.937077
253 0.187988
254 0.220233
255 0.348646
256 0.086113
257 0.380261
258 0.100959
259 0.693227
260 0.369915
261 0.624173
262 0.946147
263 0.101242
264 0.903840
265 0.988097
266 0.190940
267 0.566787
268 0.143673
269 0.263858
270 0.980513
271 0.057725
272 0.578100
273 0.869188
274 0.479998
275 0.831207
276 0.999656
277 0.468296
278 0.784632
279 0.159075
280 0.627346
281 0.585889
282 0.190078
283 0.330761
284 0.694908
285 0.104299
286 0.283120
287 0.899977
288 0.428262
289 0.366295
290 0.481839
291 0.958855
292 0.614036
293 0.658014
294 0.292082
295 0.759323
296 0.208104
297 0.116854
298 0.653496
299 0.256404
300 0.648900
301 0.598518
302 0.323571
303 0.121741
304 0.724844
305 0.745339
306 0.292104
307 0.468038
308 0.998541
309 0.424817
310 0.731172
311 0.936251
312 0.912464
313 0.852781
314 0.967153
315 0.927224
316 0.791681
317 0.079861
318 0.411552
319 0.608129
320 0.018739
321 0.102954
322 0.306287
323 0.891404
324 0.684131
325 0.665143
326 0.526831
327 0.870086
328 0.012866
329 0.827998
330 0.543026
331 0.198234
332 0.833461
333 0.639503
334 0.962595
335 0.628848
336 0.290257
337 0.678791
338 0.876301
339 0.364025
340 0.903272
341 0.935708
342 0.486427
343 0.033230
344 0.951876
345 0.378644
346 0.231673
347 0.995479
348 0.999412
349 0.678418
350 0.821770
351 0.259804
352 0.185422
353 0.888931
354 0.264061
355 0.635812
356 0.690486
357 0.437121
358 0.101981
359 0.762248
360 0.525745
361 0.545228
362 0.691833
363 0.416353
364 0.514992
365 0.197636
366 0.419422
367 0.980476
368 0.021799
369 0.972582
370 0.302100
371 0.134725
372 0.627442
373 0.485776
374 0.434415
375 0.755638
376 0.587506
377 0.838468
378 0.217056
379 0.630687
380 0.485798
381 0.326770
382 0.258931
383 0.947085
384 0.063856
385 0.752063
386 0.261213
387 0.580748
388 0.732573
389 0.974026
390 0.079829
391 0.997392
392 0.769597
393 0.868408
394 0.519365
395 0.082625
396 0.671946
397 0.590840
398 0.236508
399 0.441537
400 0.567855
401 0.006060
402 0.425134
403 0.650660
404 0.995221
405 0.318640
406 0.717810
407 0.606323
408 0.726023
409 0.336825
410 0.969943
411 0.493277
412 0.656989
413 0.415360
414 0.293015
415 0.996144
416 0.096276
417 0.956170
418 0.872244
419 0.193576
420 0.054323
421 0.397537
422 0.741774
423 0.111184
424 0.394039
425 0.892905
426 0.796865
427 0.164158
428 0.911362
429 0.369722
430 0.897826
431 0.694138
432 0.601767
433 0.366723
434 0.964308
435 0.497275
436 0.521619
437 0.974809
438 0.471337
439 0.651566
440 0.775370
441 0.352210
442 0.739844
443 0.081402
444 0.250360
445 0.648856
446 0.864712
447 0.145951
448 0.780631
449 0.757888
450 0.042248
451 0.105312
452 0.449398
453 0.114018
454 0.446718
455 0.604576
456 0.736965
457 0.778923
458 0.662022
459 0.320766
460 0.186646
461 0.293162
462 0.999763
463 0.641292
464 0.195847
465 0.232056
466 0.828942
467 0.684901
468 0.442769
469 0.079775
470 0.305175
471 0.137296
472 0.331278
473 0.931374
474 0.618785
475 0.253405
476 0.677289
477 0.646742
478 0.081332
479 0.976989
480 0.669608
481 0.413507
482 0.039060
483 0.445590
484 0.916468
485 0.227608
486 0.739467
487 0.185024
488 0.136078
489 0.570844
490 0.883614
491 0.052435
492 0.765338
493 0.553895
494 0.672021
495 0.460627
496 0.445410
497 0.001361
498 0.695925
499 0.608712
500 0.996195
501 0.382096
502 0.038355
503 0.355297
504 0.113799
505 0.133659
506 0.430960
507 0.000276
508 0.615923
509 0.793904
510 0.262694
511 0.589960
512 0.619653
513 0.435803
514 0.655409
515 0.427618
516 0.564480
517 0.203304
518 0.709126
519 0.257694
520 0.490410
521 0.266556
522 0.376161
523 0.096776
524 0.446889
525 0.254100
526 0.248515
527 0.908100
528 0.342791
529 0.177599
530 0.836860
531 0.258692
532 0.951085
533 0.041480
534 0.682156
535 0.759421
536 0.153826
537 0.725336
538 0.872378
539 0.468115
540 0.853959
541 0.341210
542 0.237030
543 0.534500
544 0.289997
545 0.100880
546 0.661060
547 0.183143
548 0.767934
549 0.780048
550 0.597497
551 0.666677
552 0.071844
553 0.136796
554 0.964572
555 0.076492
556 0.030433
557 0.130983
558 0.188268
559 0.871705
560 0.901372
561 0.499223
562 0.195213
563 0.679589
564 0.388570
565 0.166874
566 0.673504
567 0.331799
568 0.229613
569 0.123942
570 0.900509
571 0.230592
572 0.381412
573 0.756101
574 0.886882
575 0.987890
576 0.891677
577 0.205001
578 0.504967
579 0.847409
580 0.572156
581 0.133814
582 0.657481
583 0.686195
584 0.586638
585 0.294483
586 0.398794
587 0.396835
588 0.032561
589 0.532367
590 0.246315
591 0.175184
592 0.529603
593 0.322016
594 0.713463
595 0.680883
596 0.731991
597 0.604548
598 0.358373
599 0.199050
600 0.553305
601 0.592611
602 0.373938
603 0.811408
604 0.733393
605 0.323178
606 0.945001
607 0.183764
608 0.186563
609 0.071424
610 0.267421
611 0.894118
612 0.348571
613 0.290691
614 0.261474
615 0.261818
616 0.486951
617 0.514053
618 0.618458
619 0.393071
620 0.655094
621 0.642276
622 0.894596
623 0.631741
624 0.655027
625 0.250925
626 0.910250
627 0.796742
628 0.027175
629 0.976183
630 0.725180
631 0.498494
632 0.707455
633 0.684414
634 0.942007
635 0.456757
636 0.582876
637 0.994783
638 0.040242
639 0.090821
640 0.736377
641 0.807244
642 0.862197
643 0.720394
644 0.699979
645 0.789970
646 0.259764
647 0.501669
648 0.532364
649 0.300796
650 0.267531
651 0.727938
652 0.002857
653 0.956517
654 0.992859
655 0.347750
656 0.598303
657 0.021896
658 0.707521
659 0.495984
660 0.472709
661 0.966955
662 0.388186
663 0.494362
664 0.831552
665 0.936696
666 0.184467
667 0.157786
668 0.583479
669 0.491588
670 0.993468
671 0.341538
672 0.401721
673 0.810221
674 0.488703
675 0.481741
676 0.615823
677 0.597234
678 0.588934
679 0.417638
680 0.601405
681 0.210192
682 0.458961
683 0.039106
684 0.551453
685 0.008275
686 0.709554
687 0.276466
688 0.697230
689 0.633712
690 0.507683
691 0.642038
692 0.200215
693 0.863621
694 0.820894
695 0.944006
696 0.058542
697 0.815407
698 0.001127
699 0.923055
700 0.462233
701 0.653183
702 0.363445
703 0.410877
704 0.091096
705 0.525619
706 0.334129
707 0.177004
708 0.877468
709 0.267438
710 0.130256
711 0.916595
712 0.753069
713 0.417249
714 0.789330
715 0.836641
716 0.865033
717 0.343688
718 0.692737
719 0.021739
720 0.680768
721 0.729831
722 0.520745
723 0.202908
724 0.304619
725 0.342606
726 0.839446
727 0.714113
728 0.201354
729 0.909443
730 0.251502
731 0.301001
732 0.362356
733 0.038656
734 0.242740
735 0.045000
736 0.759928
737 0.453045
738 0.525595
739 0.983333
740 0.713471
741 0.357997
742 0.818092
743 0.041595
744 0.538346
745 0.535835
746 0.603496
747 0.650465
748 0.564074
749 0.747443
750 0.490962
751 0.891720
752 0.293067
753 0.230216
754 0.341473
755 0.211127
756 0.124426
757 0.508088
758 0.336022
759 0.646914
760 0.689418
761 0.374979
762 0.644458
763 0.152396
764 0.436025
765 0.777185
766 0.303620
767 0.939979
768 0.659594
769 0.403281
770 0.332298
771 0.841139
772 0.704856
773 0.091875
774 0.998291
775 0.463095
776 0.561742
777 0.688014
778 0.509247
779 0.427815
780 0.543151
781 0.718355
782 0.224185
783 0.202577
784 0.167482
785 0.213175
786 0.776536
787 0.973726
788 0.771998
789 0.180086
790 0.262240
791 0.676392
792 0.755196
793 0.629807
794 0.877866
795 0.672808
796 0.687155
797 0.668619
798 0.093953
799 0.670505
800 0.836437
;
param cost_b := 
1 0.343424
2 0.705553
3 -0.061159
4 0.621635
5 0.471362
6 -0.911582
7 -0.357087
8 -0.305356
9 -0.973781
10 -0.640206
11 0.155505
12 0.301201
13 0.875975
14 -0.245463
15 -0.164634
16 0.766989
17 0.070100
18 -0.622035
19 -0.066979
20 0.592216
21 0.422152
22 0.479535
23 0.312435
24 0.729753
25 -0.140668
26 0.802294
27 0.489760
28 0.340370
29 -0.426413
30 0.547374
31 0.594976
32 -0.707556
33 -0.388114
34 0.872761
35 -0.840474
36 0.603776
37 -0.143906
38 0.645700
39 -0.442523
40 0.231658
41 0.931449
42 0.657912
43 0.087617
44 -0.024751
45 -0.921751
46 0.869919
47 -0.509481
48 0.472372
49 0.272561
50 -0.120970
51 0.808821
52 -0.731699
53 -0.766762
54 0.074080
55 -0.816777
56 -0.107643
57 -0.159497
58 0.717422
59 -0.940805
60 0.517169
61 0.104876
62 0.513858
63 -0.538093
64 -0.809615
65 -0.248871
66 -0.279615
67 0.936863
68 0.288197
69 -0.759635
70 -0.081152
71 -0.769817
72 -0.970265
73 -0.219758
74 -0.866002
75 -0.296721
76 0.035013
77 -0.427071
78 -0.188883
79 0.874523
80 0.537216
81 0.241408
82 0.258645
83 -0.683621
84 -0.814223
85 -0.174330
86 -0.614601
87 0.237857
88 0.080798
89 -0.947114
90 0.042572
91 -0.093459
92 0.492538
93 0.739386
94 -0.861482
95 0.528655
96 0.463482
97 -0.316607
98 -0.450568
99 -0.790839
100 -0.247167
101 0.659182
102 0.845321
103 0.802131
104 -0.732748
105 -0.119282
106 0.407003
107 -0.976868
108 0.068950
109 -0.503546
110 -0.966095
111 -0.035997
112 -0.108505
113 0.820639
114 0.454297
115 0.403555
116 0.764332
117 0.742228
118 -0.872715
119 0.939346
120 -0.186147
121 -0.104247
122 -0.495598
123 0.399640
124 -0.202272
125 -0.022390
126 -0.479542
127 -0.124145
128 0.726340
129 0.411605
130 0.537284
131 -0.022711
132 -0.802185
133 0.883912
134 -0.043265
135 0.979178
136 -0.652632
137 -0.152220
138 0.864868
139 -0.302440
140 -0.508992
141 0.189839
142 -0.358742
143 -0.836293
144 -0.127981
145 -0.486263
146 0.335920
147 -0.789791
148 0.751401
149 -0.799322
150 -0.382387
151 0.268787
152 -0.831302
153 -0.832135
154 0.723574
155 -0.877048
156 -0.129488
157 0.260398
158 0.841705
159 0.611770
160 -0.805107
161 0.501291
162 0.294233
163 0.603487
164 0.827681
165 -0.549949
166 0.639564
167 0.044371
168 -0.495358
169 -0.112671
170 0.053061
171 0.911555
172 -0.999244
173 0.138186
174 0.111804
175 0.823601
176 -0.854608
177 0.689071
178 -0.340853
179 0.568398
180 0.618349
181 0.904996
182 0.446766
183 0.509748
184 0.629524
185 -0.587807
186 0.715874
187 -0.217568
188 -0.545835
189 0.685504
190 -0.825342
191 0.273113
192 -0.203902
193 -0.668012
194 -0.304272
195 -0.275767
196 -0.804737
197 -0.472195
198 0.090146
199 0.621970
200 -0.618246
201 -0.346909
202 -0.052644
203 -0.639464
204 0.311701
205 0.550924
206 0.002381
207 -0.141557
208 -0.637025
209 0.447405
210 0.566368
211 0.416236
212 0.560347
213 -0.098177
214 0.395020
215 -0.083969
216 0.984680
217 -0.989349
218 0.467268
219 -0.145665
220 -0.002703
221 -0.016917
222 0.780868
223 -0.898776
224 -0.121504
225 0.326803
226 -0.454232
227 0.224647
228 0.124792
229 0.038357
230 -0.224128
231 -0.044232
232 0.180452
233 0.283654
234 -0.500362
235 -0.501948
236 0.462455
237 0.367010
238 0.534034
239 -0.668893
240 -0.936014
241 0.189937
242 -0.870253
243 -0.256859
244 0.053527
245 0.396357
246 -0.089174
247 -0.003511
248 -0.926207
249 0.971184
250 -0.890998
251 0.026785
252 -0.072440
253 0.272475
254 -0.851075
255 -0.553034
256 -0.098813
257 0.693164
258 -0.660505
259 0.998613
260 0.643353
261 -0.332966
262 -0.375652
263 0.428559
264 -0.602932
265 0.214347
266 -0.126727
267 -0.928715
268 -0.077908
269 0.698546
270 0.881118
271 0.409085
272 0.596959
273 0.848441
274 0.221399
275 0.806411
276 0.033701
277 -0.544616
278 -0.680945
279 -0.572904
280 -0.194069
281 -0.189340
282 0.981870
283 -0.725750
284 0.339556
285 0.830174
286 -0.540466
287 -0.588478
288 0.916310
289 -0.500834
290 -0.844628
291 -0.680442
292 0.483708
293 0.511407
294 0.765718
295 -0.004646
296 0.278400
297 -0.323422
298 0.544108
299 -0.246803
300 0.010983
301 0.517305
302 -0.083121
303 0.130004
304 -0.372305
305 -0.200563
306 0.300385
307 0.369527
308 0.325063
309 -0.014647
310 -0.618578
311 0.341295
312 -0.573721
313 0.676725
314 -0.229337
315 -0.715161
316 0.641937
317 0.739694
318 -0.534596
319 0.910667
320 0.741522
321 0.969565
322 0.158870
323 0.308101
324 0.090638
325 -0.423937
326 0.134024
327 0.691630
328 -0.531292
329 0.968583
330 0.284815
331 0.413974
332 -0.207334
333 -0.591250
334 0.488998
335 0.253560
336 0.694023
337 -0.462601
338 0.350068
339 0.885228
340 0.318904
341 0.253777
342 -0.903680
343 0.304597
344 -0.481071
345 -0.748404
346 -0.280585
347 0.433792
348 0.562060
349 -0.283913
350 -0.769403
351 -0.492776
352 0.526477
353 -0.022890
354 -0.461819
355 0.545643
356 0.534124
357 0.489711
358 0.620799
359 -0.925236
360 0.827727
361 0.211071
362 -0.089184
363 0.002117
364 -0.821557
365 -0.671060
366 -0.451506
367 -0.995353
368 0.696065
369 0.132272
370 -0.276162
371 0.222824
372 -0.902325
373 -0.183994
374 -0.598060
375 0.357638
376 -0.797438
377 0.156867
378 -0.853623
379 -0.894994
380 0.168194
381 0.790442
382 -0.750549
383 0.140244
384 -0.655168
385 -0.755904
386 -0.043965
387 0.604105
388 0.063061
389 -0.820803
390 -0.898638
391 0.734931
392 0.235464
393 -0.595944
394 0.443664
395 0.430639
396 -0.583403
397 0.926655
398 -0.271542
399 -0.754323
400 -0.486832
401 0.081488
402 -0.997831
403 -0.727807
404 0.636943
405 0.950966
406 -0.580561
407 0.996307
408 -0.954512
409 -0.497307
410 -0.900363
411 0.545086
412 0.005620
413 0.693139
414 0.122752
415 -0.505422
416 0.841016
417 0.153031
418 -0.603290
419 -0.412411
420 -0.908967
421 -0.596233
422 -0.554343
423 -0.071067
424 -0.133867
425 0.182346
426 0.368904
427 0.449873
428 0.413986
429 -0.633714
430 -0.392480
431 -0.752395
432 -0.671628
433 0.899132
434 0.048270
435 -0.017755
436 0.187607
437 0.923069
438 0.553900
439 0.269707
440 -0.269320
441 -0.862889
442 -0.019710
443 0.371759
444 -0.337840
445 0.843637
446 0.489121
447 0.352221
448 -0.274327
449 -0.055803
450 0.470850
451 0.038267
452 -0.339698
453 0.685988
454 -0.720752
455 -0.382032
456 0.173865
457 -0.823785
458 -0.457836
459 0.874470
460 -0.291994
461 0.110204
462 -0.844502
463 -0.924129
464 0.125126
465 0.483826
466 -0.425294
467 0.028226
468 -0.001103
469 0.940408
470 -0.301498
471 0.982299
472 0.529183
473 0.750027
474 -0.120645
475 -0.262474
476 -0.637784
477 -0.072869
478 0.480497
479 -0.070763
480 0.019755
481 0.380629
482 -0.086364
483 -0.359057
484 -0.963153
485 0.525046
486 -0.958581
487 -0.441397
488 0.487910
489 -0.698399
490 0.163763
491 -0.566797
492 -0.369905
493 -0.902903
494 0.938938
495 0.056370
496 -0.013826
497 -0.886709
498 0.691920
499 0.308658
500 -0.234873
501 -0.813839
502 -0.194323
503 -0.146051
504 -0.826678
505 -0.213657
506 -0.335316
507 -0.612857
508 0.329025
509 -0.002584
510 -0.074785
511 -0.442026
512 0.663763
513 -0.586571
514 0.723796
515 -0.982749
516 0.280988
517 -0.237399
518 -0.388256
519 0.425065
520 0.149944
521 0.089238
522 -0.338446
523 -0.670340
524 0.340189
525 -0.223918
526 0.212601
527 0.177892
528 -0.068520
529 -0.404209
530 -0.326959
531 -0.568268
532 -0.935716
533 -0.073996
534 0.947720
535 0.682590
536 0.644598
537 0.272508
538 -0.182116
539 -0.185101
540 0.776989
541 -0.106882
542 0.166290
543 0.652496
544 0.212082
545 0.393114
546 0.466948
547 0.418785
548 0.492329
549 0.010077
550 -0.071752
551 0.238423
552 -0.885353
553 0.414532
554 -0.020186
555 0.093099
556 -0.051528
557 0.637214
558 0.622125
559 0.199052
560 -0.106745
561 -0.920815
562 -0.325596
563 0.471952
564 0.468509
565 0.970311
566 -0.628250
567 -0.375345
568 0.190914
569 0.564380
570 0.978778
571 0.216363
572 -0.530163
573 -0.023725
574 0.385055
575 -0.558811
576 -0.237176
577 0.747947
578 0.435036
579 0.498985
580 0.547478
581 0.717171
582 0.644425
583 -0.093483
584 -0.030933
585 -0.507965
586 -0.471915
587 0.240988
588 -0.375023
589 0.995138
590 0.988295
591 0.801436
592 -0.805255
593 -0.501854
594 0.049980
595 -0.686177
596 0.194911
597 -0.720041
598 -0.910527
599 -0.071702
600 -0.983737
601 0.251411
602 -0.505453
603 -0.777163
604 -0.811313
605 0.116470
606 0.166195
607 -0.202415
608 0.275700
609 0.044726
610 -0.258286
611 -0.048443
612 -0.451628
613 0.793859
614 -0.196854
615 0.336037
616 0.744848
617 -0.148951
618 -0.469278
619 -0.001232
620 -0.320401
621 -0.624936
622 -0.690390
623 0.577504
624 -0.722471
625 0.236260
626 0.329807
627 -0.174889
628 0.402075
629 0.007288
630 0.584048
631 0.135146
632 0.686276
633 0.175357
634 0.917801
635 -0.379782
636 -0.258685
637 -0.285388
638 0.069234
639 -0.574201
640 -0.475958
641 0.590857
642 0.803514
643 -0.806427
644 -0.818574
645 0.360424
646 -0.406668
647 -0.522802
648 0.466594
649 0.842903
650 -0.838720
651 0.975766
652 0.402235
653 -0.765284
654 0.610513
655 0.420246
656 0.570948
657 0.329350
658 -0.812908
659 -0.745403
660 0.481364
661 -0.732025
662 0.310039
663 -0.147413
664 -0.191801
665 -0.262860
666 0.910075
667 0.836658
668 -0.917225
669 -0.029188
670 -0.347441
671 0.629163
672 -0.495373
673 -0.325263
674 -0.149711
675 -0.597275
676 0.674419
677 0.596282
678 -0.920392
679 -0.748571
680 -0.626956
681 -0.851514
682 0.245573
683 -0.964635
684 -0.256145
685 -0.252805
686 -0.327932
687 -0.162823
688 0.739837
689 -0.445598
690 -0.565834
691 -0.844306
692 0.357053
693 0.009117
694 -0.628280
695 0.860638
696 0.958604
697 0.180726
698 0.128207
699 0.368791
700 -0.479786
701 -0.756540
702 -0.767165
703 0.551043
704 0.647936
705 -0.786160
706 0.813634
707 -0.751297
708 -0.511293
709 0.364005
710 -0.985275
711 -0.223358
712 0.607973
713 -0.473020
714 -0.232142
715 0.699389
716 -0.505017
717 0.458597
718 0.563413
719 -0.468219
720 0.067342
721 -0.301407
722 -0.924443
723 -0.603353
724 -0.165049
725 -0.417346
726 -0.213948
727 0.399503
728 0.594959
729 0.241195
730 0.832894
731 0.964134
732 0.778338
733 -0.347601
734 0.677172
735 -0.266981
736 0.301679
737 0.328832
738 0.225388
739 -0.775671
740 0.591055
741 -0.083343
742 0.331131
743 -0.099550
744 -0.952894
745 0.572482
746 0.505787
747 0.826486
748 0.875210
749 0.474756
750 0.873555
751 -0.968890
752 -0.863182
753 -0.507882
754 0.594485
755 -0.135369
756 -0.181596
757 -0.498435
758 0.384453
759 0.713386
760 0.694085
761 0.557217
762 0.812686
763 -0.985997
764 -0.525180
765 0.965535
766 -0.327980
767 0.212160
768 0.526126
769 0.593400
770 0.454014
771 0.275340
772 -0.499012
773 -0.855245
774 0.302171
775 -0.549052
776 -0.826145
777 -0.362058
778 -0.477017
779 0.140686
780 -0.562767
781 -0.550897
782 -0.595129
783 -0.656411
784 -0.181053
785 -0.663605
786 -0.002185
787 0.080142
788 0.001989
789 0.506070
790 -0.856268
791 0.278509
792 -0.919102
793 0.447723
794 -0.547067
795 0.031441
796 0.304152
797 0.118038
798 0.441196
799 0.344457
800 -0.989761
;
