# Optimal value by DCA: 0.000280
data;

param N = 200;
param capacity := 
1 61
2 107
3 121
4 70
5 109
6 118
7 97
8 117
9 87
10 108
11 39
12 79
13 74
14 54
15 105
16 74
17 91
18 122
19 58
20 74
21 55
22 112
23 85
24 110
25 99
26 40
27 88
28 47
29 76
30 73
31 97
32 30
33 48
34 69
35 61
36 65
37 66
38 101
39 122
40 60
41 48
42 94
43 128
44 88
45 88
46 77
47 94
48 97
49 85
50 122
51 66
52 98
53 115
54 73
55 118
56 103
57 79
58 70
59 126
60 82
61 109
62 58
63 119
64 87
65 110
66 127
67 93
68 111
69 60
70 99
71 65
72 79
73 122
74 67
75 85
76 103
77 113
78 115
79 84
80 92
81 65
82 84
83 45
84 66
85 57
86 106
87 90
88 128
89 123
90 105
91 126
92 103
93 116
94 117
95 46
96 117
97 108
98 109
99 115
100 95
101 85
102 81
103 77
104 103
105 107
106 95
107 58
108 79
109 75
110 115
111 114
112 118
113 101
114 51
115 57
116 93
117 105
118 95
119 47
120 113
121 63
122 73
123 89
124 57
125 100
126 89
127 88
128 74
129 96
130 89
131 86
132 80
133 50
134 55
135 102
136 92
137 57
138 83
139 125
140 93
141 103
142 56
143 40
144 121
145 91
146 89
147 91
148 129
149 79
150 96
151 129
152 88
153 80
154 80
155 68
156 90
157 62
158 90
159 46
160 98
161 113
162 63
163 77
164 47
165 114
166 110
167 114
168 81
169 50
170 67
171 89
172 101
173 119
174 103
175 81
176 36
177 84
178 101
179 53
180 76
181 93
182 111
183 118
184 126
185 128
186 48
187 71
188 70
189 92
190 126
191 127
192 85
193 69
194 120
195 66
196 36
197 90
198 75
199 33
200 117
;
param nested_lowerbound := 
1 14
2 56
3 141
4 148
5 177
6 243
7 280
8 350
9 379
10 443
11 457
12 499
13 566
14 604
15 679
16 688
17 708
18 821
19 849
20 878
21 905
22 1000
23 1043
24 1136
25 1155
26 1176
27 1178
28 1180
29 1227
30 1249
31 1276
32 1295
33 1302
34 1348
35 1364
36 1414
37 1443
38 1539
39 1637
40 1648
41 1652
42 1789
43 1803
44 1870
45 1870
46 1881
47 1973
48 1990
49 2020
50 2062
51 2083
52 2129
53 2196
54 2261
55 2301
56 2360
57 2386
58 2417
59 2504
60 2512
61 2516
62 2538
63 2632
64 2677
65 2715
66 2729
67 2781
68 2828
69 2830
70 2834
71 2848
72 2914
73 3003
74 3010
75 3038
76 3092
77 3165
78 3202
79 3266
80 3334
81 3364
82 3394
83 3405
84 3412
85 3443
86 3507
87 3564
88 3597
89 3679
90 3771
91 3798
92 3870
93 3933
94 4019
95 4046
96 4147
97 4239
98 4286
99 4381
100 4412
101 4492
102 4531
103 4538
104 4621
105 4719
106 4778
107 4836
108 4847
109 4853
110 4936
111 4952
112 5032
113 5119
114 5154
115 5200
116 5246
117 5297
118 5362
119 5388
120 5404
121 5426
122 5462
123 5531
124 5566
125 5581
126 5598
127 5635
128 5650
129 5683
130 5740
131 5751
132 5755
133 5763
134 5811
135 5884
136 5888
137 5911
138 5913
139 6024
140 6034
141 6103
142 6116
143 6137
144 6249
145 6333
146 6363
147 6449
148 6522
149 6533
150 6562
151 6593
152 6641
153 6642
154 6700
155 6724
156 6758
157 6817
158 6892
159 6928
160 6985
161 7054
162 7113
163 7181
164 7212
165 7228
166 7233
167 7256
168 7306
169 7331
170 7353
171 7383
172 7386
173 7449
174 7505
175 7524
176 7547
177 7549
178 7589
179 7638
180 7641
181 7689
182 7788
183 7812
184 7927
185 8029
186 8071
187 8104
188 8172
189 8201
190 8227
191 8352
192 8394
193 8460
194 8519
195 8553
196 8583
197 8664
198 8691
199 8700
200 9213
;
param nested_upperbound := 
1 59
2 133
3 143
4 160
5 237
6 275
7 369
8 391
9 406
10 473
11 475
12 528
13 577
14 617
15 686
16 700
17 772
18 865
19 877
20 930
21 980
22 1048
23 1087
24 1137
25 1173
26 1189
27 1222
28 1258
29 1269
30 1318
31 1350
32 1356
33 1392
34 1430
35 1447
36 1469
37 1504
38 1542
39 1659
40 1696
41 1742
42 1789
43 1858
44 1927
45 2006
46 2044
47 2080
48 2140
49 2147
50 2242
51 2264
52 2341
53 2446
54 2456
55 2551
56 2643
57 2660
58 2700
59 2786
60 2821
61 2858
62 2874
63 2988
64 3046
65 3149
66 3214
67 3300
68 3328
69 3342
70 3374
71 3404
72 3457
73 3546
74 3573
75 3647
76 3734
77 3781
78 3859
79 3878
80 3957
81 3967
82 3987
83 3993
84 4009
85 4050
86 4141
87 4177
88 4228
89 4324
90 4335
91 4351
92 4361
93 4424
94 4518
95 4521
96 4557
97 4557
98 4608
99 4637
100 4688
101 4707
102 4768
103 4803
104 4849
105 4919
106 4946
107 4988
108 5046
109 5101
110 5127
111 5145
112 5162
113 5188
114 5214
115 5254
116 5288
117 5321
118 5381
119 5410
120 5480
121 5512
122 5565
123 5641
124 5697
125 5758
126 5804
127 5846
128 5907
129 5961
130 6025
131 6026
132 6102
133 6148
134 6185
135 6217
136 6282
137 6337
138 6411
139 6462
140 6552
141 6648
142 6692
143 6729
144 6755
145 6802
146 6883
147 6888
148 6976
149 7003
150 7064
151 7078
152 7164
153 7220
154 7248
155 7296
156 7367
157 7371
158 7375
159 7399
160 7453
161 7554
162 7563
163 7569
164 7580
165 7661
166 7681
167 7772
168 7809
169 7844
170 7857
171 7914
172 7978
173 8005
174 8039
175 8093
176 8103
177 8166
178 8257
179 8290
180 8358
181 8404
182 8489
183 8532
184 8621
185 8685
186 8687
187 8724
188 8794
189 8798
190 8825
191 8826
192 8875
193 8917
194 8968
195 9030
196 9033
197 9094
198 9119
199 9133
200 9213
;
param cost_a := 
1 0.650686
2 0.948387
3 0.003577
4 0.959060
5 0.422600
6 0.406899
7 0.506222
8 0.625184
9 0.049793
10 0.989186
11 0.534626
12 0.265177
13 0.491755
14 0.912448
15 0.977117
16 0.940267
17 0.129767
18 0.223252
19 0.556571
20 0.595882
21 0.624066
22 0.881499
23 0.528491
24 0.049359
25 0.755422
26 0.455528
27 0.587456
28 0.114657
29 0.137805
30 0.909025
31 0.804692
32 0.792501
33 0.490584
34 0.348144
35 0.705607
36 0.451462
37 0.179221
38 0.453625
39 0.601024
40 0.891318
41 0.972669
42 0.647968
43 0.009498
44 0.114563
45 0.423685
46 0.841592
47 0.450464
48 0.535316
49 0.955052
50 0.864660
51 0.049101
52 0.226889
53 0.630175
54 0.422663
55 0.273685
56 0.650137
57 0.700812
58 0.614070
59 0.724839
60 0.114263
61 0.357678
62 0.717280
63 0.213455
64 0.000089
65 0.661443
66 0.091825
67 0.400217
68 0.522834
69 0.402120
70 0.645207
71 0.024521
72 0.527325
73 0.624145
74 0.391945
75 0.224229
76 0.493069
77 0.762405
78 0.175362
79 0.640070
80 0.579988
81 0.761269
82 0.635338
83 0.909643
84 0.167648
85 0.194165
86 0.986684
87 0.785853
88 0.931679
89 0.265511
90 0.123011
91 0.463243
92 0.060592
93 0.659807
94 0.979897
95 0.763076
96 0.744593
97 0.504466
98 0.978848
99 0.614140
100 0.564988
101 0.233460
102 0.730013
103 0.771148
104 0.878662
105 0.878114
106 0.996790
107 0.936226
108 0.726636
109 0.269405
110 0.219405
111 0.391370
112 0.199047
113 0.812846
114 0.657267
115 0.910881
116 0.560973
117 0.892594
118 0.441306
119 0.102679
120 0.784326
121 0.575619
122 0.527730
123 0.426019
124 0.440618
125 0.119840
126 0.713576
127 0.950521
128 0.187730
129 0.841833
130 0.512109
131 0.457564
132 0.330872
133 0.170279
134 0.792580
135 0.739958
136 0.153750
137 0.200527
138 0.664064
139 0.929464
140 0.900527
141 0.773698
142 0.127010
143 0.374100
144 0.442479
145 0.030483
146 0.528859
147 0.998311
148 0.785324
149 0.535315
150 0.841520
151 0.208953
152 0.664022
153 0.430837
154 0.228697
155 0.258692
156 0.531404
157 0.665615
158 0.289986
159 0.545784
160 0.275324
161 0.139784
162 0.756381
163 0.615343
164 0.996090
165 0.633831
166 0.268262
167 0.632088
168 0.141747
169 0.624983
170 0.192122
171 0.818197
172 0.233359
173 0.553660
174 0.226262
175 0.792253
176 0.315764
177 0.779235
178 0.808351
179 0.906445
180 0.141331
181 0.359815
182 0.069210
183 0.559024
184 0.935085
185 0.905056
186 0.277374
187 0.057676
188 0.399124
189 0.084002
190 0.387912
191 0.926851
192 0.392577
193 0.921709
194 0.446718
195 0.588204
196 0.470426
197 0.788918
198 0.207884
199 0.098217
200 0.180323
;
param cost_b := 
1 0.466744
2 -0.325549
3 0.155917
4 0.719820
5 0.638367
6 -0.249439
7 0.074755
8 -0.508073
9 -0.284660
10 0.002745
11 -0.858614
12 0.277902
13 0.490110
14 0.277761
15 0.005430
16 -0.576145
17 0.867955
18 -0.769112
19 0.966259
20 0.230013
21 0.235384
22 0.753702
23 0.816285
24 -0.410470
25 0.721809
26 0.344185
27 0.275640
28 0.795751
29 -0.334367
30 0.434479
31 0.637869
32 -0.117712
33 0.689343
34 0.563853
35 0.707814
36 -0.566067
37 -0.271557
38 -0.352887
39 -0.863385
40 -0.436715
41 0.205805
42 0.810086
43 0.837146
44 -0.040249
45 0.115284
46 -0.672222
47 0.763811
48 0.235347
49 0.201488
50 -0.024456
51 -0.458731
52 0.019158
53 -0.208381
54 0.748057
55 -0.780093
56 -0.392907
57 -0.430742
58 -0.864064
59 0.284063
60 0.225829
61 -0.392366
62 -0.580457
63 -0.207239
64 -0.064189
65 0.254412
66 0.808446
67 0.104772
68 -0.774513
69 -0.417474
70 -0.090229
71 -0.235170
72 0.571285
73 -0.153050
74 0.276066
75 -0.014289
76 -0.359271
77 0.440887
78 -0.902808
79 0.561157
80 -0.419232
81 0.498249
82 -0.058985
83 0.527275
84 -0.283199
85 0.765502
86 0.573357
87 0.038700
88 0.181596
89 0.359432
90 0.634299
91 0.686662
92 0.699389
93 0.221586
94 -0.436689
95 -0.077692
96 -0.252077
97 -0.373452
98 0.160941
99 -0.498142
100 -0.684707
101 -0.843648
102 0.515603
103 -0.760703
104 -0.708244
105 0.954334
106 -0.220444
107 -0.281963
108 0.017500
109 -0.744897
110 0.171213
111 0.890237
112 0.783474
113 -0.370522
114 -0.610247
115 -0.781857
116 0.780305
117 -0.341599
118 -0.428888
119 0.431797
120 -0.693215
121 -0.466946
122 -0.748154
123 0.120956
124 -0.158672
125 -0.329705
126 0.163376
127 -0.067615
128 0.811638
129 0.059283
130 -0.496530
131 -0.944539
132 0.057179
133 -0.066073
134 -0.576719
135 -0.825875
136 0.444792
137 -0.277733
138 -0.464826
139 -0.339450
140 0.403751
141 0.256637
142 -0.652539
143 0.000282
144 0.696351
145 -0.387671
146 0.099034
147 0.370027
148 0.263354
149 -0.103873
150 -0.520306
151 0.824823
152 -0.172040
153 -0.864500
154 -0.116662
155 -0.320401
156 -0.132178
157 0.315884
158 -0.913169
159 0.618555
160 0.518843
161 -0.750068
162 0.095817
163 0.982989
164 -0.033395
165 0.629477
166 0.152949
167 0.365269
168 -0.045081
169 -0.567983
170 -0.277005
171 0.583040
172 -0.285578
173 -0.749549
174 -0.345882
175 0.942877
176 -0.917455
177 0.325163
178 -0.886225
179 -0.179071
180 -0.064893
181 0.857150
182 0.722718
183 -0.467358
184 0.681149
185 -0.376981
186 0.537960
187 0.629036
188 0.132134
189 -0.088537
190 -0.306754
191 0.466112
192 -0.099084
193 0.183338
194 0.526659
195 0.462074
196 -0.345724
197 0.637599
198 0.343408
199 0.845564
200 -0.556423
;
