# Optimal value by DCA: 104.102446
data;

param N = 1600;
param capacity := 
1 117
2 73
3 67
4 128
5 63
6 122
7 43
8 81
9 80
10 55
11 94
12 99
13 113
14 96
15 68
16 87
17 68
18 70
19 98
20 103
21 106
22 124
23 83
24 108
25 128
26 54
27 50
28 99
29 113
30 78
31 96
32 83
33 113
34 30
35 37
36 51
37 129
38 102
39 116
40 76
41 31
42 99
43 48
44 116
45 51
46 71
47 88
48 92
49 97
50 67
51 91
52 129
53 110
54 114
55 50
56 118
57 95
58 72
59 70
60 85
61 77
62 67
63 31
64 38
65 89
66 110
67 83
68 111
69 97
70 95
71 97
72 50
73 71
74 98
75 70
76 64
77 97
78 68
79 119
80 59
81 97
82 93
83 69
84 93
85 129
86 99
87 123
88 94
89 87
90 91
91 122
92 104
93 82
94 39
95 120
96 79
97 96
98 69
99 96
100 119
101 120
102 108
103 120
104 36
105 98
106 60
107 53
108 33
109 108
110 113
111 72
112 67
113 93
114 37
115 42
116 60
117 91
118 49
119 56
120 84
121 62
122 76
123 92
124 45
125 119
126 129
127 119
128 91
129 121
130 79
131 54
132 86
133 97
134 102
135 50
136 55
137 69
138 34
139 58
140 114
141 111
142 80
143 58
144 121
145 61
146 93
147 71
148 81
149 79
150 47
151 95
152 99
153 77
154 123
155 101
156 92
157 91
158 81
159 117
160 68
161 79
162 85
163 107
164 81
165 37
166 63
167 41
168 76
169 128
170 57
171 65
172 49
173 92
174 75
175 70
176 109
177 100
178 98
179 85
180 47
181 129
182 74
183 45
184 98
185 53
186 79
187 91
188 68
189 79
190 86
191 119
192 100
193 100
194 111
195 71
196 92
197 55
198 125
199 97
200 95
201 127
202 88
203 89
204 68
205 92
206 65
207 62
208 70
209 122
210 78
211 47
212 117
213 112
214 106
215 40
216 74
217 49
218 84
219 118
220 77
221 85
222 102
223 82
224 41
225 124
226 77
227 118
228 128
229 69
230 96
231 104
232 94
233 50
234 53
235 92
236 108
237 90
238 101
239 90
240 102
241 79
242 74
243 75
244 87
245 68
246 65
247 125
248 121
249 122
250 86
251 42
252 106
253 41
254 80
255 123
256 105
257 90
258 76
259 78
260 98
261 46
262 97
263 125
264 68
265 76
266 84
267 104
268 94
269 100
270 59
271 82
272 119
273 71
274 106
275 79
276 106
277 70
278 61
279 124
280 118
281 123
282 85
283 115
284 78
285 96
286 129
287 61
288 106
289 127
290 86
291 51
292 49
293 99
294 104
295 86
296 70
297 79
298 61
299 81
300 94
301 61
302 77
303 109
304 54
305 102
306 96
307 51
308 118
309 82
310 95
311 81
312 103
313 84
314 100
315 75
316 66
317 88
318 64
319 69
320 96
321 41
322 83
323 113
324 101
325 105
326 87
327 73
328 40
329 91
330 71
331 93
332 125
333 122
334 101
335 94
336 41
337 104
338 115
339 116
340 104
341 94
342 38
343 58
344 96
345 111
346 105
347 44
348 95
349 70
350 101
351 97
352 111
353 111
354 99
355 95
356 71
357 107
358 86
359 116
360 77
361 83
362 46
363 109
364 32
365 66
366 119
367 82
368 100
369 112
370 119
371 73
372 121
373 40
374 55
375 47
376 104
377 81
378 50
379 83
380 69
381 98
382 116
383 106
384 108
385 80
386 100
387 125
388 128
389 129
390 83
391 84
392 69
393 85
394 112
395 98
396 104
397 64
398 109
399 128
400 121
401 119
402 96
403 55
404 124
405 65
406 108
407 113
408 89
409 92
410 98
411 45
412 38
413 117
414 94
415 83
416 105
417 51
418 104
419 112
420 128
421 60
422 78
423 75
424 73
425 90
426 122
427 98
428 88
429 81
430 75
431 88
432 73
433 98
434 102
435 120
436 103
437 102
438 93
439 41
440 67
441 65
442 43
443 111
444 88
445 53
446 42
447 68
448 125
449 108
450 117
451 36
452 99
453 78
454 94
455 104
456 73
457 119
458 97
459 63
460 119
461 69
462 87
463 110
464 34
465 123
466 105
467 40
468 129
469 119
470 87
471 88
472 89
473 114
474 84
475 102
476 129
477 104
478 56
479 62
480 32
481 78
482 75
483 36
484 62
485 37
486 90
487 96
488 61
489 59
490 52
491 84
492 70
493 126
494 124
495 122
496 98
497 102
498 121
499 94
500 91
501 100
502 82
503 99
504 121
505 50
506 82
507 68
508 96
509 52
510 127
511 98
512 77
513 119
514 88
515 102
516 99
517 94
518 60
519 78
520 47
521 94
522 32
523 121
524 86
525 67
526 116
527 126
528 124
529 126
530 60
531 57
532 39
533 34
534 34
535 41
536 79
537 92
538 79
539 80
540 111
541 46
542 46
543 74
544 44
545 63
546 76
547 69
548 92
549 106
550 65
551 65
552 105
553 48
554 78
555 117
556 127
557 84
558 93
559 90
560 48
561 128
562 64
563 94
564 120
565 104
566 93
567 103
568 79
569 95
570 50
571 118
572 93
573 108
574 118
575 84
576 43
577 79
578 110
579 100
580 41
581 83
582 84
583 55
584 105
585 52
586 47
587 99
588 111
589 64
590 62
591 32
592 111
593 43
594 67
595 49
596 125
597 97
598 54
599 75
600 87
601 109
602 50
603 62
604 91
605 108
606 94
607 73
608 50
609 110
610 88
611 84
612 50
613 108
614 108
615 118
616 60
617 128
618 90
619 56
620 86
621 101
622 83
623 116
624 92
625 97
626 30
627 115
628 125
629 120
630 89
631 98
632 51
633 95
634 103
635 84
636 118
637 62
638 119
639 93
640 81
641 35
642 113
643 125
644 90
645 66
646 75
647 86
648 67
649 82
650 74
651 115
652 92
653 56
654 71
655 95
656 85
657 96
658 102
659 78
660 113
661 129
662 95
663 119
664 74
665 115
666 45
667 54
668 94
669 103
670 69
671 38
672 118
673 125
674 55
675 128
676 119
677 103
678 80
679 44
680 43
681 94
682 80
683 127
684 79
685 117
686 110
687 37
688 40
689 119
690 54
691 55
692 61
693 88
694 128
695 84
696 88
697 116
698 72
699 89
700 88
701 69
702 92
703 95
704 66
705 116
706 70
707 95
708 125
709 120
710 103
711 123
712 69
713 112
714 120
715 66
716 118
717 72
718 72
719 41
720 107
721 110
722 74
723 86
724 83
725 119
726 70
727 129
728 122
729 129
730 91
731 104
732 78
733 95
734 74
735 72
736 70
737 102
738 100
739 115
740 72
741 63
742 71
743 98
744 128
745 86
746 89
747 109
748 51
749 99
750 73
751 104
752 76
753 90
754 105
755 80
756 127
757 89
758 86
759 69
760 91
761 54
762 75
763 62
764 91
765 102
766 62
767 80
768 116
769 128
770 86
771 50
772 39
773 112
774 71
775 123
776 90
777 114
778 41
779 36
780 69
781 62
782 76
783 89
784 115
785 117
786 78
787 52
788 66
789 87
790 90
791 89
792 122
793 76
794 60
795 69
796 66
797 96
798 117
799 41
800 71
801 76
802 105
803 32
804 73
805 73
806 53
807 82
808 69
809 32
810 58
811 113
812 116
813 98
814 93
815 84
816 111
817 47
818 81
819 93
820 115
821 34
822 38
823 36
824 101
825 82
826 88
827 86
828 76
829 80
830 81
831 94
832 97
833 60
834 110
835 48
836 90
837 68
838 104
839 53
840 67
841 103
842 57
843 90
844 117
845 105
846 89
847 51
848 114
849 99
850 109
851 90
852 51
853 74
854 90
855 109
856 107
857 87
858 65
859 48
860 114
861 83
862 64
863 100
864 52
865 114
866 86
867 95
868 106
869 127
870 125
871 68
872 105
873 92
874 82
875 84
876 117
877 95
878 81
879 58
880 75
881 62
882 114
883 68
884 60
885 77
886 95
887 48
888 57
889 69
890 69
891 116
892 63
893 54
894 102
895 90
896 129
897 81
898 125
899 92
900 52
901 76
902 42
903 36
904 78
905 96
906 98
907 77
908 123
909 99
910 36
911 70
912 86
913 60
914 70
915 107
916 76
917 126
918 83
919 128
920 44
921 108
922 77
923 62
924 78
925 100
926 87
927 62
928 38
929 110
930 96
931 56
932 122
933 32
934 50
935 98
936 87
937 78
938 53
939 101
940 80
941 121
942 91
943 122
944 122
945 102
946 71
947 67
948 118
949 106
950 69
951 44
952 81
953 114
954 96
955 98
956 65
957 88
958 107
959 122
960 80
961 51
962 72
963 117
964 70
965 87
966 49
967 71
968 58
969 113
970 95
971 91
972 42
973 94
974 123
975 110
976 82
977 84
978 73
979 89
980 42
981 97
982 101
983 109
984 37
985 84
986 102
987 55
988 99
989 76
990 89
991 61
992 118
993 98
994 50
995 89
996 90
997 106
998 87
999 56
1000 89
1001 76
1002 114
1003 74
1004 77
1005 119
1006 48
1007 84
1008 128
1009 91
1010 51
1011 81
1012 86
1013 43
1014 90
1015 73
1016 81
1017 91
1018 70
1019 69
1020 41
1021 75
1022 45
1023 74
1024 99
1025 64
1026 56
1027 109
1028 75
1029 112
1030 104
1031 106
1032 87
1033 90
1034 80
1035 65
1036 117
1037 63
1038 70
1039 78
1040 127
1041 88
1042 91
1043 64
1044 88
1045 46
1046 72
1047 52
1048 123
1049 73
1050 76
1051 94
1052 36
1053 94
1054 97
1055 120
1056 113
1057 116
1058 104
1059 106
1060 76
1061 79
1062 64
1063 116
1064 108
1065 56
1066 86
1067 69
1068 86
1069 79
1070 85
1071 70
1072 91
1073 58
1074 86
1075 78
1076 106
1077 51
1078 79
1079 125
1080 50
1081 128
1082 69
1083 97
1084 98
1085 92
1086 102
1087 82
1088 99
1089 73
1090 30
1091 91
1092 127
1093 124
1094 107
1095 109
1096 58
1097 114
1098 85
1099 84
1100 85
1101 48
1102 95
1103 96
1104 118
1105 97
1106 64
1107 74
1108 101
1109 98
1110 114
1111 53
1112 74
1113 100
1114 90
1115 77
1116 113
1117 109
1118 83
1119 72
1120 94
1121 68
1122 112
1123 48
1124 120
1125 92
1126 80
1127 32
1128 76
1129 62
1130 37
1131 106
1132 91
1133 123
1134 127
1135 119
1136 32
1137 101
1138 40
1139 61
1140 63
1141 124
1142 56
1143 88
1144 65
1145 83
1146 59
1147 126
1148 87
1149 85
1150 82
1151 81
1152 92
1153 127
1154 113
1155 125
1156 73
1157 56
1158 78
1159 85
1160 73
1161 77
1162 42
1163 80
1164 72
1165 127
1166 100
1167 126
1168 124
1169 106
1170 85
1171 37
1172 90
1173 46
1174 96
1175 81
1176 98
1177 55
1178 70
1179 45
1180 82
1181 126
1182 116
1183 65
1184 122
1185 65
1186 117
1187 124
1188 46
1189 97
1190 96
1191 110
1192 74
1193 93
1194 87
1195 59
1196 119
1197 46
1198 52
1199 84
1200 94
1201 72
1202 112
1203 87
1204 86
1205 98
1206 31
1207 128
1208 89
1209 83
1210 71
1211 104
1212 58
1213 95
1214 105
1215 84
1216 113
1217 124
1218 79
1219 94
1220 83
1221 104
1222 61
1223 85
1224 75
1225 69
1226 83
1227 78
1228 95
1229 116
1230 66
1231 123
1232 88
1233 71
1234 119
1235 75
1236 70
1237 66
1238 71
1239 101
1240 98
1241 98
1242 112
1243 93
1244 113
1245 99
1246 111
1247 99
1248 64
1249 97
1250 58
1251 118
1252 51
1253 58
1254 68
1255 109
1256 61
1257 110
1258 108
1259 86
1260 71
1261 117
1262 105
1263 33
1264 86
1265 99
1266 89
1267 63
1268 85
1269 47
1270 111
1271 116
1272 67
1273 48
1274 87
1275 88
1276 124
1277 97
1278 49
1279 108
1280 67
1281 104
1282 61
1283 106
1284 83
1285 126
1286 96
1287 98
1288 89
1289 84
1290 49
1291 51
1292 72
1293 59
1294 86
1295 67
1296 123
1297 64
1298 63
1299 83
1300 85
1301 62
1302 109
1303 112
1304 87
1305 57
1306 34
1307 49
1308 89
1309 59
1310 107
1311 79
1312 78
1313 111
1314 128
1315 83
1316 115
1317 82
1318 92
1319 59
1320 124
1321 80
1322 120
1323 35
1324 88
1325 79
1326 77
1327 60
1328 65
1329 83
1330 89
1331 77
1332 124
1333 78
1334 96
1335 88
1336 34
1337 54
1338 93
1339 90
1340 66
1341 126
1342 62
1343 87
1344 98
1345 95
1346 59
1347 84
1348 129
1349 85
1350 78
1351 60
1352 95
1353 82
1354 55
1355 72
1356 81
1357 124
1358 120
1359 87
1360 115
1361 64
1362 85
1363 64
1364 122
1365 113
1366 119
1367 79
1368 103
1369 126
1370 59
1371 86
1372 113
1373 73
1374 48
1375 76
1376 85
1377 45
1378 59
1379 80
1380 94
1381 98
1382 70
1383 94
1384 68
1385 104
1386 94
1387 59
1388 55
1389 49
1390 92
1391 31
1392 72
1393 104
1394 102
1395 124
1396 94
1397 98
1398 81
1399 70
1400 104
1401 127
1402 54
1403 85
1404 63
1405 97
1406 81
1407 91
1408 104
1409 109
1410 77
1411 75
1412 105
1413 124
1414 97
1415 99
1416 46
1417 53
1418 78
1419 65
1420 34
1421 103
1422 82
1423 70
1424 125
1425 54
1426 57
1427 90
1428 51
1429 49
1430 80
1431 50
1432 89
1433 67
1434 81
1435 96
1436 101
1437 126
1438 85
1439 78
1440 54
1441 92
1442 93
1443 87
1444 125
1445 84
1446 68
1447 80
1448 123
1449 88
1450 80
1451 54
1452 95
1453 119
1454 107
1455 93
1456 96
1457 113
1458 84
1459 80
1460 42
1461 90
1462 64
1463 80
1464 81
1465 99
1466 74
1467 104
1468 30
1469 98
1470 44
1471 64
1472 90
1473 60
1474 79
1475 83
1476 123
1477 122
1478 69
1479 30
1480 49
1481 105
1482 72
1483 109
1484 107
1485 109
1486 98
1487 111
1488 82
1489 121
1490 118
1491 95
1492 95
1493 42
1494 115
1495 102
1496 108
1497 112
1498 95
1499 96
1500 86
1501 39
1502 75
1503 84
1504 122
1505 119
1506 57
1507 95
1508 120
1509 78
1510 102
1511 75
1512 86
1513 33
1514 75
1515 97
1516 74
1517 93
1518 109
1519 48
1520 91
1521 41
1522 61
1523 91
1524 81
1525 82
1526 98
1527 91
1528 49
1529 121
1530 114
1531 86
1532 59
1533 55
1534 107
1535 87
1536 58
1537 44
1538 92
1539 88
1540 124
1541 35
1542 128
1543 95
1544 114
1545 122
1546 48
1547 98
1548 75
1549 83
1550 121
1551 90
1552 89
1553 96
1554 95
1555 81
1556 129
1557 76
1558 92
1559 120
1560 75
1561 90
1562 58
1563 103
1564 118
1565 110
1566 83
1567 110
1568 78
1569 126
1570 56
1571 85
1572 74
1573 70
1574 110
1575 60
1576 74
1577 70
1578 69
1579 100
1580 98
1581 88
1582 118
1583 51
1584 78
1585 69
1586 51
1587 77
1588 122
1589 95
1590 90
1591 69
1592 82
1593 62
1594 45
1595 129
1596 115
1597 108
1598 84
1599 85
1600 106
;
param nested_lowerbound := 
1 35
2 105
3 118
4 141
5 202
6 239
7 251
8 290
9 338
10 356
11 382
12 460
13 495
14 502
15 544
16 590
17 635
18 637
19 687
20 789
21 840
22 933
23 955
24 977
25 1074
26 1082
27 1105
28 1124
29 1134
30 1155
31 1204
32 1237
33 1285
34 1298
35 1301
36 1304
37 1327
38 1395
39 1424
40 1482
41 1487
42 1577
43 1587
44 1683
45 1690
46 1757
47 1799
48 1855
49 1944
50 1999
51 2057
52 2068
53 2083
54 2187
55 2228
56 2320
57 2345
58 2389
59 2432
60 2448
61 2487
62 2527
63 2533
64 2558
65 2607
66 2711
67 2778
68 2823
69 2858
70 2914
71 2986
72 3031
73 3071
74 3071
75 3119
76 3183
77 3278
78 3342
79 3344
80 3370
81 3406
82 3473
83 3494
84 3561
85 3636
86 3668
87 3693
88 3715
89 3764
90 3794
91 3851
92 3895
93 3963
94 3986
95 4076
96 4094
97 4156
98 4208
99 4254
100 4258
101 4339
102 4408
103 4513
104 4515
105 4515
106 4543
107 4546
108 4566
109 4670
110 4764
111 4807
112 4872
113 4946
114 4947
115 4949
116 4994
117 5029
118 5053
119 5083
120 5114
121 5130
122 5145
123 5190
124 5204
125 5225
126 5240
127 5248
128 5318
129 5362
130 5403
131 5444
132 5461
133 5526
134 5624
135 5650
136 5673
137 5717
138 5726
139 5772
140 5778
141 5863
142 5897
143 5911
144 5971
145 5978
146 6069
147 6135
148 6205
149 6258
150 6276
151 6350
152 6376
153 6379
154 6432
155 6448
156 6453
157 6476
158 6531
159 6533
160 6551
161 6566
162 6583
163 6594
164 6634
165 6656
166 6667
167 6675
168 6746
169 6858
170 6903
171 6909
172 6920
173 7008
174 7070
175 7080
176 7089
177 7172
178 7199
179 7210
180 7243
181 7347
182 7417
183 7438
184 7480
185 7514
186 7568
187 7571
188 7573
189 7643
190 7725
191 7757
192 7848
193 7871
194 7952
195 7964
196 8046
197 8084
198 8183
199 8235
200 8254
201 8363
202 8398
203 8425
204 8440
205 8499
206 8517
207 8522
208 8583
209 8599
210 8666
211 8673
212 8750
213 8811
214 8825
215 8838
216 8905
217 8928
218 8946
219 8948
220 8990
221 9056
222 9063
223 9107
224 9136
225 9234
226 9272
227 9294
228 9394
229 9454
230 9500
231 9575
232 9629
233 9649
234 9683
235 9714
236 9741
237 9798
238 9817
239 9848
240 9909
241 9924
242 9977
243 10024
244 10034
245 10092
246 10142
247 10207
248 10327
249 10357
250 10438
251 10479
252 10550
253 10568
254 10647
255 10751
256 10754
257 10792
258 10803
259 10876
260 10974
261 10980
262 11054
263 11057
264 11071
265 11110
266 11187
267 11271
268 11292
269 11364
270 11383
271 11461
272 11474
273 11503
274 11528
275 11545
276 11616
277 11670
278 11717
279 11792
280 11848
281 11947
282 12019
283 12132
284 12170
285 12258
286 12376
287 12404
288 12405
289 12512
290 12596
291 12628
292 12638
293 12692
294 12750
295 12803
296 12826
297 12859
298 12911
299 12912
300 12979
301 12992
302 13062
303 13124
304 13162
305 13197
306 13264
307 13286
308 13334
309 13364
310 13420
311 13467
312 13564
313 13577
314 13610
315 13631
316 13660
317 13725
318 13769
319 13818
320 13912
321 13949
322 13974
323 14074
324 14099
325 14111
326 14151
327 14191
328 14220
329 14254
330 14308
331 14379
332 14432
333 14523
334 14618
335 14642
336 14669
337 14714
338 14768
339 14769
340 14815
341 14856
342 14892
343 14917
344 14944
345 14970
346 14970
347 14997
348 15069
349 15098
350 15107
351 15165
352 15177
353 15250
354 15305
355 15327
356 15330
357 15345
358 15360
359 15424
360 15438
361 15475
362 15495
363 15536
364 15563
365 15597
366 15626
367 15683
368 15719
369 15815
370 15891
371 15913
372 15954
373 15988
374 16025
375 16051
376 16116
377 16188
378 16218
379 16249
380 16282
381 16294
382 16295
383 16373
384 16445
385 16477
386 16535
387 16566
388 16623
389 16735
390 16792
391 16858
392 16869
393 16945
394 17012
395 17018
396 17063
397 17089
398 17160
399 17228
400 17254
401 17294
402 17306
403 17328
404 17405
405 17451
406 17548
407 17576
408 17647
409 17687
410 17704
411 17728
412 17737
413 17847
414 17911
415 17940
416 17949
417 17953
418 17984
419 18094
420 18124
421 18142
422 18209
423 18278
424 18335
425 18365
426 18469
427 18540
428 18598
429 18655
430 18717
431 18785
432 18828
433 18857
434 18877
435 18965
436 19053
437 19130
438 19177
439 19191
440 19219
441 19272
442 19283
443 19373
444 19407
445 19433
446 19437
447 19438
448 19543
449 19645
450 19749
451 19753
452 19812
453 19843
454 19919
455 19970
456 19992
457 20017
458 20084
459 20139
460 20149
461 20175
462 20196
463 20236
464 20254
465 20344
466 20412
467 20435
468 20530
469 20626
470 20706
471 20782
472 20848
473 20850
474 20853
475 20928
476 21010
477 21073
478 21094
479 21147
480 21147
481 21205
482 21235
483 21268
484 21305
485 21320
486 21356
487 21434
488 21460
489 21468
490 21503
491 21526
492 21567
493 21651
494 21756
495 21793
496 21845
497 21875
498 21926
499 21960
500 22020
501 22024
502 22080
503 22100
504 22144
505 22159
506 22163
507 22208
508 22296
509 22324
510 22377
511 22431
512 22499
513 22507
514 22537
515 22567
516 22656
517 22750
518 22806
519 22820
520 22821
521 22913
522 22914
523 22936
524 22937
525 22959
526 23035
527 23144
528 23159
529 23219
530 23237
531 23282
532 23299
533 23303
534 23304
535 23317
536 23384
537 23407
538 23472
539 23474
540 23579
541 23580
542 23606
543 23658
544 23687
545 23710
546 23742
547 23808
548 23841
549 23879
550 23936
551 23998
552 24081
553 24086
554 24101
555 24159
556 24271
557 24325
558 24371
559 24432
560 24459
561 24559
562 24593
563 24678
564 24787
565 24823
566 24895
567 24979
568 25008
569 25008
570 25035
571 25086
572 25171
573 25222
574 25254
575 25323
576 25326
577 25341
578 25354
579 25418
580 25449
581 25484
582 25518
583 25561
584 25647
585 25673
586 25705
587 25790
588 25898
589 25942
590 25980
591 26010
592 26061
593 26097
594 26132
595 26152
596 26232
597 26311
598 26347
599 26357
600 26395
601 26439
602 26470
603 26524
604 26535
605 26552
606 26620
607 26660
608 26663
609 26700
610 26734
611 26752
612 26768
613 26769
614 26784
615 26869
616 26891
617 27005
618 27060
619 27108
620 27109
621 27156
622 27181
623 27249
624 27295
625 27354
626 27366
627 27442
628 27511
629 27579
630 27610
631 27680
632 27704
633 27715
634 27767
635 27838
636 27914
637 27934
638 27998
639 28077
640 28109
641 28142
642 28174
643 28283
644 28333
645 28396
646 28453
647 28486
648 28517
649 28593
650 28619
651 28642
652 28674
653 28675
654 28720
655 28753
656 28754
657 28803
658 28889
659 28961
660 29027
661 29127
662 29196
663 29217
664 29251
665 29348
666 29357
667 29385
668 29386
669 29422
670 29449
671 29452
672 29502
673 29598
674 29633
675 29665
676 29758
677 29784
678 29841
679 29846
680 29870
681 29904
682 29921
683 30022
684 30069
685 30141
686 30151
687 30187
688 30215
689 30284
690 30313
691 30341
692 30362
693 30437
694 30548
695 30582
696 30647
697 30695
698 30767
699 30843
700 30916
701 30982
702 31045
703 31064
704 31104
705 31124
706 31176
707 31231
708 31334
709 31368
710 31449
711 31472
712 31483
713 31503
714 31520
715 31585
716 31614
717 31682
718 31692
719 31712
720 31739
721 31808
722 31880
723 31957
724 32022
725 32099
726 32135
727 32233
728 32291
729 32291
730 32302
731 32390
732 32423
733 32453
734 32467
735 32535
736 32553
737 32598
738 32693
739 32797
740 32844
741 32901
742 32961
743 33044
744 33116
745 33180
746 33206
747 33279
748 33300
749 33318
750 33320
751 33331
752 33406
753 33444
754 33450
755 33525
756 33629
757 33682
758 33749
759 33765
760 33805
761 33817
762 33842
763 33880
764 33932
765 33951
766 33995
767 34073
768 34091
769 34198
770 34228
771 34237
772 34239
773 34314
774 34343
775 34415
776 34454
777 34567
778 34598
779 34614
780 34644
781 34658
782 34683
783 34739
784 34806
785 34897
786 34955
787 35006
788 35009
789 35081
790 35155
791 35206
792 35282
793 35309
794 35350
795 35387
796 35390
797 35404
798 35496
799 35535
800 35552
801 35613
802 35661
803 35674
804 35697
805 35761
806 35784
807 35802
808 35836
809 35854
810 35862
811 35957
812 36010
813 36094
814 36153
815 36192
816 36263
817 36300
818 36360
819 36362
820 36399
821 36414
822 36432
823 36449
824 36539
825 36573
826 36583
827 36624
828 36654
829 36706
830 36727
831 36799
832 36823
833 36830
834 36920
835 36962
836 37036
837 37094
838 37177
839 37183
840 37195
841 37292
842 37311
843 37340
844 37373
845 37457
846 37478
847 37519
848 37566
849 37662
850 37674
851 37756
852 37780
853 37814
854 37895
855 37975
856 38045
857 38082
858 38084
859 38128
860 38185
861 38209
862 38273
863 38348
864 38365
865 38368
866 38427
867 38456
868 38536
869 38661
870 38678
871 38693
872 38722
873 38783
874 38788
875 38839
876 38938
877 39031
878 39089
879 39138
880 39171
881 39191
882 39303
883 39332
884 39390
885 39409
886 39435
887 39451
888 39481
889 39513
890 39522
891 39529
892 39546
893 39593
894 39643
895 39708
896 39813
897 39846
898 39936
899 40014
900 40052
901 40054
902 40067
903 40083
904 40132
905 40170
906 40227
907 40285
908 40399
909 40464
910 40489
911 40548
912 40561
913 40599
914 40611
915 40668
916 40705
917 40758
918 40793
919 40886
920 40928
921 41018
922 41093
923 41097
924 41122
925 41181
926 41234
927 41247
928 41274
929 41375
930 41431
931 41456
932 41513
933 41517
934 41529
935 41580
936 41643
937 41657
938 41676
939 41704
940 41773
941 41837
942 41874
943 41914
944 41991
945 42045
946 42106
947 42133
948 42214
949 42233
950 42266
951 42304
952 42377
953 42414
954 42467
955 42481
956 42519
957 42539
958 42557
959 42622
960 42662
961 42673
962 42715
963 42826
964 42856
965 42941
966 42965
967 42994
968 43017
969 43075
970 43142
971 43178
972 43183
973 43272
974 43320
975 43353
976 43366
977 43422
978 43436
979 43503
980 43535
981 43569
982 43622
983 43673
984 43691
985 43711
986 43723
987 43765
988 43862
989 43881
990 43933
991 43939
992 44026
993 44028
994 44049
995 44061
996 44106
997 44116
998 44189
999 44210
1000 44252
1001 44295
1002 44340
1003 44347
1004 44424
1005 44430
1006 44438
1007 44461
1008 44585
1009 44665
1010 44666
1011 44732
1012 44749
1013 44775
1014 44802
1015 44808
1016 44861
1017 44916
1018 44965
1019 45018
1020 45022
1021 45097
1022 45124
1023 45152
1024 45223
1025 45243
1026 45286
1027 45394
1028 45440
1029 45539
1030 45548
1031 45553
1032 45591
1033 45616
1034 45649
1035 45672
1036 45704
1037 45763
1038 45823
1039 45865
1040 45913
1041 45958
1042 46047
1043 46054
1044 46092
1045 46109
1046 46174
1047 46186
1048 46264
1049 46269
1050 46283
1051 46313
1052 46324
1053 46327
1054 46403
1055 46417
1056 46492
1057 46564
1058 46645
1059 46735
1060 46744
1061 46820
1062 46838
1063 46936
1064 46959
1065 47014
1066 47022
1067 47038
1068 47045
1069 47088
1070 47118
1071 47180
1072 47247
1073 47252
1074 47311
1075 47363
1076 47429
1077 47434
1078 47478
1079 47564
1080 47607
1081 47699
1082 47762
1083 47797
1084 47852
1085 47879
1086 47887
1087 47915
1088 47919
1089 47990
1090 48017
1091 48056
1092 48121
1093 48209
1094 48229
1095 48271
1096 48272
1097 48342
1098 48361
1099 48444
1100 48494
1101 48504
1102 48586
1103 48665
1104 48716
1105 48732
1106 48741
1107 48801
1108 48811
1109 48866
1110 48870
1111 48876
1112 48898
1113 48967
1114 48996
1115 49017
1116 49089
1117 49191
1118 49258
1119 49298
1120 49333
1121 49364
1122 49398
1123 49426
1124 49468
1125 49483
1126 49484
1127 49491
1128 49553
1129 49574
1130 49575
1131 49677
1132 49699
1133 49766
1134 49825
1135 49860
1136 49873
1137 49930
1138 49940
1139 49952
1140 49978
1141 50071
1142 50101
1143 50186
1144 50215
1145 50249
1146 50251
1147 50348
1148 50351
1149 50366
1150 50369
1151 50421
1152 50504
1153 50531
1154 50534
1155 50555
1156 50589
1157 50645
1158 50691
1159 50773
1160 50843
1161 50903
1162 50903
1163 50980
1164 51020
1165 51104
1166 51121
1167 51218
1168 51255
1169 51273
1170 51308
1171 51334
1172 51385
1173 51407
1174 51449
1175 51478
1176 51507
1177 51553
1178 51581
1179 51619
1180 51640
1181 51760
1182 51868
1183 51928
1184 51968
1185 52030
1186 52101
1187 52169
1188 52178
1189 52242
1190 52258
1191 52260
1192 52261
1193 52276
1194 52310
1195 52330
1196 52361
1197 52392
1198 52420
1199 52460
1200 52501
1201 52538
1202 52632
1203 52704
1204 52749
1205 52793
1206 52799
1207 52814
1208 52843
1209 52916
1210 52932
1211 52962
1212 52969
1213 53014
1214 53071
1215 53081
1216 53117
1217 53166
1218 53190
1219 53196
1220 53258
1221 53272
1222 53272
1223 53272
1224 53283
1225 53318
1226 53391
1227 53403
1228 53487
1229 53550
1230 53561
1231 53606
1232 53673
1233 53680
1234 53727
1235 53759
1236 53811
1237 53846
1238 53863
1239 53890
1240 53949
1241 54045
1242 54130
1243 54222
1244 54242
1245 54292
1246 54402
1247 54426
1248 54469
1249 54538
1250 54545
1251 54584
1252 54630
1253 54660
1254 54721
1255 54733
1256 54776
1257 54862
1258 54960
1259 55005
1260 55068
1261 55111
1262 55199
1263 55208
1264 55239
1265 55322
1266 55398
1267 55409
1268 55428
1269 55459
1270 55560
1271 55667
1272 55684
1273 55712
1274 55737
1275 55786
1276 55886
1277 55979
1278 56023
1279 56099
1280 56109
1281 56175
1282 56193
1283 56234
1284 56296
1285 56310
1286 56392
1287 56411
1288 56500
1289 56579
1290 56595
1291 56633
1292 56674
1293 56698
1294 56715
1295 56781
1296 56793
1297 56811
1298 56848
1299 56911
1300 56917
1301 56976
1302 56981
1303 57039
1304 57049
1305 57064
1306 57093
1307 57111
1308 57200
1309 57258
1310 57272
1311 57310
1312 57322
1313 57380
1314 57502
1315 57567
1316 57613
1317 57651
1318 57719
1319 57720
1320 57823
1321 57838
1322 57841
1323 57860
1324 57906
1325 57927
1326 57960
1327 57987
1328 58010
1329 58065
1330 58082
1331 58084
1332 58110
1333 58185
1334 58251
1335 58329
1336 58343
1337 58392
1338 58472
1339 58536
1340 58598
1341 58629
1342 58650
1343 58673
1344 58712
1345 58769
1346 58816
1347 58828
1348 58874
1349 58929
1350 59000
1351 59018
1352 59043
1353 59050
1354 59084
1355 59096
1356 59130
1357 59142
1358 59248
1359 59326
1360 59390
1361 59403
1362 59412
1363 59421
1364 59422
1365 59513
1366 59597
1367 59633
1368 59676
1369 59773
1370 59821
1371 59826
1372 59904
1373 59968
1374 60002
1375 60049
1376 60097
1377 60098
1378 60141
1379 60177
1380 60253
1381 60283
1382 60348
1383 60438
1384 60450
1385 60523
1386 60535
1387 60565
1388 60599
1389 60632
1390 60701
1391 60702
1392 60702
1393 60713
1394 60747
1395 60842
1396 60932
1397 60957
1398 60996
1399 61024
1400 61033
1401 61130
1402 61178
1403 61184
1404 61236
1405 61319
1406 61366
1407 61381
1408 61473
1409 61487
1410 61528
1411 61537
1412 61597
1413 61712
1414 61725
1415 61746
1416 61748
1417 61790
1418 61834
1419 61855
1420 61883
1421 61949
1422 62006
1423 62014
1424 62062
1425 62106
1426 62111
1427 62126
1428 62141
1429 62190
1430 62230
1431 62270
1432 62336
1433 62372
1434 62423
1435 62506
1436 62520
1437 62642
1438 62656
1439 62708
1440 62758
1441 62805
1442 62850
1443 62908
1444 62930
1445 63005
1446 63031
1447 63094
1448 63146
1449 63229
1450 63280
1451 63301
1452 63379
1453 63444
1454 63502
1455 63527
1456 63573
1457 63588
1458 63625
1459 63657
1460 63687
1461 63745
1462 63755
1463 63817
1464 63873
1465 63936
1466 63979
1467 63993
1468 64000
1469 64012
1470 64014
1471 64033
1472 64043
1473 64058
1474 64063
1475 64063
1476 64109
1477 64193
1478 64238
1479 64239
1480 64277
1481 64352
1482 64383
1483 64446
1484 64550
1485 64564
1486 64653
1487 64705
1488 64771
1489 64824
1490 64934
1491 64978
1492 65073
1493 65077
1494 65099
1495 65167
1496 65267
1497 65345
1498 65345
1499 65373
1500 65388
1501 65405
1502 65407
1503 65463
1504 65521
1505 65638
1506 65673
1507 65721
1508 65822
1509 65825
1510 65901
1511 65904
1512 65908
1513 65936
1514 65936
1515 65950
1516 66023
1517 66061
1518 66156
1519 66194
1520 66223
1521 66252
1522 66271
1523 66314
1524 66363
1525 66403
1526 66457
1527 66476
1528 66512
1529 66579
1530 66629
1531 66686
1532 66700
1533 66718
1534 66786
1535 66794
1536 66812
1537 66819
1538 66902
1539 66927
1540 67028
1541 67032
1542 67141
1543 67230
1544 67264
1545 67301
1546 67305
1547 67380
1548 67422
1549 67491
1550 67567
1551 67616
1552 67618
1553 67702
1554 67712
1555 67775
1556 67832
1557 67869
1558 67954
1559 68031
1560 68059
1561 68099
1562 68124
1563 68185
1564 68244
1565 68333
1566 68407
1567 68481
1568 68538
1569 68552
1570 68604
1571 68624
1572 68680
1573 68720
1574 68757
1575 68810
1576 68841
1577 68884
1578 68930
1579 69005
1580 69011
1581 69051
1582 69067
1583 69089
1584 69138
1585 69189
1586 69207
1587 69219
1588 69274
1589 69309
1590 69351
1591 69410
1592 69474
1593 69483
1594 69489
1595 69571
1596 69624
1597 69684
1598 69757
1599 69800
1600 70313
;
param nested_upperbound := 
1 50
2 116
3 129
4 177
5 213
6 298
7 309
8 346
9 425
10 478
11 478
12 568
13 622
14 636
15 680
16 760
17 791
18 797
19 880
20 903
21 919
22 951
23 985
24 1019
25 1077
26 1121
27 1148
28 1169
29 1208
30 1234
31 1260
32 1290
33 1337
34 1356
35 1390
36 1427
37 1441
38 1504
39 1574
40 1626
41 1627
42 1719
43 1723
44 1812
45 1855
46 1910
47 1958
48 2046
49 2137
50 2153
51 2234
52 2336
53 2393
54 2493
55 2534
56 2559
57 2627
58 2654
59 2715
60 2765
61 2793
62 2849
63 2856
64 2883
65 2898
66 2992
67 3044
68 3154
69 3160
70 3194
71 3285
72 3294
73 3364
74 3375
75 3398
76 3410
77 3467
78 3471
79 3577
80 3625
81 3662
82 3675
83 3677
84 3756
85 3803
86 3820
87 3873
88 3896
89 3925
90 4008
91 4126
92 4208
93 4221
94 4236
95 4246
96 4278
97 4359
98 4367
99 4421
100 4495
101 4528
102 4531
103 4577
104 4597
105 4664
106 4708
107 4740
108 4764
109 4820
110 4906
111 4976
112 4977
113 4988
114 4989
115 4990
116 5013
117 5046
118 5065
119 5105
120 5137
121 5167
122 5183
123 5223
124 5227
125 5231
126 5352
127 5394
128 5477
129 5532
130 5596
131 5606
132 5615
133 5635
134 5639
135 5684
136 5718
137 5723
138 5754
139 5775
140 5849
141 5895
142 5910
143 5964
144 6003
145 6059
146 6149
147 6204
148 6253
149 6307
150 6340
151 6410
152 6427
153 6460
154 6492
155 6557
156 6575
157 6604
158 6617
159 6627
160 6666
161 6724
162 6750
163 6854
164 6864
165 6891
166 6910
167 6920
168 6990
169 7113
170 7136
171 7147
172 7174
173 7247
174 7253
175 7275
176 7323
177 7383
178 7418
179 7500
180 7539
181 7594
182 7650
183 7675
184 7747
185 7770
186 7791
187 7851
188 7853
189 7918
190 7979
191 7998
192 8065
193 8112
194 8151
195 8151
196 8212
197 8260
198 8351
199 8424
200 8512
201 8586
202 8596
203 8616
204 8662
205 8694
206 8743
207 8783
208 8837
209 8956
210 8981
211 9016
212 9114
213 9166
214 9242
215 9271
216 9322
217 9338
218 9372
219 9391
220 9465
221 9488
222 9492
223 9492
224 9495
225 9618
226 9670
227 9755
228 9866
229 9883
230 9908
231 9991
232 10064
233 10102
234 10151
235 10167
236 10182
237 10248
238 10273
239 10334
240 10430
241 10478
242 10541
243 10552
244 10596
245 10644
246 10677
247 10686
248 10738
249 10852
250 10937
251 10969
252 10979
253 10991
254 11005
255 11064
256 11120
257 11132
258 11152
259 11228
260 11252
261 11281
262 11377
263 11435
264 11471
265 11499
266 11512
267 11607
268 11636
269 11686
270 11690
271 11702
272 11746
273 11791
274 11848
275 11860
276 11952
277 11975
278 12011
279 12095
280 12105
281 12134
282 12218
283 12326
284 12331
285 12409
286 12447
287 12507
288 12565
289 12617
290 12699
291 12710
292 12724
293 12733
294 12825
295 12880
296 12938
297 12976
298 12988
299 13046
300 13137
301 13169
302 13187
303 13290
304 13341
305 13441
306 13457
307 13506
308 13594
309 13665
310 13721
311 13728
312 13747
313 13784
314 13869
315 13873
316 13920
317 13938
318 13965
319 14013
320 14093
321 14099
322 14114
323 14181
324 14190
325 14212
326 14246
327 14269
328 14288
329 14335
330 14344
331 14382
332 14501
333 14535
334 14635
335 14680
336 14705
337 14761
338 14832
339 14908
340 14945
341 14998
342 15021
343 15065
344 15087
345 15119
346 15190
347 15195
348 15267
349 15323
350 15342
351 15342
352 15439
353 15476
354 15573
355 15620
356 15671
357 15745
358 15764
359 15832
360 15844
361 15891
362 15937
363 15997
364 16012
365 16054
366 16157
367 16191
368 16221
369 16278
370 16301
371 16369
372 16478
373 16483
374 16512
375 16542
376 16625
377 16635
378 16657
379 16714
380 16776
381 16803
382 16884
383 16954
384 17019
385 17090
386 17155
387 17217
388 17240
389 17353
390 17366
391 17382
392 17426
393 17438
394 17481
395 17484
396 17580
397 17637
398 17687
399 17751
400 17870
401 17942
402 18008
403 18060
404 18084
405 18114
406 18206
407 18298
408 18316
409 18353
410 18433
411 18435
412 18469
413 18533
414 18569
415 18638
416 18692
417 18694
418 18721
419 18830
420 18916
421 18973
422 19012
423 19037
424 19043
425 19125
426 19202
427 19230
428 19247
429 19250
430 19307
431 19320
432 19390
433 19483
434 19568
435 19680
436 19733
437 19801
438 19819
439 19857
440 19884
441 19923
442 19928
443 20037
444 20108
445 20111
446 20139
447 20167
448 20257
449 20363
450 20416
451 20416
452 20425
453 20485
454 20564
455 20619
456 20650
457 20704
458 20774
459 20813
460 20853
461 20891
462 20907
463 21014
464 21016
465 21052
466 21078
467 21099
468 21193
469 21235
470 21298
471 21344
472 21370
473 21462
474 21471
475 21570
476 21584
477 21613
478 21647
479 21706
480 21725
481 21766
482 21837
483 21856
484 21894
485 21917
486 21967
487 22026
488 22041
489 22094
490 22112
491 22143
492 22184
493 22287
494 22297
495 22380
496 22381
497 22481
498 22583
499 22650
500 22711
501 22763
502 22811
503 22910
504 23026
505 23060
506 23100
507 23102
508 23110
509 23140
510 23186
511 23240
512 23247
513 23249
514 23330
515 23366
516 23371
517 23395
518 23405
519 23462
520 23467
521 23549
522 23558
523 23674
524 23729
525 23741
526 23855
527 23980
528 24092
529 24193
530 24206
531 24250
532 24270
533 24288
534 24299
535 24317
536 24337
537 24365
538 24379
539 24436
540 24463
541 24468
542 24492
543 24550
544 24561
545 24574
546 24612
547 24672
548 24705
549 24771
550 24822
551 24835
552 24932
553 24952
554 25009
555 25095
556 25118
557 25172
558 25187
559 25237
560 25261
561 25384
562 25390
563 25394
564 25431
565 25534
566 25552
567 25616
568 25619
569 25632
570 25677
571 25776
572 25847
573 25934
574 26002
575 26051
576 26073
577 26085
578 26096
579 26112
580 26151
581 26227
582 26270
583 26292
584 26334
585 26381
586 26425
587 26509
588 26532
589 26591
590 26650
591 26676
592 26764
593 26803
594 26849
595 26849
596 26874
597 26935
598 26973
599 27037
600 27096
601 27195
602 27215
603 27253
604 27329
605 27346
606 27376
607 27387
608 27393
609 27419
610 27492
611 27559
612 27565
613 27611
614 27696
615 27793
616 27819
617 27925
618 27958
619 27969
620 28009
621 28044
622 28058
623 28170
624 28190
625 28219
626 28223
627 28232
628 28352
629 28384
630 28465
631 28552
632 28578
633 28622
634 28723
635 28757
636 28769
637 28782
638 28807
639 28889
640 28943
641 28973
642 29079
643 29176
644 29217
645 29247
646 29314
647 29378
648 29415
649 29490
650 29506
651 29549
652 29626
653 29664
654 29701
655 29779
656 29799
657 29887
658 29972
659 30016
660 30058
661 30142
662 30227
663 30327
664 30331
665 30421
666 30461
667 30497
668 30502
669 30551
670 30607
671 30617
672 30653
673 30730
674 30739
675 30792
676 30826
677 30845
678 30870
679 30884
680 30894
681 30975
682 31041
683 31097
684 31160
685 31169
686 31173
687 31200
688 31226
689 31285
690 31286
691 31314
692 31352
693 31390
694 31402
695 31412
696 31467
697 31559
698 31602
699 31681
700 31722
701 31775
702 31792
703 31863
704 31882
705 31989
706 32006
707 32031
708 32032
709 32111
710 32121
711 32172
712 32202
713 32234
714 32242
715 32306
716 32394
717 32397
718 32427
719 32450
720 32553
721 32632
722 32704
723 32763
724 32823
725 32940
726 32997
727 33031
728 33107
729 33146
730 33190
731 33233
732 33292
733 33308
734 33333
735 33384
736 33409
737 33423
738 33440
739 33440
740 33481
741 33520
742 33545
743 33594
744 33706
745 33764
746 33830
747 33926
748 33951
749 33970
750 34010
751 34052
752 34125
753 34130
754 34188
755 34223
756 34336
757 34371
758 34418
759 34482
760 34572
761 34622
762 34690
763 34719
764 34758
765 34851
766 34885
767 34911
768 34920
769 34967
770 35029
771 35047
772 35080
773 35131
774 35170
775 35247
776 35293
777 35323
778 35363
779 35377
780 35416
781 35437
782 35493
783 35556
784 35664
785 35748
786 35791
787 35823
788 35887
789 35916
790 35951
791 36015
792 36085
793 36159
794 36210
795 36278
796 36307
797 36335
798 36432
799 36453
800 36475
801 36505
802 36592
803 36594
804 36594
805 36601
806 36603
807 36621
808 36687
809 36716
810 36756
811 36853
812 36936
813 36962
814 36991
815 36995
816 37013
817 37039
818 37049
819 37090
820 37189
821 37222
822 37241
823 37247
824 37303
825 37332
826 37356
827 37397
828 37448
829 37494
830 37522
831 37593
832 37655
833 37689
834 37795
835 37822
836 37911
837 37972
838 38010
839 38015
840 38072
841 38078
842 38130
843 38197
844 38231
845 38303
846 38379
847 38384
848 38421
849 38510
850 38529
851 38574
852 38618
853 38677
854 38717
855 38782
856 38876
857 38920
858 38947
859 38950
860 38982
861 39057
862 39107
863 39113
864 39149
865 39238
866 39286
867 39308
868 39399
869 39472
870 39564
871 39585
872 39613
873 39667
874 39690
875 39731
876 39802
877 39817
878 39876
879 39904
880 39970
881 40007
882 40094
883 40131
884 40141
885 40199
886 40259
887 40260
888 40295
889 40314
890 40336
891 40366
892 40373
893 40383
894 40460
895 40544
896 40626
897 40644
898 40697
899 40700
900 40712
901 40721
902 40737
903 40740
904 40748
905 40823
906 40859
907 40893
908 40943
909 41033
910 41049
911 41100
912 41145
913 41192
914 41229
915 41282
916 41296
917 41403
918 41465
919 41473
920 41490
921 41577
922 41597
923 41656
924 41664
925 41668
926 41234
927 41699
928 41718
929 41770
930 41782
931 41810
932 41895
933 41916
934 41965
935 42032
936 42083
937 42096
938 42103
939 42179
940 42195
941 42305
942 42308
943 42322
944 42387
945 42476
946 42483
947 42500
948 42500
949 42532
950 42537
951 42576
952 42640
953 42698
954 42793
955 42821
956 42869
957 42927
958 43032
959 43126
960 43179
961 43193
962 43224
963 43300
964 43314
965 43347
966 43352
967 43377
968 43409
969 43462
970 43493
971 43517
972 43549
973 43603
974 43669
975 43743
976 43758
977 43795
978 43830
979 43890
980 43922
981 43952
982 43953
983 43958
984 43987
985 44064
986 44094
987 44125
988 44163
989 44220
990 44295
991 44355
992 44376
993 44423
994 44458
995 44540
996 44577
997 44631
998 44677
999 44688
1000 44769
1001 44808
1002 44907
1003 44941
1004 44972
1005 45074
1006 45088
1007 45089
1008 45114
1009 45124
1010 45147
1011 45186
1012 45192
1013 45192
1014 45226
1015 45259
1016 45268
1017 45322
1018 45348
1019 45356
1020 45387
1021 45417
1022 45431
1023 45433
1024 45459
1025 45523
1026 45536
1027 45538
1028 45555
1029 45565
1030 45642
1031 45660
1032 45663
1033 45674
1034 45696
1035 45716
1036 45784
1037 45847
1038 45879
1039 45898
1040 45967
1041 45999
1042 46047
1043 46086
1044 46113
1045 46142
1046 46199
1047 46214
1048 46315
1049 46340
1050 46405
1051 46455
1052 46485
1053 46563
1054 46651
1055 46682
1056 46691
1057 46751
1058 46847
1059 46938
1060 46973
1061 47035
1062 47074
1063 47159
1064 47164
1065 47198
1066 47241
1067 47259
1068 47334
1069 47395
1070 47465
1071 47485
1072 47546
1073 47590
1074 47663
1075 47668
1076 47668
1077 47677
1078 47752
1079 47857
1080 47884
1081 47936
1082 47953
1083 47968
1084 47972
1085 48000
1086 48076
1087 48076
1088 48131
1089 48176
1090 48192
1091 48244
1092 48249
1093 48309
1094 48317
1095 48367
1096 48371
1097 48428
1098 48507
1099 48524
1100 48566
1101 48566
1102 48603
1103 48673
1104 48722
1105 48767
1106 48813
1107 48827
1108 48865
1109 48902
1110 48933
1111 48979
1112 48991
1113 49084
1114 49113
1115 49158
1116 49179
1117 49211
1118 49264
1119 49305
1120 49359
1121 49380
1122 49399
1123 49438
1124 49481
1125 49510
1126 49540
1127 49556
1128 49608
1129 49624
1130 49640
1131 49699
1132 49705
1133 49793
1134 49906
1135 49920
1136 49942
1137 50009
1138 50023
1139 50063
1140 50091
1141 50176
1142 50180
1143 50251
1144 50303
1145 50367
1146 50382
1147 50475
1148 50527
1149 50590
1150 50651
1151 50673
1152 50715
1153 50725
1154 50772
1155 50886
1156 50958
1157 51006
1158 51010
1159 51035
1160 51075
1161 51136
1162 51165
1163 51170
1164 51232
1165 51359
1166 51431
1167 51554
1168 51603
1169 51619
1170 51634
1171 51661
1172 51724
1173 51762
1174 51853
1175 51926
1176 51929
1177 51949
1178 52011
1179 52014
1180 52086
1181 52140
1182 52170
1183 52212
1184 52236
1185 52263
1186 52331
1187 52396
1188 52422
1189 52519
1190 52529
1191 52548
1192 52586
1193 52638
1194 52685
1195 52727
1196 52824
1197 52849
1198 52871
1199 52929
1200 52960
1201 53010
1202 53083
1203 53151
1204 53224
1205 53298
1206 53322
1207 53364
1208 53444
1209 53469
1210 53491
1211 53494
1212 53529
1213 53585
1214 53665
1215 53688
1216 53694
1217 53754
1218 53806
1219 53820
1220 53854
1221 53881
1222 53917
1223 53982
1224 54005
1225 54032
1226 54085
1227 54136
1228 54222
1229 54325
1230 54345
1231 54397
1232 54445
1233 54497
1234 54553
1235 54613
1236 54625
1237 54655
1238 54664
1239 54728
1240 54817
1241 54900
1242 54989
1243 55069
1244 55087
1245 55139
1246 55142
1247 55160
1248 55190
1249 55257
1250 55273
1251 55385
1252 55386
1253 55401
1254 55401
1255 55491
1256 55493
1257 55542
1258 55546
1259 55621
1260 55627
1261 55647
1262 55676
1263 55684
1264 55745
1265 55755
1266 55787
1267 55838
1268 55898
1269 55904
1270 55913
1271 55914
1272 55953
1273 55978
1274 56001
1275 56010
1276 56061
1277 56082
1278 56115
1279 56190
1280 56208
1281 56279
1282 56300
1283 56363
1284 56387
1285 56481
1286 56558
1287 56572
1288 56619
1289 56629
1290 56660
1291 56667
1292 56711
1293 56721
1294 56741
1295 56807
1296 56882
1297 56932
1298 56963
1299 57037
1300 57085
1301 57089
1302 57197
1303 57205
1304 57281
1305 57287
1306 57311
1307 57336
1308 57359
1309 57371
1310 57431
1311 57457
1312 57460
1313 57493
1314 57547
1315 57575
1316 57674
1317 57716
1318 57785
1319 57812
1320 57900
1321 57976
1322 58043
1323 58077
1324 58108
1325 58119
1326 58161
1327 58168
1328 58202
1329 58276
1330 58358
1331 58433
1332 58484
1333 58525
1334 58591
1335 58669
1336 58689
1337 58710
1338 58758
1339 58843
1340 58909
1341 58968
1342 58977
1343 59042
1344 59097
1345 59139
1346 59146
1347 59177
1348 59296
1349 59320
1350 59347
1351 59367
1352 59374
1353 59419
1354 59455
1355 59480
1356 59505
1357 59604
1358 59654
1359 59713
1360 59778
1361 59819
1362 59895
1363 59950
1364 60056
1365 60132
1366 60244
1367 60305
1368 60378
1369 60410
1370 60410
1371 60441
1372 60515
1373 60545
1374 60589
1375 60638
1376 60656
1377 60657
1378 60685
1379 60745
1380 60828
1381 60889
1382 60906
1383 60916
1384 60918
1385 60972
1386 61044
1387 61092
1388 61146
1389 61155
1390 61176
1391 61183
1392 61198
1393 61210
1394 61248
1395 61248
1396 61332
1397 61381
1398 61449
1399 61470
1400 61569
1401 61625
1402 61666
1403 61716
1404 61749
1405 61815
1406 61882
1407 61937
1408 61972
1409 62064
1410 62100
1411 62123
1412 62169
1413 62281
1414 62339
1415 62414
1416 62431
1417 62444
1418 62464
1419 62483
1420 62509
1421 62566
1422 62573
1423 62617
1424 62693
1425 62707
1426 62730
1427 62775
1428 62784
1429 62817
1430 62839
1431 62842
1432 62846
1433 62884
1434 62962
1435 62996
1436 63042
1437 63059
1438 63116
1439 63122
1440 63162
1441 63207
1442 63231
1443 63237
1444 63326
1445 63335
1446 63372
1447 63438
1448 63516
1449 63517
1450 63541
1451 63544
1452 63572
1453 63610
1454 63618
1455 63631
1456 63726
1457 63820
1458 63857
1459 63857
1460 63883
1461 63927
1462 63941
1463 64004
1464 64017
1465 64111
1466 64179
1467 64194
1468 64204
1469 64272
1470 64293
1471 64310
1472 64400
1473 64416
1474 64476
1475 64558
1476 64642
1477 64742
1478 64782
1479 64792
1480 64817
1481 64887
1482 64918
1483 64971
1484 64975
1485 65075
1486 65154
1487 65168
1488 65179
1489 65199
1490 65304
1491 65359
1492 65416
1493 65449
1494 65476
1495 65480
1496 65519
1497 65581
1498 65623
1499 65628
1500 65666
1501 65678
1502 65753
1503 65836
1504 65946
1505 65960
1506 66014
1507 66104
1508 66175
1509 66180
1510 66277
1511 66327
1512 66349
1513 66373
1514 66434
1515 66448
1516 66487
1517 66557
1518 66631
1519 66637
1520 66704
1521 66712
1522 66737
1523 66794
1524 66840
1525 66905
1526 66992
1527 67014
1528 67061
1529 67167
1530 67189
1531 67259
1532 67312
1533 67356
1534 67458
1535 67516
1536 67568
1537 67587
1538 67611
1539 67667
1540 67710
1541 67721
1542 67729
1543 67778
1544 67790
1545 67814
1546 67849
1547 67910
1548 67968
1549 67975
1550 68028
1551 68083
1552 68153
1553 68189
1554 68224
1555 68289
1556 68325
1557 68334
1558 68339
1559 68405
1560 68479
1561 68556
1562 68565
1563 68625
1564 68630
1565 68726
1566 68777
1567 68791
1568 68824
1569 68836
1570 68842
1571 68875
1572 68946
1573 68962
1574 69063
1575 69107
1576 69158
1577 69188
1578 69256
1579 69295
1580 69372
1581 69457
1582 69509
1583 69511
1584 69516
1585 69546
1586 69559
1587 69629
1588 69667
1589 69721
1590 69759
1591 69812
1592 69853
1593 69903
1594 69904
1595 70021
1596 70120
1597 70212
1598 70221
1599 70274
1600 70313
;
param cost_a := 
1 0.558689
2 0.838789
3 0.480000
4 0.519129
5 0.926601
6 0.127005
7 0.860776
8 0.772716
9 0.590181
10 0.060946
11 0.952428
12 0.832271
13 0.853593
14 0.536273
15 0.935570
16 0.664583
17 0.402815
18 0.828474
19 0.327735
20 0.364940
21 0.416631
22 0.411756
23 0.954957
24 0.304478
25 0.771233
26 0.749723
27 0.732143
28 0.336702
29 0.785642
30 0.614700
31 0.541752
32 0.724053
33 0.069454
34 0.692754
35 0.098942
36 0.254930
37 0.367412
38 0.900400
39 0.008712
40 0.799933
41 0.847055
42 0.976696
43 0.256709
44 0.303136
45 0.046220
46 0.520842
47 0.130260
48 0.920033
49 0.686413
50 0.720637
51 0.039802
52 0.698365
53 0.766087
54 0.561051
55 0.903281
56 0.851360
57 0.774612
58 0.314892
59 0.667228
60 0.294983
61 0.513238
62 0.598989
63 0.168081
64 0.711625
65 0.873606
66 0.229489
67 0.885977
68 0.962208
69 0.007364
70 0.528842
71 0.210615
72 0.197030
73 0.622225
74 0.624716
75 0.624911
76 0.512728
77 0.660273
78 0.637540
79 0.717069
80 0.468555
81 0.353627
82 0.478578
83 0.155310
84 0.209753
85 0.610538
86 0.274358
87 0.701889
88 0.349104
89 0.861784
90 0.196004
91 0.004163
92 0.129834
93 0.892720
94 0.703440
95 0.280355
96 0.733840
97 0.800595
98 0.914647
99 0.116297
100 0.908805
101 0.049774
102 0.979088
103 0.406796
104 0.366065
105 0.649230
106 0.972121
107 0.011446
108 0.648183
109 0.747221
110 0.933658
111 0.949528
112 0.380981
113 0.427280
114 0.249523
115 0.932342
116 0.009378
117 0.197685
118 0.617917
119 0.723626
120 0.269678
121 0.593326
122 0.356078
123 0.229930
124 0.773044
125 0.454384
126 0.783688
127 0.352606
128 0.165693
129 0.810510
130 0.869753
131 0.481798
132 0.390934
133 0.882183
134 0.248645
135 0.080124
136 0.606484
137 0.512704
138 0.098686
139 0.089919
140 0.307576
141 0.364775
142 0.233087
143 0.902782
144 0.172162
145 0.454868
146 0.078271
147 0.353788
148 0.079146
149 0.056618
150 0.008540
151 0.645128
152 0.653825
153 0.681200
154 0.768742
155 0.265063
156 0.566854
157 0.738192
158 0.448040
159 0.847957
160 0.653836
161 0.594657
162 0.668102
163 0.519797
164 0.732200
165 0.083192
166 0.317920
167 0.590991
168 0.770396
169 0.061461
170 0.305242
171 0.494346
172 0.811442
173 0.396228
174 0.400964
175 0.621049
176 0.768743
177 0.734155
178 0.328089
179 0.181064
180 0.896619
181 0.629656
182 0.790765
183 0.406782
184 0.391335
185 0.026841
186 0.151630
187 0.329861
188 0.200477
189 0.738103
190 0.947129
191 0.991087
192 0.709348
193 0.426150
194 0.380659
195 0.291736
196 0.532627
197 0.679295
198 0.352366
199 0.762270
200 0.167842
201 0.071577
202 0.472077
203 0.310360
204 0.764303
205 0.619789
206 0.858325
207 0.515083
208 0.726934
209 0.788752
210 0.351614
211 0.257817
212 0.309037
213 0.154181
214 0.063999
215 0.422689
216 0.751323
217 0.009242
218 0.949785
219 0.060593
220 0.896622
221 0.596409
222 0.313555
223 0.790689
224 0.550514
225 0.260493
226 0.871957
227 0.311895
228 0.167677
229 0.651721
230 0.154633
231 0.714280
232 0.722076
233 0.159484
234 0.667335
235 0.816421
236 0.866188
237 0.027920
238 0.346752
239 0.009634
240 0.700284
241 0.093704
242 0.411749
243 0.063642
244 0.657342
245 0.794473
246 0.759669
247 0.040622
248 0.162497
249 0.023041
250 0.569051
251 0.875714
252 0.848020
253 0.548075
254 0.751540
255 0.311937
256 0.195594
257 0.086171
258 0.345994
259 0.726107
260 0.537277
261 0.693261
262 0.866713
263 0.949740
264 0.374831
265 0.945046
266 0.005411
267 0.475031
268 0.974159
269 0.396671
270 0.943017
271 0.440910
272 0.157458
273 0.051079
274 0.852562
275 0.517784
276 0.150200
277 0.023548
278 0.968372
279 0.251991
280 0.243436
281 0.266604
282 0.859475
283 0.592077
284 0.903945
285 0.115071
286 0.276573
287 0.198937
288 0.805596
289 0.525230
290 0.142134
291 0.740463
292 0.064841
293 0.215112
294 0.922093
295 0.688738
296 0.741597
297 0.464654
298 0.755354
299 0.173944
300 0.413834
301 0.105015
302 0.323738
303 0.204035
304 0.350004
305 0.215550
306 0.520187
307 0.032859
308 0.488027
309 0.254990
310 0.517020
311 0.651800
312 0.082858
313 0.780115
314 0.848705
315 0.291137
316 0.506738
317 0.550709
318 0.605061
319 0.447196
320 0.277055
321 0.683869
322 0.781003
323 0.300027
324 0.946292
325 0.603709
326 0.247898
327 0.453687
328 0.016893
329 0.834306
330 0.699261
331 0.717374
332 0.540908
333 0.204190
334 0.280021
335 0.150513
336 0.530132
337 0.769986
338 0.433717
339 0.818557
340 0.737013
341 0.724794
342 0.795991
343 0.648612
344 0.769901
345 0.733658
346 0.725389
347 0.435171
348 0.878331
349 0.533981
350 0.293972
351 0.426082
352 0.084798
353 0.253019
354 0.260389
355 0.017546
356 0.649089
357 0.727562
358 0.717045
359 0.904288
360 0.129541
361 0.162694
362 0.740680
363 0.567208
364 0.552679
365 0.737023
366 0.482112
367 0.235690
368 0.418486
369 0.251031
370 0.706109
371 0.435358
372 0.453140
373 0.623195
374 0.836275
375 0.924505
376 0.174389
377 0.965306
378 0.072571
379 0.233480
380 0.456770
381 0.113891
382 0.130491
383 0.151281
384 0.374727
385 0.858937
386 0.601138
387 0.352160
388 0.661246
389 0.694092
390 0.850387
391 0.922488
392 0.147937
393 0.714293
394 0.763002
395 0.834219
396 0.549573
397 0.307280
398 0.494045
399 0.416208
400 0.921914
401 0.524696
402 0.715075
403 0.598241
404 0.056212
405 0.476507
406 0.636626
407 0.145036
408 0.977111
409 0.769205
410 0.351093
411 0.258608
412 0.582738
413 0.903794
414 0.771662
415 0.807261
416 0.306584
417 0.663785
418 0.643057
419 0.038113
420 0.490362
421 0.856465
422 0.768864
423 0.947444
424 0.935329
425 0.322444
426 0.737867
427 0.519271
428 0.846662
429 0.898992
430 0.038287
431 0.797476
432 0.101247
433 0.011944
434 0.523989
435 0.230394
436 0.453874
437 0.778959
438 0.740708
439 0.919203
440 0.950090
441 0.933663
442 0.632991
443 0.312547
444 0.436079
445 0.525732
446 0.634041
447 0.519731
448 0.646730
449 0.216219
450 0.090808
451 0.763466
452 0.912635
453 0.070430
454 0.395650
455 0.560484
456 0.055087
457 0.052439
458 0.083558
459 0.004538
460 0.535192
461 0.945792
462 0.510392
463 0.031121
464 0.389068
465 0.164271
466 0.552777
467 0.766926
468 0.915637
469 0.874530
470 0.064243
471 0.009403
472 0.486860
473 0.029230
474 0.584894
475 0.542950
476 0.222322
477 0.304768
478 0.033341
479 0.378107
480 0.610914
481 0.551975
482 0.809808
483 0.098804
484 0.471895
485 0.201157
486 0.908304
487 0.320066
488 0.925975
489 0.114610
490 0.273400
491 0.794707
492 0.294105
493 0.650257
494 0.743647
495 0.962457
496 0.057488
497 0.189298
498 0.498822
499 0.708578
500 0.196904
501 0.088786
502 0.972160
503 0.791396
504 0.382737
505 0.946790
506 0.701422
507 0.809344
508 0.609204
509 0.213323
510 0.574082
511 0.707964
512 0.957052
513 0.544456
514 0.372130
515 0.675952
516 0.228622
517 0.880068
518 0.440914
519 0.846740
520 0.227431
521 0.027415
522 0.694157
523 0.508194
524 0.451563
525 0.553238
526 0.023718
527 0.527941
528 0.935920
529 0.026355
530 0.507858
531 0.425435
532 0.912987
533 0.110716
534 0.605746
535 0.964262
536 0.865096
537 0.685645
538 0.788585
539 0.299338
540 0.413191
541 0.065512
542 0.789240
543 0.593506
544 0.327995
545 0.505314
546 0.852395
547 0.616682
548 0.758968
549 0.511674
550 0.036249
551 0.158109
552 0.554832
553 0.030519
554 0.754436
555 0.118355
556 0.296471
557 0.353198
558 0.353301
559 0.902637
560 0.378847
561 0.572066
562 0.594872
563 0.210634
564 0.163137
565 0.624565
566 0.459790
567 0.510365
568 0.873637
569 0.391598
570 0.697183
571 0.394835
572 0.536007
573 0.961481
574 0.029895
575 0.650021
576 0.844306
577 0.035040
578 0.873678
579 0.211425
580 0.403786
581 0.530416
582 0.847907
583 0.253788
584 0.324774
585 0.747887
586 0.243077
587 0.444692
588 0.639999
589 0.975547
590 0.966773
591 0.897673
592 0.483602
593 0.155933
594 0.315000
595 0.584078
596 0.404564
597 0.191675
598 0.209734
599 0.905315
600 0.590668
601 0.645043
602 0.306201
603 0.788242
604 0.151151
605 0.981738
606 0.604879
607 0.046344
608 0.947030
609 0.123548
610 0.903401
611 0.847981
612 0.767651
613 0.907496
614 0.592462
615 0.950369
616 0.930341
617 0.100863
618 0.937560
619 0.894071
620 0.627108
621 0.891980
622 0.094832
623 0.607706
624 0.558141
625 0.265928
626 0.684425
627 0.846144
628 0.576461
629 0.382316
630 0.788822
631 0.577925
632 0.221371
633 0.999050
634 0.756209
635 0.848683
636 0.140426
637 0.131498
638 0.170424
639 0.777319
640 0.490473
641 0.500761
642 0.799234
643 0.190235
644 0.467880
645 0.907711
646 0.251613
647 0.966378
648 0.146384
649 0.471262
650 0.462397
651 0.451928
652 0.798072
653 0.689811
654 0.979156
655 0.308381
656 0.838810
657 0.524072
658 0.351278
659 0.881398
660 0.474027
661 0.157527
662 0.715247
663 0.620175
664 0.024080
665 0.767448
666 0.932761
667 0.238209
668 0.780459
669 0.535009
670 0.369811
671 0.186257
672 0.084969
673 0.237197
674 0.604994
675 0.606859
676 0.133560
677 0.096297
678 0.024334
679 0.257239
680 0.784788
681 0.114453
682 0.397534
683 0.923479
684 0.400003
685 0.891309
686 0.137044
687 0.603792
688 0.458125
689 0.912028
690 0.016535
691 0.212302
692 0.372493
693 0.500945
694 0.669299
695 0.747171
696 0.590551
697 0.062916
698 0.199796
699 0.778008
700 0.679224
701 0.879895
702 0.723020
703 0.737401
704 0.689658
705 0.594556
706 0.596539
707 0.850033
708 0.654569
709 0.595757
710 0.529021
711 0.600232
712 0.599748
713 0.822443
714 0.636748
715 0.424937
716 0.948369
717 0.023037
718 0.876067
719 0.823944
720 0.662543
721 0.246680
722 0.104915
723 0.302925
724 0.901142
725 0.300648
726 0.320515
727 0.507108
728 0.376239
729 0.085063
730 0.383028
731 0.564616
732 0.962569
733 0.111490
734 0.766375
735 0.038382
736 0.455258
737 0.126305
738 0.577672
739 0.984146
740 0.680603
741 0.592701
742 0.255639
743 0.429456
744 0.443045
745 0.836967
746 0.996046
747 0.124716
748 0.038527
749 0.935182
750 0.058716
751 0.672212
752 0.280236
753 0.905722
754 0.685777
755 0.112659
756 0.167333
757 0.480988
758 0.404828
759 0.741229
760 0.480566
761 0.658521
762 0.003356
763 0.336130
764 0.710737
765 0.377172
766 0.442197
767 0.112686
768 0.816838
769 0.028264
770 0.426038
771 0.564516
772 0.370192
773 0.094680
774 0.267873
775 0.920789
776 0.669315
777 0.012571
778 0.072062
779 0.234648
780 0.407237
781 0.370897
782 0.117051
783 0.122805
784 0.438864
785 0.803246
786 0.644024
787 0.899923
788 0.130529
789 0.384426
790 0.051713
791 0.293789
792 0.677201
793 0.021023
794 0.760251
795 0.088418
796 0.644889
797 0.220699
798 0.738448
799 0.922107
800 0.836591
801 0.739191
802 0.889019
803 0.066094
804 0.389732
805 0.937024
806 0.155276
807 0.326850
808 0.791327
809 0.229701
810 0.350459
811 0.251187
812 0.244192
813 0.785633
814 0.317348
815 0.568222
816 0.533347
817 0.615326
818 0.100996
819 0.275878
820 0.226312
821 0.403367
822 0.361337
823 0.972010
824 0.694331
825 0.861495
826 0.265164
827 0.941327
828 0.063628
829 0.026551
830 0.578380
831 0.139217
832 0.796610
833 0.791371
834 0.629636
835 0.562178
836 0.162503
837 0.039676
838 0.235416
839 0.561958
840 0.385251
841 0.057784
842 0.564322
843 0.446629
844 0.753537
845 0.416477
846 0.274751
847 0.216718
848 0.443642
849 0.255602
850 0.085369
851 0.508139
852 0.240414
853 0.862002
854 0.231706
855 0.756049
856 0.744930
857 0.608140
858 0.024918
859 0.254898
860 0.029524
861 0.714256
862 0.960189
863 0.169819
864 0.041658
865 0.911198
866 0.522448
867 0.653126
868 0.367694
869 0.914029
870 0.006027
871 0.037096
872 0.245938
873 0.668318
874 0.302562
875 0.610313
876 0.965395
877 0.601487
878 0.717916
879 0.739763
880 0.002514
881 0.600868
882 0.454057
883 0.074482
884 0.432739
885 0.148137
886 0.435817
887 0.258953
888 0.307040
889 0.966523
890 0.675110
891 0.995576
892 0.805633
893 0.682735
894 0.346654
895 0.425413
896 0.071943
897 0.369763
898 0.199446
899 0.645062
900 0.689426
901 0.419762
902 0.847153
903 0.744869
904 0.792187
905 0.997959
906 0.868312
907 0.039840
908 0.797391
909 0.349029
910 0.503661
911 0.169501
912 0.713308
913 0.466660
914 0.063105
915 0.466557
916 0.911382
917 0.095031
918 0.948801
919 0.436626
920 0.154039
921 0.707659
922 0.463506
923 0.352420
924 0.542027
925 0.004633
926 0.304795
927 0.845656
928 0.885893
929 0.583441
930 0.845957
931 0.978591
932 0.815777
933 0.771676
934 0.973301
935 0.594464
936 0.722023
937 0.161601
938 0.387324
939 0.782280
940 0.366171
941 0.157109
942 0.881616
943 0.046216
944 0.717726
945 0.832838
946 0.188594
947 0.243602
948 0.256658
949 0.613234
950 0.525078
951 0.547782
952 0.634917
953 0.706097
954 0.983444
955 0.603312
956 0.212313
957 0.870654
958 0.395514
959 0.670820
960 0.572928
961 0.964474
962 0.246537
963 0.907507
964 0.687804
965 0.796527
966 0.635588
967 0.996617
968 0.917969
969 0.115468
970 0.166369
971 0.125383
972 0.548933
973 0.082716
974 0.008870
975 0.815786
976 0.013599
977 0.319173
978 0.197533
979 0.336146
980 0.395121
981 0.572422
982 0.525498
983 0.363914
984 0.204547
985 0.228005
986 0.157230
987 0.231173
988 0.800156
989 0.283902
990 0.313249
991 0.464258
992 0.156231
993 0.021560
994 0.080875
995 0.427507
996 0.998564
997 0.439869
998 0.573888
999 0.698567
1000 0.602318
1001 0.570198
1002 0.301635
1003 0.338791
1004 0.794942
1005 0.061152
1006 0.714620
1007 0.477149
1008 0.922658
1009 0.910936
1010 0.468762
1011 0.599730
1012 0.723591
1013 0.933230
1014 0.994495
1015 0.629250
1016 0.203960
1017 0.469260
1018 0.469535
1019 0.290170
1020 0.735804
1021 0.004212
1022 0.275617
1023 0.384858
1024 0.685527
1025 0.710438
1026 0.469686
1027 0.454899
1028 0.942145
1029 0.522880
1030 0.718982
1031 0.869021
1032 0.742408
1033 0.153926
1034 0.537128
1035 0.665249
1036 0.187060
1037 0.475371
1038 0.514818
1039 0.479765
1040 0.808312
1041 0.934479
1042 0.563849
1043 0.618609
1044 0.483175
1045 0.129094
1046 0.987236
1047 0.770715
1048 0.890622
1049 0.343531
1050 0.450796
1051 0.021929
1052 0.582613
1053 0.742490
1054 0.663067
1055 0.709513
1056 0.579851
1057 0.034470
1058 0.770614
1059 0.255315
1060 0.212681
1061 0.749209
1062 0.144706
1063 0.433113
1064 0.705897
1065 0.825375
1066 0.373066
1067 0.561815
1068 0.753266
1069 0.975311
1070 0.876821
1071 0.871070
1072 0.043418
1073 0.282824
1074 0.647987
1075 0.759468
1076 0.383292
1077 0.698079
1078 0.146764
1079 0.857894
1080 0.718698
1081 0.520365
1082 0.410612
1083 0.721742
1084 0.973567
1085 0.605044
1086 0.908528
1087 0.605573
1088 0.220325
1089 0.895236
1090 0.624128
1091 0.122422
1092 0.253380
1093 0.961801
1094 0.270100
1095 0.657366
1096 0.166031
1097 0.536939
1098 0.424280
1099 0.191072
1100 0.028182
1101 0.547236
1102 0.734040
1103 0.693946
1104 0.228055
1105 0.891251
1106 0.160894
1107 0.475133
1108 0.475696
1109 0.164724
1110 0.531150
1111 0.812988
1112 0.869337
1113 0.713273
1114 0.421146
1115 0.854784
1116 0.797804
1117 0.787924
1118 0.637054
1119 0.153311
1120 0.792929
1121 0.193109
1122 0.249419
1123 0.306631
1124 0.755547
1125 0.649742
1126 0.311554
1127 0.984654
1128 0.256926
1129 0.147768
1130 0.028611
1131 0.162337
1132 0.864591
1133 0.833067
1134 0.250587
1135 0.634173
1136 0.657298
1137 0.462877
1138 0.737713
1139 0.858278
1140 0.278497
1141 0.171869
1142 0.690643
1143 0.870780
1144 0.030937
1145 0.217817
1146 0.550519
1147 0.422320
1148 0.637137
1149 0.521258
1150 0.055476
1151 0.618385
1152 0.381276
1153 0.177850
1154 0.990304
1155 0.193808
1156 0.407606
1157 0.705090
1158 0.984960
1159 0.119158
1160 0.978832
1161 0.586856
1162 0.105312
1163 0.522876
1164 0.494969
1165 0.699721
1166 0.835922
1167 0.917898
1168 0.038993
1169 0.444250
1170 0.379906
1171 0.445142
1172 0.150190
1173 0.862498
1174 0.994814
1175 0.288595
1176 0.429420
1177 0.699694
1178 0.346212
1179 0.577916
1180 0.452581
1181 0.263585
1182 0.592049
1183 0.974293
1184 0.309386
1185 0.049189
1186 0.111117
1187 0.733989
1188 0.894124
1189 0.429711
1190 0.457859
1191 0.361335
1192 0.853412
1193 0.266127
1194 0.263442
1195 0.999109
1196 0.843000
1197 0.058444
1198 0.409507
1199 0.459090
1200 0.461525
1201 0.250929
1202 0.876155
1203 0.269232
1204 0.913671
1205 0.511571
1206 0.209709
1207 0.306259
1208 0.108508
1209 0.232827
1210 0.568464
1211 0.493652
1212 0.520874
1213 0.146193
1214 0.786099
1215 0.674841
1216 0.734458
1217 0.807411
1218 0.842614
1219 0.120086
1220 0.144838
1221 0.792118
1222 0.551587
1223 0.192871
1224 0.829016
1225 0.743519
1226 0.160266
1227 0.487826
1228 0.085105
1229 0.934149
1230 0.915447
1231 0.257005
1232 0.611600
1233 0.743073
1234 0.473263
1235 0.165042
1236 0.730269
1237 0.407860
1238 0.324995
1239 0.356060
1240 0.459997
1241 0.587441
1242 0.173666
1243 0.476330
1244 0.620999
1245 0.667454
1246 0.427676
1247 0.676599
1248 0.489644
1249 0.353945
1250 0.677868
1251 0.716599
1252 0.833671
1253 0.934304
1254 0.193427
1255 0.111647
1256 0.435951
1257 0.636073
1258 0.109655
1259 0.797397
1260 0.461963
1261 0.784753
1262 0.087145
1263 0.043642
1264 0.242009
1265 0.951026
1266 0.797049
1267 0.321760
1268 0.223762
1269 0.985788
1270 0.631107
1271 0.522712
1272 0.004025
1273 0.768161
1274 0.547767
1275 0.333689
1276 0.470713
1277 0.637162
1278 0.947196
1279 0.711365
1280 0.176820
1281 0.841946
1282 0.918167
1283 0.238330
1284 0.127761
1285 0.928578
1286 0.118757
1287 0.716699
1288 0.191757
1289 0.783014
1290 0.940484
1291 0.638979
1292 0.340035
1293 0.070510
1294 0.461945
1295 0.181211
1296 0.889410
1297 0.050904
1298 0.023244
1299 0.086978
1300 0.854403
1301 0.207261
1302 0.046401
1303 0.253311
1304 0.419351
1305 0.802088
1306 0.989667
1307 0.990611
1308 0.413062
1309 0.370866
1310 0.055096
1311 0.808621
1312 0.509366
1313 0.276887
1314 0.468914
1315 0.179091
1316 0.686485
1317 0.784404
1318 0.823196
1319 0.043176
1320 0.256480
1321 0.658843
1322 0.105027
1323 0.867735
1324 0.523088
1325 0.073347
1326 0.645787
1327 0.809588
1328 0.842096
1329 0.590177
1330 0.298398
1331 0.020405
1332 0.542946
1333 0.193508
1334 0.694297
1335 0.317301
1336 0.823625
1337 0.776891
1338 0.444616
1339 0.355336
1340 0.352913
1341 0.134207
1342 0.631476
1343 0.068002
1344 0.904932
1345 0.367135
1346 0.885525
1347 0.490416
1348 0.910478
1349 0.705233
1350 0.764754
1351 0.147304
1352 0.337943
1353 0.036418
1354 0.037359
1355 0.974034
1356 0.813717
1357 0.966204
1358 0.827847
1359 0.243777
1360 0.357767
1361 0.963262
1362 0.410770
1363 0.197576
1364 0.544666
1365 0.106912
1366 0.730433
1367 0.016431
1368 0.303665
1369 0.128891
1370 0.487613
1371 0.435670
1372 0.943471
1373 0.837255
1374 0.865754
1375 0.681750
1376 0.328216
1377 0.624548
1378 0.669329
1379 0.510270
1380 0.440661
1381 0.595341
1382 0.815981
1383 0.941349
1384 0.847025
1385 0.900043
1386 0.761755
1387 0.824672
1388 0.824871
1389 0.132366
1390 0.545193
1391 0.621373
1392 0.131312
1393 0.137102
1394 0.711229
1395 0.763566
1396 0.573384
1397 0.282852
1398 0.419808
1399 0.644721
1400 0.695726
1401 0.181144
1402 0.556807
1403 0.705200
1404 0.022808
1405 0.978845
1406 0.646309
1407 0.207177
1408 0.383736
1409 0.715054
1410 0.813462
1411 0.141763
1412 0.907260
1413 0.816666
1414 0.966113
1415 0.278570
1416 0.302928
1417 0.608551
1418 0.751086
1419 0.654078
1420 0.041372
1421 0.734800
1422 0.697429
1423 0.800023
1424 0.012572
1425 0.626754
1426 0.284155
1427 0.736699
1428 0.175489
1429 0.611532
1430 0.463934
1431 0.198415
1432 0.615777
1433 0.931534
1434 0.436891
1435 0.719500
1436 0.300381
1437 0.840911
1438 0.200132
1439 0.089128
1440 0.658602
1441 0.059238
1442 0.598771
1443 0.281860
1444 0.928835
1445 0.195641
1446 0.273226
1447 0.288189
1448 0.988455
1449 0.308394
1450 0.035218
1451 0.305525
1452 0.131444
1453 0.535491
1454 0.811346
1455 0.504883
1456 0.974122
1457 0.720980
1458 0.368336
1459 0.062256
1460 0.353963
1461 0.169824
1462 0.577983
1463 0.335948
1464 0.739773
1465 0.090852
1466 0.992505
1467 0.982345
1468 0.293558
1469 0.932823
1470 0.982475
1471 0.432439
1472 0.315294
1473 0.682929
1474 0.639707
1475 0.500090
1476 0.361297
1477 0.280032
1478 0.066377
1479 0.960347
1480 0.855281
1481 0.596725
1482 0.559411
1483 0.722341
1484 0.508232
1485 0.964779
1486 0.555567
1487 0.726084
1488 0.329037
1489 0.957823
1490 0.027863
1491 0.916193
1492 0.442407
1493 0.103098
1494 0.317937
1495 0.587908
1496 0.333927
1497 0.370884
1498 0.151628
1499 0.061920
1500 0.514143
1501 0.685724
1502 0.816498
1503 0.024399
1504 0.934431
1505 0.317786
1506 0.180229
1507 0.967259
1508 0.796937
1509 0.845774
1510 0.397757
1511 0.981065
1512 0.679228
1513 0.434487
1514 0.792718
1515 0.689124
1516 0.141327
1517 0.440693
1518 0.505201
1519 0.366190
1520 0.198671
1521 0.850204
1522 0.073034
1523 0.258845
1524 0.229057
1525 0.757061
1526 0.157734
1527 0.816992
1528 0.034987
1529 0.022501
1530 0.138985
1531 0.957034
1532 0.904896
1533 0.396863
1534 0.282917
1535 0.607211
1536 0.607543
1537 0.751884
1538 0.639697
1539 0.634162
1540 0.313447
1541 0.653807
1542 0.744840
1543 0.817207
1544 0.465536
1545 0.309497
1546 0.586381
1547 0.822946
1548 0.618290
1549 0.938288
1550 0.156485
1551 0.137659
1552 0.230430
1553 0.861498
1554 0.231248
1555 0.638641
1556 0.330814
1557 0.059594
1558 0.816419
1559 0.927968
1560 0.880507
1561 0.623737
1562 0.959438
1563 0.713329
1564 0.526059
1565 0.423935
1566 0.359655
1567 0.400454
1568 0.279853
1569 0.430299
1570 0.408776
1571 0.660289
1572 0.472941
1573 0.456908
1574 0.962527
1575 0.051438
1576 0.104140
1577 0.649531
1578 0.282233
1579 0.814568
1580 0.456176
1581 0.808982
1582 0.191438
1583 0.710304
1584 0.565542
1585 0.631128
1586 0.567908
1587 0.245814
1588 0.817265
1589 0.152584
1590 0.835290
1591 0.827640
1592 0.589120
1593 0.117883
1594 0.131388
1595 0.289488
1596 0.491880
1597 0.629413
1598 0.311486
1599 0.873543
1600 0.343039
;
param cost_b := 
1 -0.347325
2 -0.779621
3 0.231275
4 -0.986487
5 0.753791
6 -0.000783
7 0.300152
8 -0.670704
9 -0.486543
10 -0.315273
11 -0.446097
12 -0.484267
13 0.482662
14 0.408476
15 -0.853812
16 -0.127495
17 0.547416
18 -0.820706
19 0.342474
20 0.514809
21 0.481206
22 -0.095373
23 -0.945929
24 0.266829
25 0.635991
26 -0.750881
27 -0.916235
28 -0.912796
29 0.782757
30 -0.092824
31 -0.722069
32 0.990268
33 0.668652
34 0.403557
35 -0.969945
36 0.733986
37 -0.108251
38 0.785486
39 0.001392
40 0.269377
41 0.887960
42 0.892412
43 0.213162
44 -0.168598
45 0.165912
46 -0.960039
47 0.910278
48 -0.888117
49 0.421762
50 -0.942250
51 0.733127
52 -0.986735
53 -0.351622
54 0.174027
55 0.400040
56 0.121575
57 -0.412923
58 0.814878
59 0.675717
60 -0.636947
61 0.002347
62 0.378422
63 -0.113575
64 0.097134
65 0.497014
66 -0.924254
67 0.226509
68 0.369027
69 -0.604932
70 0.977507
71 0.315799
72 0.834165
73 0.655311
74 0.949503
75 -0.231792
76 -0.002128
77 0.612629
78 0.759669
79 0.852709
80 -0.208347
81 0.720437
82 0.504386
83 -0.049386
84 -0.209304
85 0.771695
86 0.382697
87 0.353908
88 -0.336696
89 -0.062001
90 0.671823
91 -0.469094
92 -0.439554
93 -0.110407
94 0.347175
95 0.143448
96 0.129405
97 -0.229572
98 0.962061
99 0.792645
100 0.848482
101 -0.992831
102 -0.641571
103 -0.573833
104 0.004591
105 -0.580331
106 -0.503078
107 -0.412957
108 -0.858650
109 0.889694
110 0.492610
111 0.748011
112 0.012031
113 -0.168752
114 -0.521819
115 0.482582
116 0.220727
117 -0.768706
118 -0.904527
119 -0.844223
120 0.861997
121 -0.425646
122 -0.424869
123 -0.511163
124 0.696526
125 0.256667
126 0.920787
127 -0.508533
128 0.605268
129 0.403918
130 -0.037128
131 -0.981750
132 -0.735019
133 -0.975707
134 -0.791887
135 0.029889
136 -0.960420
137 -0.618380
138 -0.807116
139 -0.325818
140 0.762429
141 -0.706006
142 -0.482799
143 0.262564
144 0.534496
145 0.756961
146 0.037476
147 -0.846838
148 0.957492
149 0.277336
150 -0.203685
151 0.510814
152 -0.433132
153 -0.790663
154 0.449281
155 -0.432236
156 -0.632975
157 0.341762
158 -0.897448
159 0.840597
160 -0.006243
161 0.259599
162 -0.638738
163 0.143585
164 -0.594559
165 -0.429854
166 0.867730
167 0.533201
168 0.725369
169 -0.762465
170 0.234879
171 0.024876
172 -0.098163
173 0.942754
174 -0.980947
175 -0.645624
176 -0.438761
177 -0.926784
178 0.816833
179 0.718717
180 0.276818
181 0.982436
182 0.125951
183 0.892544
184 -0.500308
185 -0.387267
186 -0.899274
187 -0.730290
188 -0.158173
189 -0.172503
190 0.864914
191 0.314731
192 -0.518400
193 -0.549638
194 -0.544647
195 -0.428925
196 0.643736
197 -0.871874
198 -0.459029
199 -0.448738
200 -0.720819
201 -0.167264
202 0.410746
203 0.127121
204 -0.070940
205 0.433692
206 -0.702630
207 0.962718
208 0.181750
209 -0.007928
210 -0.292257
211 -0.826868
212 -0.229121
213 -0.411802
214 0.249302
215 -0.973213
216 -0.407006
217 0.138104
218 -0.464850
219 -0.473115
220 0.950515
221 0.867155
222 -0.363599
223 0.507751
224 0.023569
225 -0.602060
226 -0.390417
227 -0.804209
228 -0.647363
229 0.176453
230 -0.281955
231 0.828104
232 0.569524
233 -0.523149
234 0.592048
235 0.139179
236 0.416203
237 0.995409
238 -0.616372
239 0.579047
240 0.630498
241 0.904615
242 0.757340
243 -0.691681
244 -0.580472
245 -0.278950
246 -0.484495
247 -0.977453
248 0.818682
249 -0.657277
250 -0.378630
251 0.250461
252 -0.792483
253 0.510704
254 0.299660
255 -0.506589
256 -0.340547
257 -0.631413
258 0.488753
259 0.316185
260 -0.065887
261 -0.544129
262 -0.404501
263 0.830435
264 0.149323
265 0.680209
266 -0.300908
267 -0.034463
268 -0.359710
269 -0.707610
270 0.981730
271 -0.892878
272 -0.928368
273 0.032102
274 -0.811235
275 0.514925
276 -0.585063
277 -0.075887
278 -0.925659
279 0.416628
280 0.401486
281 -0.499368
282 -0.672696
283 0.376189
284 0.155601
285 0.060136
286 -0.608079
287 0.266700
288 -0.716313
289 -0.300292
290 0.898840
291 0.606562
292 -0.452853
293 0.719070
294 -0.722076
295 0.393298
296 0.896852
297 -0.522274
298 -0.206072
299 -0.080320
300 0.827494
301 -0.443380
302 0.637386
303 0.318948
304 0.611260
305 0.503205
306 -0.052993
307 0.319409
308 0.007659
309 0.915885
310 -0.950876
311 -0.384732
312 0.750967
313 0.658462
314 -0.685420
315 -0.340419
316 0.035399
317 0.499708
318 0.165753
319 0.220453
320 -0.567237
321 -0.530866
322 -0.745678
323 -0.676655
324 -0.102366
325 0.456846
326 -0.683082
327 0.153588
328 -0.361252
329 0.090940
330 0.254750
331 -0.915176
332 0.905823
333 0.649464
334 0.539224
335 0.521861
336 -0.973818
337 0.564822
338 0.025896
339 -0.338619
340 -0.396067
341 0.626255
342 0.572769
343 0.104288
344 0.570787
345 0.317170
346 -0.818306
347 -0.511674
348 0.036376
349 -0.246220
350 -0.954579
351 -0.135534
352 0.470294
353 0.566395
354 0.789416
355 -0.902036
356 0.946551
357 -0.242205
358 -0.264509
359 0.618431
360 -0.007884
361 -0.959589
362 0.054449
363 0.875691
364 -0.551163
365 0.376539
366 -0.548422
367 -0.899486
368 -0.685645
369 -0.284460
370 0.411796
371 0.656373
372 -0.603593
373 -0.091122
374 0.039087
375 0.722246
376 0.101432
377 0.845652
378 0.542823
379 -0.089034
380 -0.706956
381 -0.804292
382 -0.474539
383 0.223344
384 0.404270
385 -0.282760
386 0.244693
387 -0.297180
388 0.703011
389 -0.256839
390 0.197512
391 -0.586075
392 0.272036
393 0.857414
394 0.504807
395 -0.573903
396 0.550141
397 -0.559486
398 -0.469539
399 -0.316353
400 0.657515
401 -0.486753
402 0.475450
403 -0.096468
404 0.561506
405 0.844195
406 -0.683292
407 -0.355882
408 0.798921
409 -0.050641
410 -0.657239
411 0.304285
412 -0.124455
413 -0.671636
414 -0.406785
415 0.497395
416 -0.240975
417 0.749982
418 0.849968
419 -0.030119
420 0.272292
421 0.597167
422 0.443006
423 0.816797
424 0.862636
425 -0.543446
426 -0.679433
427 0.724379
428 0.729499
429 -0.547663
430 0.338594
431 -0.087056
432 0.157580
433 0.939988
434 0.758855
435 -0.362329
436 0.301495
437 0.911541
438 -0.025144
439 -0.388694
440 0.263520
441 0.674468
442 0.793463
443 -0.874060
444 0.730035
445 0.494327
446 0.526729
447 -0.381711
448 0.486457
449 0.043745
450 -0.186860
451 -0.187082
452 0.385342
453 -0.742102
454 -0.917243
455 -0.953794
456 -0.315964
457 -0.930571
458 0.957742
459 0.221360
460 0.416061
461 0.885183
462 0.961160
463 -0.209649
464 0.177583
465 0.792631
466 0.025585
467 -0.426654
468 0.228131
469 0.904364
470 -0.121288
471 -0.016304
472 -0.418448
473 0.144082
474 0.173874
475 0.701995
476 -0.413671
477 -0.472080
478 -0.867123
479 -0.569225
480 0.272208
481 0.306926
482 0.249482
483 0.787150
484 0.500974
485 0.270827
486 0.467406
487 -0.694086
488 0.799360
489 0.459557
490 0.406789
491 0.465913
492 0.146693
493 0.341181
494 -0.700444
495 -0.849044
496 -0.049069
497 0.259846
498 -0.455127
499 -0.171069
500 0.641331
501 0.361769
502 -0.165837
503 0.042355
504 0.938594
505 -0.570077
506 -0.618161
507 -0.830876
508 0.849109
509 -0.013521
510 -0.131153
511 -0.130178
512 -0.596379
513 -0.061108
514 -0.263779
515 -0.046903
516 -0.953322
517 -0.830565
518 0.097188
519 -0.209413
520 -0.164936
521 0.723079
522 0.413105
523 0.943076
524 -0.628261
525 0.190092
526 0.515377
527 0.070411
528 0.309597
529 0.560021
530 -0.087216
531 0.275768
532 -0.508816
533 0.343543
534 -0.340963
535 -0.924408
536 -0.929224
537 0.995713
538 -0.800158
539 -0.644782
540 0.078828
541 0.641462
542 -0.355515
543 -0.870518
544 0.814987
545 -0.768114
546 -0.756861
547 -0.895066
548 -0.349307
549 0.354360
550 0.442383
551 0.817132
552 -0.253290
553 0.339737
554 -0.564537
555 0.049011
556 0.947595
557 0.741924
558 0.248696
559 0.822574
560 -0.818947
561 -0.101291
562 0.516173
563 -0.359171
564 0.488571
565 0.272926
566 0.917479
567 0.069843
568 0.854692
569 0.895939
570 -0.754682
571 -0.321241
572 -0.348998
573 -0.148174
574 -0.823510
575 -0.940297
576 -0.383130
577 -0.641522
578 -0.876340
579 -0.737160
580 -0.216098
581 -0.528842
582 -0.496471
583 0.901120
584 -0.447212
585 0.078087
586 0.782079
587 -0.168148
588 -0.031449
589 -0.122528
590 0.165033
591 0.171413
592 0.125336
593 -0.918061
594 -0.835237
595 -0.367562
596 0.201311
597 -0.029384
598 0.605427
599 -0.381754
600 -0.717153
601 -0.926419
602 -0.634364
603 0.533375
604 -0.194446
605 0.000659
606 -0.228123
607 0.692069
608 -0.846195
609 -0.708195
610 0.959670
611 0.470149
612 0.898567
613 -0.512005
614 0.586201
615 0.082665
616 0.475399
617 0.230658
618 -0.701709
619 -0.000336
620 -0.356462
621 -0.303876
622 -0.739001
623 -0.783259
624 -0.081625
625 -0.357529
626 -0.830905
627 0.214748
628 -0.752935
629 0.291382
630 -0.154660
631 -0.054852
632 0.485272
633 0.922555
634 -0.716489
635 0.402047
636 0.773614
637 0.995926
638 0.085115
639 -0.789293
640 0.081072
641 -0.119798
642 0.353474
643 -0.747092
644 -0.706757
645 0.900980
646 -0.597180
647 0.641373
648 0.466162
649 -0.237977
650 -0.306229
651 -0.137990
652 -0.909118
653 0.384332
654 -0.693279
655 0.658294
656 -0.711532
657 0.016212
658 -0.427266
659 -0.671699
660 -0.506992
661 0.129160
662 0.205434
663 0.621359
664 -0.772937
665 0.148508
666 -0.659832
667 -0.698011
668 -0.453518
669 0.166262
670 0.396103
671 0.564725
672 0.787359
673 -0.714329
674 -0.482890
675 -0.491784
676 0.313339
677 -0.949808
678 0.449456
679 0.186059
680 0.251141
681 -0.562596
682 -0.807093
683 0.893241
684 0.395707
685 -0.118926
686 -0.286695
687 0.113950
688 -0.325844
689 -0.926466
690 -0.380337
691 0.506200
692 0.107141
693 0.847502
694 -0.388989
695 0.246911
696 0.767966
697 -0.796224
698 0.011490
699 0.294061
700 0.644714
701 0.934507
702 -0.561650
703 -0.628821
704 0.228582
705 0.827635
706 -0.170900
707 -0.663412
708 0.401074
709 -0.037211
710 0.823110
711 0.575650
712 -0.919013
713 0.813111
714 0.776253
715 0.375083
716 -0.702288
717 -0.699626
718 -0.852318
719 0.018305
720 0.888623
721 -0.993013
722 0.222399
723 0.872501
724 0.749610
725 -0.078516
726 0.678140
727 0.276450
728 0.410825
729 0.734454
730 0.963723
731 0.867179
732 -0.886254
733 0.519328
734 0.544352
735 -0.728134
736 -0.223397
737 -0.354941
738 -0.207668
739 -0.271200
740 0.560273
741 0.384372
742 0.133834
743 0.090083
744 -0.619206
745 -0.118187
746 0.527986
747 0.816523
748 0.604649
749 0.785613
750 -0.585540
751 0.273487
752 0.633424
753 -0.679459
754 -0.456334
755 0.950961
756 -0.705661
757 0.124399
758 -0.987854
759 0.030129
760 -0.823329
761 0.507783
762 -0.360788
763 0.850682
764 0.180649
765 -0.590488
766 0.281918
767 -0.853711
768 -0.386805
769 -0.062369
770 0.169876
771 -0.639056
772 0.436261
773 0.022701
774 -0.758522
775 0.851200
776 -0.615607
777 0.750582
778 0.750735
779 -0.151725
780 0.728266
781 -0.783555
782 0.582162
783 0.549063
784 -0.929498
785 -0.944825
786 -0.999960
787 -0.837702
788 0.094043
789 0.550219
790 0.025848
791 0.849208
792 0.987363
793 0.585649
794 0.955772
795 -0.636372
796 -0.578832
797 -0.174128
798 0.350262
799 -0.599494
800 0.621365
801 0.148465
802 -0.490062
803 -0.920225
804 0.126833
805 -0.011613
806 -0.510854
807 -0.493652
808 0.590272
809 0.001170
810 -0.388942
811 0.843167
812 0.758265
813 0.377880
814 -0.126480
815 -0.265449
816 -0.398012
817 0.430063
818 -0.880366
819 -0.684252
820 0.903464
821 -0.026681
822 0.393164
823 0.391950
824 0.673586
825 0.861368
826 -0.917432
827 -0.026686
828 0.015115
829 -0.808030
830 0.876586
831 -0.770717
832 0.858401
833 0.055721
834 0.775951
835 -0.861934
836 -0.829719
837 -0.906300
838 0.366885
839 0.085791
840 -0.197141
841 0.302963
842 0.774889
843 -0.958780
844 -0.899387
845 0.311047
846 0.229375
847 -0.827298
848 0.278251
849 0.894585
850 0.178250
851 0.087198
852 0.265043
853 0.422907
854 -0.934762
855 0.179524
856 0.620145
857 -0.401156
858 0.587030
859 -0.936841
860 0.392152
861 0.946900
862 -0.702467
863 0.242305
864 0.049214
865 0.532098
866 -0.379797
867 -0.820038
868 0.740044
869 -0.475504
870 -0.440625
871 0.300575
872 0.865746
873 -0.605139
874 -0.010526
875 0.499104
876 0.585940
877 0.413824
878 0.416390
879 -0.106904
880 0.043835
881 0.902783
882 -0.222253
883 0.727829
884 -0.974774
885 0.149203
886 -0.340103
887 0.391899
888 -0.961385
889 0.443154
890 0.485167
891 0.346983
892 0.915901
893 -0.617634
894 0.796941
895 -0.067273
896 -0.406295
897 -0.942552
898 -0.217714
899 -0.023676
900 0.197787
901 -0.669292
902 0.209631
903 -0.836460
904 -0.854924
905 -0.997060
906 -0.599314
907 0.974430
908 -0.441769
909 0.885555
910 0.765827
911 0.177601
912 -0.268928
913 -0.760554
914 0.033296
915 -0.261792
916 -0.265987
917 0.749839
918 -0.993734
919 -0.913746
920 0.906561
921 -0.646452
922 -0.568623
923 -0.504337
924 0.680583
925 0.324596
926 -0.919592
927 0.835121
928 0.894533
929 0.830552
930 -0.839013
931 0.089912
932 -0.085245
933 0.836827
934 0.990590
935 0.088306
936 0.556525
937 -0.582298
938 -0.328058
939 -0.231955
940 0.490211
941 0.824442
942 -0.196823
943 0.297159
944 0.744449
945 -0.701824
946 -0.018917
947 -0.458734
948 -0.831810
949 -0.745817
950 -0.075878
951 -0.630333
952 0.668548
953 0.590112
954 -0.737186
955 0.375356
956 -0.503642
957 -0.204891
958 0.533636
959 -0.280236
960 0.972429
961 -0.729609
962 0.745540
963 0.788389
964 0.474492
965 -0.194144
966 0.664904
967 0.068267
968 0.049125
969 0.602658
970 -0.398743
971 -0.532924
972 0.614061
973 -0.007810
974 -0.007444
975 0.141182
976 -0.844282
977 0.325069
978 -0.917603
979 -0.591951
980 -0.097629
981 -0.727647
982 -0.913014
983 -0.973429
984 -0.642551
985 0.522188
986 0.590495
987 -0.347868
988 0.010711
989 0.433635
990 0.969007
991 0.140292
992 -0.583304
993 -0.224797
994 -0.961012
995 -0.055972
996 0.524838
997 0.541923
998 0.654279
999 -0.576695
1000 -0.901738
1001 0.812202
1002 -0.810369
1003 0.879783
1004 0.265528
1005 0.922387
1006 -0.662764
1007 -0.286509
1008 -0.141487
1009 -0.279841
1010 -0.993132
1011 -0.078043
1012 -0.743546
1013 -0.698121
1014 0.578470
1015 0.717194
1016 -0.834818
1017 -0.358754
1018 -0.434873
1019 -0.183224
1020 -0.970566
1021 0.879233
1022 0.835443
1023 0.264642
1024 0.396512
1025 0.264276
1026 0.850348
1027 0.261400
1028 0.630297
1029 0.233260
1030 -0.146308
1031 0.623039
1032 -0.227524
1033 -0.101274
1034 0.990790
1035 0.593326
1036 0.426197
1037 -0.044572
1038 -0.832957
1039 0.944611
1040 -0.274515
1041 0.203290
1042 0.478903
1043 0.366552
1044 -0.476847
1045 0.665084
1046 0.743002
1047 -0.024087
1048 0.541350
1049 0.932928
1050 0.540162
1051 -0.218446
1052 0.880093
1053 0.008650
1054 -0.685573
1055 -0.972723
1056 -0.298649
1057 0.720817
1058 -0.189013
1059 0.719937
1060 0.817038
1061 -0.391444
1062 -0.570059
1063 0.096737
1064 -0.987500
1065 0.370517
1066 -0.678547
1067 0.139843
1068 0.816992
1069 -0.370712
1070 -0.681377
1071 -0.944988
1072 0.063412
1073 -0.906689
1074 -0.272275
1075 -0.079620
1076 0.054455
1077 -0.484210
1078 -0.775385
1079 -0.740755
1080 0.276611
1081 0.493890
1082 0.646562
1083 -0.818380
1084 -0.799244
1085 -0.042683
1086 0.928002
1087 -0.662451
1088 -0.134767
1089 -0.203325
1090 0.482345
1091 -0.458013
1092 0.390855
1093 -0.377726
1094 0.321659
1095 0.688124
1096 -0.544257
1097 -0.654905
1098 -0.054705
1099 0.208268
1100 0.358137
1101 -0.197376
1102 -0.402651
1103 0.968572
1104 0.876037
1105 0.811954
1106 -0.878903
1107 0.401631
1108 -0.555396
1109 -0.951775
1110 0.092996
1111 -0.943939
1112 -0.952241
1113 -0.455909
1114 0.721462
1115 -0.077837
1116 0.436004
1117 -0.361239
1118 -0.990395
1119 -0.668621
1120 0.699582
1121 0.118360
1122 -0.534898
1123 -0.227878
1124 0.834623
1125 0.509097
1126 -0.739882
1127 0.059321
1128 -0.465661
1129 0.497760
1130 0.124689
1131 -0.037331
1132 0.879115
1133 -0.151625
1134 0.010757
1135 0.031119
1136 0.244265
1137 -0.638171
1138 -0.607074
1139 -0.718863
1140 0.903258
1141 0.147427
1142 -0.762402
1143 -0.736370
1144 -0.305764
1145 -0.397369
1146 -0.966281
1147 0.773749
1148 -0.481345
1149 0.158603
1150 0.732569
1151 -0.371301
1152 -0.978686
1153 -0.981665
1154 0.269776
1155 -0.772250
1156 -0.955758
1157 -0.026061
1158 -0.331735
1159 0.265141
1160 -0.578574
1161 0.574780
1162 0.350120
1163 -0.992701
1164 -0.078628
1165 -0.471289
1166 0.377117
1167 -0.216614
1168 0.730208
1169 0.338119
1170 0.012041
1171 -0.509136
1172 -0.638655
1173 -0.026964
1174 0.349944
1175 0.292664
1176 0.579304
1177 -0.309785
1178 0.073301
1179 -0.567311
1180 -0.194191
1181 -0.348717
1182 -0.109570
1183 -0.554240
1184 0.639759
1185 0.979684
1186 0.797965
1187 -0.338962
1188 -0.283683
1189 -0.310403
1190 0.248039
1191 0.423982
1192 0.272556
1193 -0.568058
1194 -0.530649
1195 -0.394138
1196 0.734563
1197 0.535237
1198 -0.518679
1199 -0.660663
1200 0.042416
1201 0.284791
1202 -0.590360
1203 -0.481457
1204 -0.941682
1205 0.265108
1206 0.022324
1207 -0.155227
1208 0.448289
1209 -0.096834
1210 0.732505
1211 0.456135
1212 -0.236378
1213 -0.720447
1214 -0.084768
1215 0.013256
1216 -0.773776
1217 0.781091
1218 0.737677
1219 0.445610
1220 -0.717283
1221 -0.352970
1222 -0.009024
1223 0.638728
1224 -0.053582
1225 0.290109
1226 0.935799
1227 0.592640
1228 0.163947
1229 0.643653
1230 -0.136002
1231 0.783899
1232 -0.402095
1233 -0.707921
1234 0.724228
1235 0.965675
1236 -0.904380
1237 0.348271
1238 -0.897192
1239 0.780147
1240 -0.200168
1241 0.323376
1242 0.388409
1243 -0.476393
1244 0.757616
1245 0.342862
1246 -0.792937
1247 -0.414640
1248 0.886223
1249 0.598309
1250 0.783676
1251 0.894205
1252 -0.422372
1253 0.471439
1254 -0.479905
1255 0.167648
1256 0.347752
1257 0.057892
1258 -0.686792
1259 0.297592
1260 0.932910
1261 0.048309
1262 0.401347
1263 0.775372
1264 -0.159313
1265 0.380503
1266 0.875815
1267 0.552122
1268 -0.053198
1269 0.917338
1270 -0.643729
1271 0.333097
1272 -0.163117
1273 -0.214474
1274 0.246902
1275 -0.654971
1276 0.730449
1277 0.220506
1278 0.953342
1279 0.403554
1280 -0.138307
1281 0.499037
1282 0.526623
1283 -0.035815
1284 0.979148
1285 -0.278092
1286 0.096477
1287 -0.845294
1288 -0.555000
1289 -0.316832
1290 0.388391
1291 0.153917
1292 -0.816650
1293 -0.232838
1294 0.996758
1295 -0.325954
1296 -0.659215
1297 0.555320
1298 0.031604
1299 0.981267
1300 0.121451
1301 0.360434
1302 -0.333236
1303 -0.735232
1304 -0.384757
1305 0.904424
1306 0.532083
1307 0.211613
1308 0.535214
1309 0.198670
1310 0.532828
1311 -0.962429
1312 -0.838163
1313 0.967769
1314 0.522407
1315 0.285220
1316 0.779657
1317 0.897591
1318 -0.340692
1319 0.753396
1320 0.352806
1321 0.514848
1322 -0.010737
1323 -0.569218
1324 0.009387
1325 -0.443007
1326 -0.402148
1327 0.611733
1328 -0.358232
1329 -0.151461
1330 0.396724
1331 -0.283363
1332 -0.071783
1333 -0.655699
1334 0.539718
1335 0.959084
1336 -0.560855
1337 0.935770
1338 0.993090
1339 -0.011071
1340 -0.795007
1341 -0.118666
1342 0.658902
1343 -0.019362
1344 0.182070
1345 0.717323
1346 0.611480
1347 0.885558
1348 -0.675256
1349 -0.434749
1350 -0.466255
1351 0.141766
1352 0.249906
1353 -0.226371
1354 0.021179
1355 0.790933
1356 -0.584330
1357 0.466992
1358 0.433389
1359 -0.527417
1360 -0.190292
1361 -0.190850
1362 0.339287
1363 0.168093
1364 0.368626
1365 -0.464064
1366 0.690471
1367 -0.574468
1368 0.214044
1369 0.008337
1370 -0.660944
1371 0.265254
1372 -0.460638
1373 0.223101
1374 -0.782820
1375 -0.306517
1376 0.245657
1377 -0.750359
1378 -0.488198
1379 -0.922970
1380 0.874068
1381 0.692306
1382 -0.474200
1383 -0.599193
1384 0.390005
1385 -0.526371
1386 -0.766115
1387 0.233479
1388 0.203631
1389 0.665650
1390 0.030395
1391 0.169726
1392 -0.183030
1393 -0.484766
1394 -0.584724
1395 -0.664222
1396 0.500661
1397 0.472019
1398 -0.666666
1399 0.544372
1400 0.122529
1401 -0.978246
1402 -0.855380
1403 0.485376
1404 0.145596
1405 -0.811149
1406 0.092674
1407 -0.468522
1408 0.225119
1409 -0.670906
1410 0.520151
1411 -0.591256
1412 -0.088450
1413 0.138699
1414 -0.338482
1415 0.474343
1416 -0.605487
1417 0.614379
1418 -0.102827
1419 0.055404
1420 -0.078356
1421 -0.252793
1422 0.295209
1423 0.570794
1424 -0.324002
1425 -0.570370
1426 0.660121
1427 -0.009242
1428 0.753284
1429 0.984393
1430 0.653938
1431 -0.270863
1432 -0.998799
1433 0.106943
1434 0.441683
1435 -0.684105
1436 0.711009
1437 0.143829
1438 0.176478
1439 -0.420867
1440 -0.928424
1441 0.245886
1442 -0.817505
1443 0.706515
1444 0.932447
1445 -0.125838
1446 0.481562
1447 -0.546656
1448 -0.721124
1449 -0.688510
1450 -0.281315
1451 -0.986532
1452 -0.178436
1453 -0.825460
1454 0.780086
1455 0.681567
1456 0.676891
1457 -0.897223
1458 0.588554
1459 0.789024
1460 0.231059
1461 0.767122
1462 -0.242971
1463 0.890980
1464 -0.418339
1465 0.560220
1466 0.337528
1467 -0.827709
1468 0.100604
1469 -0.599271
1470 -0.935253
1471 0.958304
1472 0.516526
1473 -0.216632
1474 0.552331
1475 0.471800
1476 -0.569260
1477 -0.356881
1478 0.499993
1479 -0.947244
1480 0.107791
1481 -0.069488
1482 0.076134
1483 -0.405114
1484 -0.692634
1485 -0.144193
1486 0.025584
1487 -0.605201
1488 0.747723
1489 0.263814
1490 -0.833426
1491 0.327465
1492 0.130184
1493 -0.140026
1494 -0.780081
1495 0.822635
1496 0.998339
1497 -0.157238
1498 -0.269811
1499 -0.538207
1500 0.425668
1501 0.077996
1502 0.746114
1503 -0.613242
1504 0.494574
1505 0.360419
1506 0.527948
1507 -0.491763
1508 -0.608701
1509 -0.604002
1510 0.140002
1511 0.329792
1512 -0.486172
1513 -0.574669
1514 0.168232
1515 0.664975
1516 -0.738503
1517 0.163310
1518 0.348645
1519 -0.080461
1520 -0.101077
1521 0.504082
1522 -0.492804
1523 -0.326134
1524 0.260952
1525 0.319579
1526 -0.967806
1527 -0.560508
1528 0.826408
1529 -0.369552
1530 0.781488
1531 -0.045519
1532 -0.300012
1533 -0.658185
1534 0.875354
1535 -0.764151
1536 0.953127
1537 -0.801983
1538 0.998253
1539 0.037304
1540 0.254656
1541 0.676171
1542 -0.523082
1543 0.291456
1544 0.980476
1545 -0.142063
1546 -0.776782
1547 -0.672664
1548 0.322349
1549 0.311175
1550 0.880686
1551 -0.215119
1552 0.226291
1553 0.423940
1554 -0.743751
1555 0.753924
1556 0.820208
1557 -0.011687
1558 0.715490
1559 -0.721954
1560 -0.139280
1561 0.570135
1562 0.488410
1563 0.389608
1564 -0.424927
1565 -0.500957
1566 -0.141531
1567 -0.993956
1568 0.059359
1569 0.575042
1570 0.737062
1571 0.560221
1572 -0.702548
1573 0.636921
1574 -0.621576
1575 0.043758
1576 -0.422142
1577 -0.704359
1578 0.541022
1579 -0.714599
1580 -0.549189
1581 0.020477
1582 -0.855679
1583 -0.469352
1584 0.653679
1585 0.987797
1586 0.536667
1587 0.986698
1588 -0.413816
1589 -0.254458
1590 0.239869
1591 0.342890
1592 -0.251530
1593 0.532399
1594 -0.586159
1595 -0.872637
1596 0.424148
1597 -0.005637
1598 0.828556
1599 0.698435
1600 -0.798275
;
