# Optimal value by DCA: 302.914555
data;

param N = 800;
param capacity := 
1 36
2 78
3 127
4 85
5 81
6 93
7 55
8 102
9 108
10 123
11 120
12 128
13 68
14 71
15 51
16 124
17 38
18 91
19 84
20 69
21 101
22 124
23 80
24 87
25 110
26 126
27 81
28 51
29 65
30 96
31 91
32 78
33 128
34 44
35 69
36 99
37 88
38 120
39 92
40 79
41 93
42 89
43 62
44 107
45 72
46 81
47 111
48 105
49 55
50 122
51 70
52 91
53 72
54 73
55 72
56 103
57 85
58 128
59 105
60 77
61 74
62 83
63 33
64 47
65 106
66 87
67 54
68 46
69 42
70 96
71 95
72 63
73 87
74 30
75 41
76 31
77 68
78 85
79 99
80 110
81 98
82 121
83 96
84 67
85 96
86 110
87 87
88 104
89 108
90 57
91 67
92 91
93 82
94 54
95 91
96 80
97 123
98 38
99 59
100 84
101 107
102 42
103 90
104 100
105 127
106 116
107 75
108 73
109 70
110 50
111 108
112 91
113 87
114 90
115 91
116 73
117 84
118 102
119 48
120 74
121 47
122 46
123 90
124 70
125 97
126 45
127 84
128 48
129 93
130 57
131 89
132 94
133 79
134 99
135 86
136 65
137 72
138 108
139 88
140 87
141 89
142 110
143 103
144 42
145 117
146 51
147 72
148 47
149 76
150 87
151 98
152 71
153 117
154 93
155 98
156 40
157 104
158 120
159 111
160 115
161 65
162 70
163 79
164 98
165 112
166 65
167 73
168 101
169 34
170 96
171 93
172 66
173 77
174 84
175 119
176 59
177 60
178 55
179 69
180 126
181 84
182 98
183 48
184 52
185 74
186 62
187 108
188 125
189 107
190 108
191 55
192 96
193 91
194 118
195 75
196 93
197 118
198 64
199 77
200 59
201 69
202 79
203 129
204 97
205 119
206 82
207 44
208 93
209 129
210 106
211 118
212 70
213 88
214 81
215 95
216 79
217 105
218 77
219 120
220 116
221 92
222 49
223 108
224 101
225 53
226 90
227 86
228 97
229 74
230 110
231 121
232 89
233 128
234 111
235 92
236 78
237 121
238 115
239 95
240 109
241 83
242 51
243 86
244 58
245 55
246 79
247 88
248 53
249 119
250 120
251 109
252 57
253 104
254 70
255 57
256 38
257 93
258 67
259 104
260 87
261 101
262 128
263 49
264 47
265 122
266 31
267 37
268 79
269 54
270 109
271 109
272 31
273 98
274 126
275 84
276 99
277 95
278 98
279 112
280 56
281 36
282 105
283 114
284 111
285 37
286 30
287 91
288 78
289 37
290 63
291 124
292 56
293 114
294 57
295 68
296 88
297 61
298 117
299 45
300 78
301 98
302 68
303 129
304 68
305 85
306 126
307 95
308 74
309 89
310 67
311 68
312 59
313 78
314 85
315 128
316 99
317 122
318 54
319 77
320 40
321 120
322 63
323 110
324 76
325 117
326 72
327 94
328 98
329 89
330 116
331 97
332 69
333 102
334 78
335 98
336 121
337 122
338 37
339 39
340 73
341 59
342 62
343 60
344 118
345 61
346 89
347 92
348 97
349 120
350 82
351 103
352 114
353 126
354 66
355 46
356 92
357 89
358 33
359 56
360 68
361 83
362 79
363 75
364 124
365 37
366 124
367 65
368 96
369 68
370 87
371 92
372 49
373 127
374 106
375 100
376 101
377 87
378 40
379 83
380 76
381 114
382 103
383 103
384 111
385 80
386 126
387 75
388 110
389 79
390 120
391 71
392 117
393 63
394 81
395 98
396 116
397 126
398 81
399 100
400 127
401 128
402 56
403 92
404 110
405 121
406 95
407 70
408 118
409 46
410 98
411 103
412 48
413 97
414 62
415 65
416 99
417 81
418 90
419 92
420 116
421 93
422 75
423 124
424 94
425 89
426 115
427 129
428 67
429 64
430 120
431 31
432 96
433 107
434 68
435 97
436 53
437 124
438 122
439 117
440 48
441 30
442 93
443 73
444 103
445 63
446 84
447 94
448 72
449 90
450 41
451 128
452 97
453 86
454 49
455 86
456 79
457 114
458 123
459 68
460 87
461 79
462 93
463 91
464 110
465 71
466 93
467 89
468 109
469 76
470 123
471 43
472 40
473 94
474 75
475 124
476 47
477 97
478 54
479 103
480 92
481 121
482 97
483 84
484 85
485 55
486 110
487 44
488 127
489 82
490 98
491 86
492 117
493 91
494 51
495 89
496 119
497 31
498 68
499 100
500 36
501 99
502 97
503 75
504 40
505 128
506 98
507 84
508 87
509 70
510 76
511 100
512 94
513 91
514 99
515 54
516 96
517 124
518 98
519 72
520 107
521 80
522 52
523 87
524 65
525 111
526 89
527 58
528 127
529 46
530 116
531 87
532 77
533 120
534 49
535 56
536 96
537 48
538 115
539 70
540 97
541 124
542 58
543 84
544 91
545 119
546 128
547 103
548 71
549 51
550 61
551 103
552 45
553 127
554 59
555 126
556 74
557 85
558 80
559 71
560 124
561 79
562 105
563 69
564 94
565 65
566 74
567 75
568 84
569 82
570 114
571 82
572 125
573 69
574 66
575 74
576 101
577 97
578 82
579 37
580 119
581 65
582 103
583 125
584 61
585 65
586 36
587 98
588 66
589 52
590 90
591 103
592 64
593 52
594 128
595 89
596 73
597 71
598 72
599 94
600 55
601 54
602 61
603 88
604 100
605 54
606 117
607 91
608 91
609 102
610 87
611 85
612 53
613 55
614 90
615 65
616 113
617 50
618 32
619 116
620 114
621 127
622 78
623 122
624 51
625 72
626 51
627 69
628 72
629 94
630 39
631 52
632 61
633 99
634 95
635 119
636 107
637 97
638 70
639 69
640 92
641 74
642 91
643 73
644 34
645 82
646 102
647 84
648 36
649 59
650 68
651 81
652 97
653 106
654 30
655 127
656 83
657 73
658 89
659 124
660 126
661 77
662 57
663 39
664 83
665 118
666 109
667 57
668 58
669 90
670 87
671 122
672 127
673 78
674 59
675 112
676 110
677 99
678 74
679 69
680 81
681 96
682 128
683 69
684 117
685 88
686 56
687 93
688 90
689 108
690 70
691 112
692 82
693 79
694 68
695 94
696 79
697 84
698 100
699 127
700 112
701 44
702 81
703 51
704 79
705 64
706 120
707 67
708 60
709 84
710 93
711 116
712 60
713 92
714 126
715 127
716 101
717 102
718 63
719 62
720 125
721 124
722 53
723 92
724 116
725 105
726 82
727 79
728 76
729 63
730 103
731 90
732 108
733 102
734 113
735 87
736 102
737 112
738 99
739 113
740 128
741 59
742 54
743 84
744 83
745 127
746 32
747 59
748 42
749 89
750 94
751 69
752 96
753 69
754 42
755 125
756 62
757 62
758 96
759 123
760 114
761 44
762 95
763 126
764 112
765 104
766 114
767 84
768 79
769 73
770 71
771 73
772 72
773 121
774 93
775 114
776 99
777 103
778 121
779 69
780 52
781 93
782 75
783 96
784 107
785 70
786 73
787 91
788 33
789 104
790 123
791 118
792 129
793 60
794 77
795 33
796 53
797 48
798 89
799 112
800 39
;
param nested_lowerbound := 
1 10
2 45
3 62
4 79
5 135
6 155
7 190
8 227
9 247
10 268
11 307
12 317
13 321
14 325
15 369
16 390
17 405
18 444
19 474
20 514
21 613
22 625
23 631
24 689
25 752
26 786
27 836
28 879
29 913
30 935
31 983
32 1019
33 1058
34 1062
35 1119
36 1217
37 1302
38 1358
39 1419
40 1484
41 1551
42 1632
43 1653
44 1697
45 1763
46 1798
47 1841
48 1897
49 1917
50 1982
51 1988
52 2067
53 2108
54 2149
55 2168
56 2170
57 2214
58 2261
59 2322
60 2328
61 2395
62 2423
63 2425
64 2426
65 2515
66 2570
67 2605
68 2621
69 2622
70 2624
71 2656
72 2693
73 2702
74 2716
75 2727
76 2743
77 2764
78 2821
79 2827
80 2920
81 2950
82 2972
83 2986
84 3046
85 3133
86 3189
87 3242
88 3324
89 3340
90 3374
91 3389
92 3465
93 3532
94 3562
95 3635
96 3708
97 3767
98 3785
99 3791
100 3872
101 3919
102 3949
103 4036
104 4136
105 4190
106 4303
107 4329
108 4339
109 4392
110 4396
111 4436
112 4495
113 4529
114 4554
115 4614
116 4624
117 4700
118 4761
119 4789
120 4862
121 4892
122 4901
123 4905
124 4908
125 4940
126 4945
127 4958
128 4962
129 5046
130 5099
131 5161
132 5196
133 5231
134 5304
135 5331
136 5369
137 5403
138 5499
139 5500
140 5565
141 5642
142 5688
143 5786
144 5788
145 5827
146 5861
147 5876
148 5902
149 5905
150 5914
151 5960
152 5995
153 6095
154 6177
155 6191
156 6194
157 6250
158 6360
159 6383
160 6457
161 6484
162 6512
163 6575
164 6611
165 6693
166 6757
167 6798
168 6839
169 6859
170 6892
171 6966
172 7029
173 7041
174 7068
175 7136
176 7138
177 7165
178 7190
179 7237
180 7257
181 7272
182 7295
183 7319
184 7340
185 7353
186 7372
187 7398
188 7409
189 7450
190 7550
191 7584
192 7615
193 7690
194 7785
195 7830
196 7870
197 7910
198 7949
199 7956
200 7988
201 8036
202 8078
203 8119
204 8203
205 8204
206 8261
207 8305
208 8391
209 8461
210 8508
211 8538
212 8557
213 8604
214 8652
215 8705
216 8753
217 8794
218 8824
219 8883
220 8943
221 9004
222 9032
223 9089
224 9181
225 9199
226 9286
227 9367
228 9381
229 9427
230 9456
231 9522
232 9558
233 9559
234 9581
235 9585
236 9628
237 9699
238 9712
239 9798
240 9886
241 9949
242 9977
243 9998
244 9999
245 10030
246 10073
247 10091
248 10142
249 10228
250 10315
251 10368
252 10390
253 10481
254 10495
255 10516
256 10539
257 10593
258 10659
259 10692
260 10739
261 10751
262 10831
263 10862
264 10873
265 10888
266 10918
267 10930
268 10959
269 10998
270 11023
271 11110
272 11138
273 11193
274 11213
275 11216
276 11288
277 11371
278 11435
279 11494
280 11543
281 11565
282 11572
283 11576
284 11666
285 11672
286 11683
287 11767
288 11801
289 11814
290 11855
291 11945
292 11978
293 12031
294 12073
295 12078
296 12117
297 12167
298 12255
299 12265
300 12303
301 12382
302 12395
303 12514
304 12574
305 12624
306 12705
307 12795
308 12817
309 12828
310 12832
311 12839
312 12877
313 12926
314 12982
315 13006
316 13035
317 13052
318 13075
319 13084
320 13113
321 13178
322 13239
323 13302
324 13339
325 13378
326 13410
327 13455
328 13459
329 13461
330 13489
331 14306
332 13548
333 13622
334 13626
335 13638
336 13703
337 13773
338 13796
339 13804
340 13853
341 13907
342 13964
343 14014
344 14113
345 14145
346 14204
347 14211
348 14235
349 14347
350 14405
351 14506
352 14556
353 14583
354 14606
355 14634
356 14651
357 14675
358 14701
359 14718
360 14722
361 14777
362 14793
363 14820
364 14854
365 14883
366 14900
367 14953
368 15037
369 15055
370 15099
371 15169
372 15177
373 15275
374 15355
375 15444
376 15524
377 15604
378 15627
379 15696
380 15719
381 15832
382 15846
383 15900
384 15962
385 15986
386 16013
387 16072
388 16157
389 16210
390 16259
391 16308
392 16417
393 16456
394 16532
395 16591
396 16659
397 16723
398 16765
399 16851
400 16943
401 16982
402 17025
403 17056
404 17155
405 17267
406 17356
407 17400
408 17509
409 17526
410 17591
411 17644
412 17681
413 17776
414 17808
415 17851
416 17909
417 17960
418 17986
419 18005
420 18100
421 18157
422 18231
423 18282
424 18369
425 18419
426 18504
427 18541
428 18560
429 18606
430 18647
431 18661
432 18669
433 18686
434 18721
435 18738
436 18752
437 18791
438 18792
439 18854
440 18861
441 18868
442 18892
443 18964
444 18970
445 19017
446 19099
447 19110
448 19173
449 19243
450 19245
451 19252
452 19329
453 19404
454 19433
455 19501
456 19541
457 19655
458 19675
459 19729
460 19759
461 19779
462 19808
463 19812
464 19869
465 19871
466 19933
467 19939
468 19964
469 19999
470 20023
471 20064
472 20079
473 20128
474 20150
475 20256
476 20257
477 20274
478 20294
479 20328
480 20331
481 20335
482 20343
483 20377
484 20424
485 20463
486 20476
487 20503
488 20601
489 20683
490 20741
491 20796
492 20898
493 20904
494 20904
495 20930
496 20998
497 21021
498 21064
499 21078
500 21108
501 21145
502 21212
503 21231
504 21261
505 21380
506 21444
507 21471
508 21505
509 21517
510 21567
511 21601
512 21639
513 21660
514 21719
515 21731
516 21794
517 21902
518 21971
519 22037
520 22134
521 22152
522 22179
523 22221
524 22260
525 22364
526 22400
527 22451
528 22475
529 22502
530 22559
531 22638
532 22679
533 22735
534 22743
535 22773
536 22799
537 22826
538 22891
539 22903
540 22925
541 22984
542 23004
543 23065
544 23102
545 23184
546 23278
547 23303
548 23360
549 23381
550 23389
551 23397
552 23418
553 23525
554 23583
555 23701
556 23718
557 23763
558 23776
559 23812
560 23825
561 23859
562 23914
563 23916
564 23975
565 24006
566 24011
567 24056
568 24056
569 24060
570 24064
571 24109
572 24144
573 24185
574 24245
575 24282
576 24376
577 24391
578 24472
579 24503
580 24536
581 24579
582 24599
583 24677
584 24733
585 24753
586 24755
587 24805
588 24862
589 24875
590 24885
591 24957
592 24974
593 24993
594 25066
595 25097
596 25147
597 25168
598 25181
599 25263
600 25297
601 25310
602 25323
603 25330
604 25367
605 25408
606 25422
607 25424
608 25496
609 25562
610 25618
611 25701
612 25715
613 25723
614 25738
615 25745
616 25852
617 25873
618 25877
619 25936
620 25990
621 25998
622 26047
623 26151
624 26161
625 26219
626 26242
627 26290
628 26356
629 26449
630 26484
631 26499
632 26540
633 26568
634 26653
635 26715
636 26808
637 26882
638 26921
639 26980
640 26992
641 27021
642 27036
643 27044
644 27056
645 27088
646 27106
647 27112
648 27145
649 27152
650 27177
651 27256
652 27271
653 27332
654 27334
655 27459
656 27497
657 27520
658 27551
659 27656
660 27735
661 27782
662 27818
663 27828
664 27841
665 27895
666 27979
667 28028
668 28030
669 28113
670 28193
671 28285
672 28383
673 28442
674 28476
675 28486
676 28585
677 28678
678 28722
679 28787
680 28807
681 28854
682 28880
683 28915
684 28995
685 29066
686 29071
687 29142
688 29147
689 29197
690 29216
691 29266
692 29310
693 29323
694 29345
695 29387
696 29451
697 29455
698 29555
699 29569
700 29621
701 29662
702 29703
703 29729
704 29784
705 29789
706 29901
707 29903
708 29927
709 29948
710 29992
711 30096
712 30147
713 30196
714 30271
715 30311
716 30394
717 30407
718 30419
719 30441
720 30535
721 30645
722 30667
723 30742
724 30779
725 30828
726 30890
727 30951
728 30995
729 31014
730 31064
731 31091
732 31143
733 31229
734 31292
735 31368
736 31408
737 31484
738 31549
739 31578
740 31701
741 31731
742 31782
743 31853
744 31896
745 31922
746 31938
747 31994
748 32028
749 32044
750 32045
751 32067
752 32126
753 32128
754 32151
755 32155
756 32208
757 32214
758 32309
759 32348
760 32454
761 32470
762 32504
763 32544
764 32604
765 32695
766 32777
767 32817
768 32840
769 32887
770 32888
771 32905
772 32952
773 33029
774 33084
775 33114
776 33145
777 33172
778 33213
779 33236
780 33271
781 33344
782 33401
783 33457
784 33491
785 33501
786 33535
787 33593
788 33618
789 33646
790 33742
791 33768
792 33815
793 33820
794 33847
795 33875
796 33908
797 33927
798 33963
799 34043
800 34546
;
param nested_upperbound := 
1 32
2 53
3 149
4 168
5 217
6 285
7 320
8 375
9 474
10 475
11 507
12 585
13 629
14 686
15 712
16 829
17 837
18 874
19 883
20 948
21 988
22 1101
23 1157
24 1242
25 1315
26 1316
27 1362
28 1391
29 1419
30 1507
31 1513
32 1528
33 1534
34 1554
35 1597
36 1686
37 1741
38 1852
39 1854
40 1885
41 1934
42 1992
43 2054
44 2113
45 2169
46 2240
47 2310
48 2372
49 2412
50 2492
51 2557
52 2643
53 2702
54 2709
55 2754
56 2854
57 2885
58 2971
59 2980
60 3051
61 3091
62 3147
63 3174
64 3213
65 3315
66 3328
67 3335
68 3377
69 3412
70 3480
71 3531
72 3556
73 3565
74 3567
75 3589
76 3620
77 3659
78 3691
79 3727
80 3826
81 3890
82 3926
83 3928
84 3953
85 4049
86 4158
87 4234
88 4263
89 4341
90 4342
91 4353
92 4368
93 4418
94 4458
95 4530
96 4548
97 4602
98 4613
99 4655
100 4681
101 4748
102 4769
103 4776
104 4865
105 4929
106 5027
107 5030
108 5075
109 5087
110 5097
111 5145
112 5224
113 5279
114 5346
115 5377
116 5404
117 5458
118 5511
119 5545
120 5617
121 5644
122 5664
123 5746
124 5806
125 5811
126 5850
127 5913
128 5918
129 5946
130 5987
131 6002
132 6026
133 6069
134 6157
135 6170
136 6171
137 6215
138 6308
139 6382
140 6452
141 6522
142 6533
143 6589
144 6600
145 6688
146 6734
147 6793
148 6802
149 6849
150 6854
151 6922
152 6972
153 7071
154 7076
155 7091
156 7092
157 7146
158 7259
159 7369
160 7449
161 7451
162 7456
163 7521
164 7612
165 7652
166 7669
167 7670
168 7718
169 7731
170 7735
171 7788
172 7804
173 7804
174 7823
175 7869
176 7881
177 7933
178 7980
179 8010
180 8108
181 8120
182 8134
183 8165
184 8194
185 8242
186 8256
187 8322
188 8444
189 8551
190 8613
191 8640
192 8687
193 8760
194 8824
195 8874
196 8876
197 8904
198 8932
199 9003
200 9006
201 9017
202 9092
203 9132
204 9192
205 9286
206 9357
207 9399
208 9490
209 9565
210 9616
211 9676
212 9711
213 9790
214 9796
215 9796
216 9832
217 9888
218 9916
219 9921
220 10001
221 10002
222 10045
223 10047
224 10135
225 10175
226 10211
227 10257
228 10303
229 10372
230 10410
231 10439
232 10468
233 10557
234 10610
235 10682
236 10700
237 10790
238 10802
239 10856
240 10909
241 10958
242 10966
243 11025
244 11070
245 11082
246 11127
247 11198
248 11203
249 11262
250 11323
251 11369
252 11407
253 11488
254 11489
255 11507
256 11535
257 11547
258 11597
259 11624
260 11633
261 11721
262 11809
263 11836
264 11854
265 11896
266 11910
267 11929
268 11983
269 11995
270 12038
271 12060
272 12061
273 12126
274 12179
275 12198
276 12269
277 12291
278 12335
279 12337
280 12357
281 12367
282 12470
283 12478
284 12537
285 12549
286 12578
287 12600
288 12619
289 12631
290 12643
291 12739
292 12753
293 12801
294 12834
295 12893
296 12930
297 12945
298 12991
299 13031
300 13071
301 13117
302 13141
303 13196
304 13197
305 13274
306 13343
307 13352
308 13412
309 13413
310 13432
311 13467
312 13474
313 13514
314 13520
315 13624
316 13692
317 13771
318 13776
319 13851
320 13865
321 13881
322 13906
323 13948
324 13981
325 14090
326 14102
327 14180
328 14215
329 14258
330 14260
331 14306
332 14366
333 14453
334 14472
335 14544
336 14594
337 14704
338 14715
339 14721
340 14762
341 14805
342 14809
343 14831
344 14928
345 14973
346 15033
347 15048
348 15139
349 15256
350 15322
351 15329
352 15392
353 15514
354 15569
355 15606
356 15609
357 15695
358 15709
359 15748
360 15789
361 15806
362 15809
363 15811
364 15834
365 15867
366 15964
367 16005
368 16065
369 16122
370 16163
371 16191
372 16198
373 16309
374 16393
375 16488
376 16508
377 16571
378 16609
379 16647
380 16662
381 16750
382 16774
383 16851
384 16908
385 16979
386 17028
387 17056
388 17160
389 17192
390 17266
391 17316
392 17389
393 17438
394 17499
395 17571
396 17660
397 17732
398 17791
399 17869
400 17870
401 17959
402 18000
403 18057
404 18060
405 18097
406 18119
407 18124
408 18228
409 18252
410 18350
411 18453
412 18460
413 18553
414 18611
415 18672
416 18745
417 18808
418 18814
419 18832
420 18856
421 18916
422 18925
423 18936
424 18994
425 18995
426 19073
427 19116
428 19152
429 19173
430 19240
431 19245
432 19303
433 19342
434 19347
435 19398
436 19437
437 19495
438 19555
439 19580
440 19584
441 19604
442 19647
443 19665
444 19750
445 19758
446 19797
447 19842
448 19856
449 19909
450 19932
451 19976
452 20041
453 20104
454 20152
455 20178
456 20194
457 20217
458 20253
459 20272
460 20324
461 20355
462 20362
463 20389
464 20471
465 20531
466 20585
467 20672
468 20717
469 20759
470 20848
471 20874
472 20881
473 20915
474 20934
475 21050
476 21067
477 21125
478 21128
479 21158
480 21159
481 21210
482 21307
483 21384
484 21441
485 21471
486 21537
487 21543
488 21546
489 21580
490 21639
491 21714
492 21715
493 21782
494 21789
495 21815
496 21902
497 21914
498 21920
499 21977
500 21994
501 22057
502 22131
503 22156
504 22178
505 22243
506 22259
507 22282
508 22333
509 22376
510 22402
511 22453
512 22461
513 22524
514 22580
515 22596
516 22658
517 22771
518 22810
519 22874
520 22923
521 22966
522 23009
523 23054
524 23073
525 23120
526 23146
527 23150
528 23215
529 23242
530 23334
531 23396
532 23421
533 23523
534 23561
535 23602
536 23694
537 23695
538 23754
539 23759
540 23826
541 23894
542 23948
543 24002
544 24073
545 24107
546 24128
547 24153
548 24213
549 24253
550 24281
551 24336
552 24347
553 24410
554 24415
555 24506
556 24521
557 24578
558 24607
559 24643
560 24678
561 24734
562 24831
563 24888
564 24977
565 25011
566 25078
567 25096
568 25139
569 25212
570 25310
571 25383
572 25496
573 25564
574 25569
575 25622
576 25680
577 25754
578 25757
579 25759
580 25874
581 25899
582 25920
583 26029
584 26038
585 26062
586 26064
587 26101
588 26126
589 26175
590 26196
591 26258
592 26270
593 26303
594 26358
595 26396
596 26440
597 26464
598 26466
599 26536
600 26540
601 26559
602 26596
603 26615
604 26628
605 26678
606 26721
607 26765
608 26829
609 26874
610 26915
611 26982
612 27022
613 27045
614 27046
615 27090
616 27155
617 27186
618 27201
619 27302
620 27408
621 27446
622 27473
623 27550
624 27600
625 27610
626 27641
627 27662
628 27700
629 27746
630 27755
631 27792
632 27795
633 27799
634 27863
635 27937
636 28005
637 28090
638 28116
639 28151
640 28227
641 28272
642 28310
643 28332
644 28358
645 28369
646 28463
647 28535
648 28546
649 28555
650 28561
651 28579
652 28593
653 28629
654 28645
655 28677
656 28731
657 28734
658 28801
659 28891
660 28952
661 29018
662 29053
663 29064
664 29146
665 29171
666 29186
667 29237
668 29275
669 29285
670 29310
671 29356
672 29440
673 29490
674 29501
675 29560
676 29661
677 29715
678 29736
679 29777
680 29787
681 29836
682 29840
683 29861
684 29877
685 29918
686 29948
687 30017
688 30023
689 30063
690 30120
691 30181
692 30220
693 30232
694 30294
695 30340
696 30360
697 30427
698 30520
699 30547
700 30555
701 30589
702 30636
703 30677
704 30732
705 30744
706 30754
707 30790
708 30803
709 30853
710 30884
711 30946
712 30972
713 30978
714 31062
715 31178
716 31228
717 31235
718 31279
719 31285
720 31374
721 31425
722 31430
723 31466
724 31513
725 31518
726 31527
727 31557
728 31613
729 31650
730 31698
731 31726
732 31738
733 31837
734 31911
735 31988
736 32067
737 32101
738 32104
739 32190
740 32241
741 32257
742 32309
743 32388
744 32466
745 32482
746 32486
747 32545
748 32584
749 32637
750 32701
751 32716
752 32739
753 32741
754 32777
755 32872
756 32919
757 32942
758 32956
759 32979
760 33024
761 33045
762 33070
763 33151
764 33253
765 33257
766 33320
767 33329
768 33392
769 33440
770 33460
771 33467
772 33507
773 33598
774 33629
775 33722
776 33751
777 33767
778 33767
779 33819
780 33870
781 33943
782 33946
783 33949
784 33971
785 34019
786 34090
787 34114
788 34119
789 34145
790 34211
791 34269
792 34271
793 34299
794 34353
795 34368
796 34383
797 34414
798 34461
799 34531
800 34546
;
param cost_a := 
1 0.418078
2 0.936849
3 0.657364
4 0.185447
5 0.193566
6 0.968560
7 0.770047
8 0.788944
9 0.212453
10 0.772886
11 0.646903
12 0.354798
13 0.189300
14 0.327506
15 0.742134
16 0.281816
17 0.387351
18 0.438508
19 0.389927
20 0.514084
21 0.117362
22 0.922623
23 0.685717
24 0.148716
25 0.922550
26 0.113550
27 0.210163
28 0.365216
29 0.967207
30 0.757033
31 0.330695
32 0.220158
33 0.010805
34 0.309555
35 0.164074
36 0.410400
37 0.432378
38 0.074446
39 0.350829
40 0.636393
41 0.071770
42 0.496930
43 0.578544
44 0.694238
45 0.174828
46 0.296030
47 0.295864
48 0.890921
49 0.468861
50 0.936501
51 0.282711
52 0.811753
53 0.352730
54 0.237862
55 0.684599
56 0.872369
57 0.362657
58 0.680320
59 0.780047
60 0.459683
61 0.470366
62 0.198807
63 0.130000
64 0.807048
65 0.384430
66 0.956568
67 0.856776
68 0.058403
69 0.858692
70 0.758653
71 0.617451
72 0.254561
73 0.063397
74 0.403395
75 0.372731
76 0.221799
77 0.345179
78 0.376367
79 0.307233
80 0.558792
81 0.191292
82 0.866542
83 0.230735
84 0.102456
85 0.921510
86 0.128293
87 0.482337
88 0.406619
89 0.557841
90 0.725587
91 0.770607
92 0.889485
93 0.467741
94 0.176159
95 0.512680
96 0.396698
97 0.740754
98 0.963662
99 0.083878
100 0.986354
101 0.841511
102 0.804715
103 0.956851
104 0.770669
105 0.883801
106 0.445483
107 0.995322
108 0.646044
109 0.890892
110 0.118863
111 0.172446
112 0.709108
113 0.646591
114 0.118537
115 0.707385
116 0.090892
117 0.199488
118 0.740114
119 0.056117
120 0.844591
121 0.759631
122 0.102266
123 0.353613
124 0.394459
125 0.622356
126 0.092212
127 0.784403
128 0.894200
129 0.868267
130 0.880100
131 0.957174
132 0.652762
133 0.921364
134 0.115782
135 0.676457
136 0.563818
137 0.599093
138 0.059174
139 0.540552
140 0.222215
141 0.058557
142 0.501833
143 0.549750
144 0.126561
145 0.032437
146 0.412582
147 0.382537
148 0.051635
149 0.956146
150 0.783967
151 0.189848
152 0.327679
153 0.014496
154 0.169001
155 0.668567
156 0.385636
157 0.781701
158 0.879132
159 0.805360
160 0.518289
161 0.992734
162 0.764533
163 0.030551
164 0.366771
165 0.067146
166 0.916772
167 0.589149
168 0.170262
169 0.308123
170 0.521621
171 0.722244
172 0.313762
173 0.220148
174 0.446204
175 0.756897
176 0.174627
177 0.127829
178 0.969859
179 0.426272
180 0.703157
181 0.236498
182 0.362081
183 0.684121
184 0.575818
185 0.451934
186 0.773555
187 0.938913
188 0.131760
189 0.672067
190 0.137773
191 0.012728
192 0.644126
193 0.877782
194 0.480899
195 0.228709
196 0.787184
197 0.182948
198 0.206516
199 0.848218
200 0.438684
201 0.055557
202 0.559553
203 0.615015
204 0.203858
205 0.192362
206 0.580168
207 0.418604
208 0.263342
209 0.018667
210 0.433534
211 0.062582
212 0.331848
213 0.492926
214 0.045426
215 0.816168
216 0.667755
217 0.822553
218 0.486219
219 0.838248
220 0.195817
221 0.842888
222 0.527327
223 0.693130
224 0.896064
225 0.175484
226 0.244320
227 0.025861
228 0.671487
229 0.864901
230 0.459908
231 0.032329
232 0.935467
233 0.994968
234 0.207668
235 0.645495
236 0.156930
237 0.805949
238 0.253832
239 0.364013
240 0.567072
241 0.073343
242 0.039660
243 0.373083
244 0.166045
245 0.967015
246 0.200858
247 0.049826
248 0.071328
249 0.286161
250 0.083203
251 0.106535
252 0.121555
253 0.861071
254 0.404975
255 0.505092
256 0.490426
257 0.026944
258 0.417002
259 0.874454
260 0.874872
261 0.408004
262 0.580054
263 0.480479
264 0.599969
265 0.801920
266 0.917036
267 0.833532
268 0.730177
269 0.725058
270 0.803860
271 0.774152
272 0.992289
273 0.168323
274 0.038070
275 0.350728
276 0.000051
277 0.321390
278 0.568269
279 0.995496
280 0.923734
281 0.449852
282 0.280035
283 0.416310
284 0.370005
285 0.755334
286 0.715529
287 0.251511
288 0.828277
289 0.912888
290 0.554131
291 0.883873
292 0.599259
293 0.062966
294 0.100418
295 0.876963
296 0.649795
297 0.337057
298 0.913497
299 0.283405
300 0.335097
301 0.516562
302 0.068127
303 0.579399
304 0.395344
305 0.163735
306 0.363281
307 0.203513
308 0.068160
309 0.521551
310 0.087734
311 0.620104
312 0.561803
313 0.656088
314 0.714963
315 0.488897
316 0.506012
317 0.710543
318 0.131089
319 0.902110
320 0.338197
321 0.754244
322 0.699776
323 0.749155
324 0.892322
325 0.543038
326 0.636974
327 0.086330
328 0.736071
329 0.559185
330 0.806056
331 0.925033
332 0.049007
333 0.969402
334 0.150367
335 0.106939
336 0.050241
337 0.628956
338 0.555386
339 0.908194
340 0.168680
341 0.967710
342 0.976661
343 0.707063
344 0.302278
345 0.520791
346 0.182352
347 0.460616
348 0.634750
349 0.012047
350 0.440683
351 0.865901
352 0.569056
353 0.262732
354 0.932782
355 0.929700
356 0.396511
357 0.780851
358 0.590351
359 0.238346
360 0.348719
361 0.688358
362 0.445286
363 0.505190
364 0.676572
365 0.663918
366 0.434817
367 0.978227
368 0.366407
369 0.818195
370 0.930957
371 0.013992
372 0.037959
373 0.876627
374 0.056939
375 0.566233
376 0.472078
377 0.721422
378 0.116081
379 0.498995
380 0.088251
381 0.240012
382 0.189922
383 0.513646
384 0.532784
385 0.541448
386 0.162673
387 0.077981
388 0.348076
389 0.935253
390 0.097985
391 0.062956
392 0.471730
393 0.618968
394 0.031721
395 0.828713
396 0.061322
397 0.791188
398 0.850873
399 0.256448
400 0.856470
401 0.896081
402 0.003944
403 0.696308
404 0.974404
405 0.913443
406 0.332085
407 0.993881
408 0.688580
409 0.035073
410 0.322941
411 0.668983
412 0.361926
413 0.713760
414 0.570645
415 0.950321
416 0.297148
417 0.935450
418 0.175548
419 0.718254
420 0.826087
421 0.648139
422 0.236262
423 0.475241
424 0.488433
425 0.582828
426 0.474260
427 0.249712
428 0.647180
429 0.222363
430 0.387728
431 0.843979
432 0.354030
433 0.413248
434 0.156569
435 0.060434
436 0.712508
437 0.073520
438 0.814394
439 0.482646
440 0.389888
441 0.626548
442 0.966037
443 0.049155
444 0.301089
445 0.186105
446 0.560567
447 0.037569
448 0.828525
449 0.132346
450 0.929977
451 0.175272
452 0.251465
453 0.551296
454 0.472673
455 0.410384
456 0.336775
457 0.062256
458 0.998564
459 0.412783
460 0.289982
461 0.828002
462 0.859033
463 0.129850
464 0.481432
465 0.031922
466 0.560229
467 0.695259
468 0.546872
469 0.814276
470 0.602089
471 0.681495
472 0.615109
473 0.586454
474 0.798184
475 0.097930
476 0.537482
477 0.787686
478 0.312931
479 0.666169
480 0.084673
481 0.512875
482 0.102908
483 0.752992
484 0.135997
485 0.023231
486 0.367958
487 0.908628
488 0.914591
489 0.953168
490 0.005450
491 0.244220
492 0.319005
493 0.047408
494 0.917534
495 0.887204
496 0.367543
497 0.501507
498 0.346392
499 0.476988
500 0.706228
501 0.437019
502 0.206465
503 0.105685
504 0.034624
505 0.719282
506 0.645304
507 0.269778
508 0.175795
509 0.221305
510 0.796152
511 0.278494
512 0.357507
513 0.751500
514 0.885554
515 0.163290
516 0.081367
517 0.196011
518 0.528255
519 0.450238
520 0.734877
521 0.978153
522 0.179296
523 0.193222
524 0.848485
525 0.707966
526 0.319727
527 0.420755
528 0.615518
529 0.884167
530 0.027495
531 0.622845
532 0.977464
533 0.718783
534 0.129041
535 0.096729
536 0.230364
537 0.581498
538 0.139828
539 0.881433
540 0.730192
541 0.206263
542 0.683468
543 0.640970
544 0.865871
545 0.666988
546 0.029302
547 0.204669
548 0.028172
549 0.212099
550 0.807251
551 0.540460
552 0.831066
553 0.349571
554 0.846435
555 0.723108
556 0.339145
557 0.094477
558 0.440506
559 0.964258
560 0.520584
561 0.030419
562 0.167845
563 0.994789
564 0.579645
565 0.794168
566 0.688706
567 0.032349
568 0.226079
569 0.769622
570 0.704091
571 0.228099
572 0.310836
573 0.172696
574 0.492589
575 0.866539
576 0.598314
577 0.322998
578 0.141603
579 0.690971
580 0.754953
581 0.731188
582 0.758327
583 0.544484
584 0.912297
585 0.682630
586 0.583554
587 0.052524
588 0.409715
589 0.268495
590 0.037808
591 0.327960
592 0.537803
593 0.304714
594 0.304516
595 0.653223
596 0.288040
597 0.287170
598 0.098872
599 0.786443
600 0.267618
601 0.458322
602 0.783733
603 0.949667
604 0.060407
605 0.205908
606 0.975345
607 0.687120
608 0.405857
609 0.378669
610 0.231876
611 0.630088
612 0.627211
613 0.687038
614 0.336709
615 0.772406
616 0.768694
617 0.158475
618 0.076095
619 0.146658
620 0.898459
621 0.637662
622 0.267265
623 0.796066
624 0.999852
625 0.561021
626 0.118245
627 0.660706
628 0.808142
629 0.693021
630 0.794616
631 0.439042
632 0.853198
633 0.188494
634 0.331097
635 0.646926
636 0.840630
637 0.240711
638 0.757330
639 0.976071
640 0.344775
641 0.689202
642 0.507404
643 0.652672
644 0.596436
645 0.294313
646 0.851614
647 0.814184
648 0.926635
649 0.937275
650 0.226651
651 0.958448
652 0.174695
653 0.775043
654 0.946850
655 0.274199
656 0.084794
657 0.368421
658 0.854335
659 0.135662
660 0.399693
661 0.010025
662 0.009833
663 0.236275
664 0.013676
665 0.905350
666 0.538625
667 0.747766
668 0.168798
669 0.505762
670 0.227559
671 0.520646
672 0.269364
673 0.156449
674 0.419234
675 0.690848
676 0.449129
677 0.305413
678 0.168403
679 0.124606
680 0.554027
681 0.821308
682 0.513364
683 0.919794
684 0.700320
685 0.488465
686 0.071528
687 0.686862
688 0.033854
689 0.486684
690 0.993551
691 0.556093
692 0.750708
693 0.621390
694 0.604383
695 0.800326
696 0.842828
697 0.246504
698 0.822259
699 0.623399
700 0.404293
701 0.217890
702 0.678109
703 0.044459
704 0.674717
705 0.829497
706 0.958072
707 0.906924
708 0.305824
709 0.517316
710 0.160722
711 0.858244
712 0.615582
713 0.168046
714 0.598326
715 0.682770
716 0.841334
717 0.139851
718 0.577903
719 0.624896
720 0.619186
721 0.591860
722 0.173018
723 0.313289
724 0.101496
725 0.427070
726 0.141240
727 0.589398
728 0.277618
729 0.080059
730 0.054839
731 0.954563
732 0.185114
733 0.526445
734 0.693770
735 0.479946
736 0.789498
737 0.255256
738 0.200186
739 0.872098
740 0.370112
741 0.528408
742 0.412658
743 0.954419
744 0.278085
745 0.053242
746 0.185976
747 0.110832
748 0.929362
749 0.214555
750 0.358864
751 0.242945
752 0.861654
753 0.251865
754 0.357119
755 0.515539
756 0.618687
757 0.225595
758 0.213640
759 0.607669
760 0.128472
761 0.292690
762 0.049503
763 0.347736
764 0.114394
765 0.707622
766 0.791696
767 0.490822
768 0.918713
769 0.079042
770 0.103303
771 0.995178
772 0.927667
773 0.745324
774 0.170883
775 0.472162
776 0.565670
777 0.684016
778 0.131496
779 0.520033
780 0.573178
781 0.140702
782 0.528238
783 0.406912
784 0.998603
785 0.152064
786 0.258398
787 0.041842
788 0.019253
789 0.345912
790 0.022228
791 0.365262
792 0.359553
793 0.827734
794 0.293080
795 0.201347
796 0.696928
797 0.608805
798 0.311048
799 0.244546
800 0.036486
;
param cost_b := 
1 -0.518056
2 0.747634
3 -0.901611
4 -0.548725
5 -0.892532
6 0.917200
7 0.983048
8 0.838966
9 0.562159
10 -0.476156
11 0.220500
12 0.758638
13 -0.839454
14 -0.992422
15 0.828139
16 0.882400
17 0.126053
18 0.845724
19 0.432562
20 0.220876
21 0.593317
22 0.703284
23 0.938445
24 0.667596
25 -0.382992
26 -0.685202
27 -0.255792
28 0.588628
29 -0.592299
30 0.556423
31 -0.218090
32 -0.437182
33 -0.554893
34 0.552673
35 -0.127130
36 0.530363
37 -0.144964
38 -0.937004
39 -0.935454
40 0.098893
41 -0.016306
42 -0.091627
43 0.121327
44 -0.412982
45 0.841514
46 -0.876425
47 0.823830
48 0.198678
49 0.738535
50 -0.131088
51 0.787112
52 -0.688901
53 -0.162614
54 0.562032
55 -0.113053
56 -0.502015
57 0.601254
58 -0.838305
59 0.740497
60 -0.108134
61 -0.438132
62 0.522423
63 -0.956950
64 0.929548
65 -0.348959
66 0.482579
67 0.105067
68 0.126489
69 -0.558137
70 -0.671956
71 -0.971432
72 0.843115
73 0.219592
74 0.618838
75 -0.139106
76 0.130965
77 0.088498
78 0.648030
79 0.848101
80 0.928278
81 -0.522703
82 0.749534
83 0.639381
84 0.353436
85 0.693430
86 0.124756
87 0.258192
88 0.169444
89 -0.694469
90 0.773475
91 0.961459
92 0.593728
93 -0.017327
94 0.036593
95 0.511707
96 0.663668
97 -0.606927
98 0.780173
99 0.746368
100 0.123175
101 0.428232
102 0.895555
103 0.686579
104 -0.269234
105 -0.158763
106 -0.998308
107 0.693475
108 -0.389747
109 -0.275283
110 0.635581
111 -0.192714
112 0.335108
113 0.425003
114 -0.956893
115 -0.969399
116 0.395854
117 0.562478
118 -0.667653
119 0.985748
120 0.007357
121 -0.892938
122 0.167751
123 0.092829
124 -0.869901
125 0.191105
126 0.079265
127 -0.895369
128 0.858628
129 0.561645
130 0.887879
131 -0.385063
132 -0.602712
133 0.173184
134 0.161840
135 0.783051
136 0.836774
137 0.932434
138 0.770303
139 -0.326134
140 0.569890
141 0.468253
142 0.699670
143 0.494026
144 0.778735
145 -0.167565
146 0.462016
147 0.406358
148 -0.711232
149 -0.345860
150 -0.703997
151 -0.818366
152 -0.985754
153 -0.944591
154 -0.457589
155 -0.313142
156 0.488276
157 -0.426085
158 -0.525812
159 0.925989
160 0.606029
161 0.783658
162 0.767061
163 0.542914
164 0.591078
165 -0.800456
166 0.530970
167 0.990455
168 0.820889
169 -0.875106
170 0.206681
171 0.777990
172 0.415317
173 -0.885576
174 -0.771218
175 -0.966383
176 0.080599
177 -0.684726
178 -0.371114
179 -0.618252
180 -0.180813
181 0.911841
182 -0.334729
183 -0.735345
184 -0.885874
185 -0.864010
186 0.595702
187 -0.507464
188 -0.812567
189 0.199554
190 0.309727
191 -0.085059
192 -0.861203
193 0.242728
194 0.467359
195 -0.944065
196 -0.955395
197 0.624810
198 0.544812
199 0.236753
200 -0.116079
201 -0.931195
202 -0.692717
203 0.316304
204 -0.743272
205 0.927477
206 -0.639567
207 -0.885523
208 0.140224
209 -0.809557
210 0.382092
211 -0.951536
212 -0.194462
213 0.763625
214 0.849042
215 -0.968533
216 0.728901
217 0.931451
218 0.057891
219 -0.219539
220 0.353539
221 0.654741
222 0.835718
223 -0.625909
224 -0.684417
225 -0.619361
226 0.946026
227 -0.779689
228 0.551389
229 -0.236084
230 0.452531
231 -0.069158
232 -0.289895
233 -0.279052
234 0.358947
235 0.311844
236 0.404286
237 -0.456511
238 0.990559
239 0.321970
240 0.801426
241 0.210382
242 0.228883
243 -0.320765
244 -0.423133
245 -0.632125
246 -0.574965
247 0.048232
248 -0.454682
249 -0.941866
250 -0.099885
251 0.853941
252 -0.353974
253 -0.506093
254 0.642787
255 -0.932109
256 0.732090
257 -0.866331
258 0.137261
259 0.222637
260 -0.620854
261 -0.716961
262 0.686168
263 -0.325033
264 -0.886653
265 -0.204990
266 0.963001
267 -0.066027
268 0.492129
269 -0.327834
270 -0.694627
271 -0.124437
272 -0.968527
273 -0.577301
274 0.375786
275 -0.348248
276 -0.841324
277 -0.318741
278 -0.979950
279 -0.099089
280 -0.850433
281 -0.703931
282 0.264173
283 0.128223
284 0.623627
285 -0.194548
286 0.317317
287 -0.125863
288 0.998000
289 -0.020198
290 -0.271547
291 0.192087
292 0.439111
293 -0.110748
294 -0.586234
295 -0.052787
296 0.981145
297 0.227303
298 -0.021439
299 -0.888073
300 -0.803780
301 0.169482
302 -0.344879
303 -0.153220
304 0.972565
305 0.058718
306 0.961804
307 0.753693
308 -0.999544
309 -0.788128
310 -0.021461
311 0.386003
312 0.729448
313 -0.789067
314 0.136845
315 0.775059
316 -0.624189
317 0.292806
318 -0.656164
319 0.926412
320 0.804498
321 -0.262840
322 0.444988
323 0.368191
324 -0.212467
325 0.139144
326 0.377289
327 -0.682778
328 -0.982351
329 -0.470292
330 -0.191587
331 0.422153
332 -0.549383
333 -0.412639
334 0.045185
335 -0.763601
336 0.187504
337 0.947863
338 0.994974
339 -0.993859
340 0.546767
341 0.510972
342 -0.747555
343 0.110014
344 -0.359818
345 0.530460
346 0.354424
347 0.494400
348 -0.804245
349 -0.160604
350 0.079733
351 -0.758426
352 -0.043714
353 -0.232967
354 -0.438642
355 0.456726
356 0.225683
357 0.170016
358 0.393534
359 0.448208
360 0.687147
361 0.288289
362 -0.903374
363 -0.224533
364 0.312209
365 -0.571914
366 0.448262
367 -0.539244
368 -0.896448
369 -0.619311
370 0.796711
371 -0.152202
372 0.002901
373 -0.056764
374 -0.147470
375 0.454210
376 -0.143133
377 -0.272093
378 0.860701
379 -0.155618
380 0.184242
381 0.849990
382 0.295072
383 -0.110410
384 -0.668775
385 0.587653
386 -0.787861
387 0.703738
388 0.239426
389 -0.435172
390 -0.554393
391 0.056022
392 0.584016
393 0.139678
394 0.241166
395 0.590728
396 0.258615
397 -0.775611
398 -0.043759
399 0.275591
400 0.407846
401 -0.715512
402 0.696135
403 0.078522
404 0.781241
405 -0.936575
406 -0.252213
407 0.879619
408 0.543200
409 0.867760
410 -0.413577
411 0.249655
412 0.191442
413 0.260594
414 -0.208955
415 0.143098
416 0.435009
417 0.813853
418 -0.101621
419 -0.660196
420 -0.137737
421 -0.498136
422 0.090100
423 0.607808
424 0.406764
425 -0.710921
426 0.075604
427 -0.632645
428 -0.598011
429 -0.546007
430 -0.696345
431 0.213265
432 0.421708
433 0.583310
434 0.974414
435 -0.778616
436 -0.460935
437 -0.695824
438 0.485142
439 -0.671113
440 -0.264748
441 -0.430095
442 0.341891
443 0.591172
444 0.744888
445 0.544907
446 -0.090967
447 0.547849
448 0.891161
449 -0.289931
450 0.631864
451 -0.196636
452 0.825485
453 0.971919
454 -0.517285
455 -0.770694
456 -0.938223
457 0.290581
458 0.445436
459 -0.605737
460 -0.292812
461 -0.829620
462 -0.433794
463 0.521466
464 0.645818
465 -0.960467
466 0.059097
467 -0.053924
468 -0.309444
469 0.257057
470 0.262555
471 -0.733300
472 -0.682143
473 -0.329594
474 0.552262
475 -0.270700
476 0.590361
477 -0.763546
478 -0.986592
479 0.655054
480 0.620602
481 -0.597180
482 -0.092830
483 -0.767812
484 -0.375838
485 0.486794
486 0.864560
487 0.198246
488 -0.063971
489 -0.393343
490 0.189360
491 0.486146
492 0.018407
493 -0.277489
494 -0.485070
495 0.031371
496 -0.661936
497 -0.912189
498 0.968451
499 -0.391174
500 -0.055003
501 -0.512716
502 -0.844275
503 -0.636429
504 -0.518098
505 0.443639
506 0.785923
507 -0.856782
508 0.885347
509 0.790535
510 -0.380298
511 0.792524
512 -0.732539
513 -0.081347
514 -0.730395
515 0.927342
516 0.427712
517 0.908068
518 0.148106
519 0.201368
520 0.076034
521 -0.634040
522 -0.827853
523 -0.797858
524 0.373117
525 0.775442
526 -0.568416
527 0.219529
528 -0.042017
529 0.017646
530 -0.005794
531 0.102038
532 -0.909078
533 -0.167919
534 -0.434236
535 0.912283
536 0.772384
537 0.655521
538 0.125555
539 0.848129
540 -0.033990
541 0.468575
542 -0.108621
543 -0.893897
544 -0.603227
545 -0.664156
546 0.641407
547 0.092359
548 -0.833241
549 0.803858
550 0.097255
551 0.669198
552 0.226603
553 0.851677
554 0.695010
555 0.689843
556 0.338153
557 0.224369
558 0.429436
559 0.441263
560 -0.714421
561 0.806497
562 0.703836
563 -0.712773
564 0.838835
565 -0.833224
566 -0.531068
567 -0.600081
568 0.900539
569 -0.603462
570 -0.752128
571 0.375761
572 -0.772060
573 0.014318
574 0.523255
575 -0.357032
576 -0.867180
577 -0.904834
578 0.343019
579 -0.558159
580 -0.555236
581 0.162861
582 0.130082
583 0.240011
584 0.531744
585 -0.483452
586 -0.320382
587 -0.263211
588 -0.987580
589 -0.570502
590 0.629182
591 -0.414068
592 -0.580119
593 -0.445415
594 -0.019009
595 0.603874
596 0.089593
597 -0.367410
598 0.528684
599 -0.042377
600 0.242582
601 0.679642
602 -0.951729
603 -0.155164
604 0.501910
605 0.673640
606 0.904135
607 0.152407
608 0.658382
609 -0.311630
610 -0.592029
611 0.762849
612 -0.814641
613 0.362130
614 0.578987
615 0.722112
616 0.825106
617 0.188779
618 0.060805
619 -0.148356
620 0.448281
621 0.085681
622 -0.582244
623 -0.951006
624 -0.378910
625 0.674608
626 0.775810
627 0.899721
628 0.957290
629 0.470249
630 0.566867
631 0.930954
632 0.701722
633 0.279219
634 -0.372406
635 0.688429
636 0.877438
637 0.626915
638 -0.122523
639 0.181521
640 0.101498
641 -0.903342
642 0.454213
643 0.801993
644 0.488001
645 -0.384848
646 0.166279
647 -0.764738
648 0.061634
649 0.723317
650 0.982245
651 -0.332107
652 -0.109910
653 0.897631
654 0.844829
655 0.944111
656 0.805627
657 -0.994344
658 0.361129
659 -0.608226
660 -0.810941
661 0.525277
662 0.631853
663 -0.602725
664 0.673069
665 -0.299353
666 -0.530999
667 0.716407
668 -0.639048
669 -0.144288
670 0.554096
671 -0.885288
672 -0.053083
673 0.020836
674 0.623662
675 0.193264
676 0.754918
677 0.288098
678 0.729769
679 -0.778955
680 0.871282
681 0.062985
682 0.991627
683 0.234875
684 -0.084859
685 0.770236
686 0.652854
687 -0.597780
688 0.876351
689 -0.101471
690 0.668592
691 -0.010486
692 0.365100
693 -0.692568
694 0.906919
695 -0.585635
696 0.222346
697 0.888232
698 -0.569978
699 -0.920857
700 -0.698610
701 0.990950
702 -0.242029
703 -0.102440
704 0.092797
705 -0.388578
706 -0.992119
707 -0.891092
708 0.995514
709 0.920640
710 0.198347
711 0.108557
712 -0.362720
713 -0.777992
714 0.218675
715 -0.037801
716 0.918218
717 0.133811
718 -0.710024
719 0.912177
720 0.544623
721 -0.575947
722 0.292891
723 -0.300425
724 0.202323
725 0.251509
726 -0.372968
727 -0.394552
728 -0.514599
729 0.444091
730 -0.264279
731 0.876590
732 0.474423
733 -0.082408
734 0.310083
735 -0.177922
736 0.764612
737 -0.426146
738 0.468312
739 0.551311
740 -0.937891
741 -0.890682
742 0.817575
743 0.450965
744 0.177047
745 -0.656859
746 -0.647744
747 0.259905
748 0.547735
749 0.365375
750 0.225928
751 -0.416627
752 0.567648
753 -0.817358
754 -0.974127
755 0.474447
756 -0.545624
757 0.193575
758 0.659118
759 0.577172
760 -0.492908
761 0.864242
762 -0.278138
763 -0.253622
764 0.476174
765 0.389761
766 0.625690
767 -0.321291
768 -0.068023
769 0.809764
770 -0.047294
771 0.045807
772 -0.055593
773 -0.783655
774 -0.625271
775 0.528122
776 0.791502
777 -0.580442
778 -0.999660
779 -0.585237
780 -0.513777
781 0.318927
782 -0.204114
783 0.153019
784 0.622517
785 0.231443
786 -0.292137
787 -0.471085
788 -0.280941
789 -0.065097
790 0.143281
791 -0.009914
792 0.807099
793 0.044090
794 0.671928
795 0.269322
796 0.139900
797 -0.094976
798 0.713042
799 -0.215116
800 0.199265
;
