# Optimal value by DCA: 0.000877
data;

param N = 800;
param capacity := 
1 61
2 120
3 121
4 94
5 47
6 123
7 89
8 113
9 97
10 57
11 85
12 46
13 123
14 70
15 30
16 89
17 81
18 88
19 100
20 93
21 117
22 119
23 59
24 49
25 114
26 51
27 72
28 101
29 125
30 80
31 104
32 55
33 96
34 120
35 79
36 94
37 62
38 66
39 78
40 69
41 88
42 99
43 106
44 65
45 39
46 114
47 125
48 58
49 87
50 89
51 61
52 39
53 125
54 67
55 105
56 122
57 119
58 77
59 107
60 40
61 52
62 84
63 53
64 65
65 98
66 127
67 91
68 118
69 92
70 128
71 74
72 63
73 70
74 69
75 32
76 49
77 118
78 41
79 97
80 96
81 96
82 45
83 43
84 115
85 102
86 98
87 96
88 116
89 80
90 40
91 78
92 68
93 93
94 82
95 118
96 72
97 96
98 88
99 70
100 94
101 126
102 97
103 44
104 62
105 40
106 81
107 105
108 113
109 98
110 128
111 51
112 58
113 111
114 126
115 63
116 85
117 81
118 40
119 39
120 44
121 53
122 107
123 101
124 53
125 105
126 88
127 55
128 58
129 96
130 85
131 105
132 86
133 74
134 92
135 67
136 107
137 101
138 79
139 87
140 70
141 51
142 36
143 112
144 102
145 129
146 118
147 92
148 90
149 79
150 79
151 117
152 57
153 84
154 97
155 53
156 98
157 88
158 70
159 64
160 95
161 129
162 117
163 82
164 43
165 88
166 126
167 46
168 85
169 53
170 84
171 102
172 36
173 89
174 116
175 95
176 37
177 57
178 95
179 128
180 121
181 85
182 101
183 72
184 90
185 119
186 57
187 109
188 88
189 101
190 85
191 94
192 111
193 60
194 103
195 33
196 36
197 92
198 127
199 88
200 88
201 80
202 53
203 98
204 33
205 75
206 81
207 66
208 58
209 96
210 88
211 79
212 62
213 50
214 95
215 101
216 100
217 104
218 118
219 107
220 118
221 107
222 73
223 94
224 99
225 86
226 88
227 108
228 96
229 64
230 34
231 101
232 124
233 97
234 107
235 67
236 32
237 78
238 104
239 103
240 85
241 31
242 68
243 93
244 31
245 80
246 96
247 57
248 107
249 85
250 86
251 121
252 92
253 108
254 95
255 102
256 71
257 99
258 54
259 88
260 61
261 87
262 90
263 81
264 84
265 52
266 96
267 72
268 94
269 91
270 36
271 86
272 111
273 72
274 46
275 112
276 116
277 125
278 116
279 79
280 36
281 83
282 108
283 54
284 32
285 113
286 33
287 89
288 82
289 113
290 57
291 109
292 111
293 119
294 89
295 105
296 94
297 81
298 119
299 129
300 100
301 122
302 72
303 89
304 66
305 43
306 80
307 68
308 125
309 70
310 95
311 103
312 74
313 93
314 87
315 108
316 127
317 115
318 110
319 63
320 64
321 70
322 92
323 72
324 109
325 71
326 82
327 119
328 106
329 40
330 72
331 99
332 116
333 95
334 76
335 127
336 107
337 128
338 70
339 65
340 115
341 127
342 82
343 71
344 110
345 127
346 123
347 75
348 128
349 89
350 52
351 126
352 93
353 70
354 129
355 128
356 51
357 58
358 83
359 73
360 60
361 70
362 69
363 76
364 107
365 123
366 61
367 68
368 99
369 97
370 94
371 68
372 44
373 122
374 84
375 92
376 90
377 105
378 53
379 126
380 112
381 64
382 68
383 73
384 111
385 63
386 73
387 80
388 81
389 64
390 71
391 102
392 103
393 37
394 81
395 81
396 92
397 68
398 99
399 34
400 89
401 76
402 127
403 85
404 102
405 91
406 86
407 98
408 81
409 62
410 95
411 103
412 75
413 75
414 63
415 107
416 104
417 72
418 119
419 33
420 72
421 72
422 72
423 79
424 80
425 121
426 78
427 52
428 84
429 90
430 64
431 68
432 114
433 103
434 38
435 90
436 99
437 64
438 70
439 59
440 98
441 109
442 81
443 111
444 77
445 118
446 79
447 115
448 106
449 60
450 89
451 93
452 77
453 90
454 75
455 56
456 58
457 104
458 70
459 97
460 122
461 41
462 80
463 97
464 98
465 116
466 72
467 87
468 96
469 62
470 93
471 60
472 78
473 84
474 106
475 106
476 81
477 35
478 39
479 95
480 75
481 90
482 98
483 85
484 52
485 87
486 57
487 98
488 48
489 66
490 45
491 62
492 127
493 96
494 69
495 48
496 69
497 47
498 118
499 100
500 62
501 97
502 89
503 55
504 63
505 113
506 64
507 86
508 91
509 116
510 66
511 119
512 116
513 111
514 125
515 96
516 63
517 89
518 100
519 36
520 79
521 80
522 113
523 71
524 125
525 119
526 91
527 68
528 70
529 111
530 88
531 61
532 97
533 99
534 108
535 60
536 69
537 31
538 89
539 84
540 97
541 72
542 89
543 91
544 114
545 51
546 90
547 43
548 88
549 65
550 114
551 70
552 107
553 53
554 98
555 67
556 102
557 62
558 83
559 54
560 96
561 98
562 92
563 107
564 84
565 34
566 53
567 60
568 81
569 100
570 98
571 61
572 112
573 120
574 122
575 55
576 80
577 106
578 122
579 122
580 55
581 71
582 100
583 121
584 128
585 126
586 108
587 127
588 84
589 71
590 121
591 86
592 40
593 59
594 86
595 65
596 83
597 77
598 114
599 86
600 95
601 82
602 128
603 72
604 115
605 99
606 76
607 108
608 91
609 45
610 70
611 63
612 93
613 108
614 112
615 78
616 122
617 59
618 121
619 88
620 92
621 85
622 72
623 81
624 128
625 103
626 103
627 58
628 94
629 120
630 60
631 44
632 57
633 93
634 95
635 108
636 90
637 55
638 37
639 40
640 108
641 86
642 106
643 128
644 90
645 112
646 95
647 120
648 88
649 47
650 79
651 38
652 103
653 71
654 129
655 39
656 42
657 83
658 104
659 129
660 112
661 48
662 71
663 75
664 105
665 88
666 66
667 88
668 67
669 100
670 86
671 75
672 121
673 79
674 66
675 97
676 65
677 49
678 127
679 78
680 86
681 42
682 103
683 105
684 77
685 107
686 125
687 73
688 62
689 90
690 88
691 64
692 128
693 122
694 81
695 47
696 108
697 59
698 103
699 114
700 65
701 110
702 74
703 39
704 84
705 120
706 90
707 58
708 58
709 103
710 53
711 68
712 80
713 63
714 76
715 81
716 96
717 82
718 77
719 67
720 104
721 41
722 109
723 52
724 116
725 33
726 111
727 53
728 107
729 123
730 55
731 78
732 128
733 85
734 41
735 49
736 77
737 71
738 89
739 84
740 125
741 89
742 54
743 102
744 83
745 47
746 89
747 63
748 49
749 94
750 121
751 83
752 65
753 69
754 92
755 72
756 46
757 73
758 118
759 100
760 58
761 109
762 83
763 129
764 70
765 91
766 91
767 125
768 86
769 46
770 49
771 86
772 83
773 122
774 84
775 127
776 64
777 125
778 75
779 113
780 95
781 58
782 72
783 112
784 99
785 117
786 96
787 106
788 112
789 127
790 32
791 100
792 69
793 98
794 63
795 93
796 113
797 38
798 109
799 40
800 92
;
param nested_lowerbound := 
1 12
2 63
3 133
4 187
5 210
6 308
7 312
8 364
9 410
10 449
11 464
12 473
13 476
14 489
15 491
16 569
17 640
18 704
19 720
20 777
21 844
22 871
23 929
24 949
25 992
26 997
27 1023
28 1120
29 1181
30 1193
31 1236
32 1286
33 1372
34 1488
35 1536
36 1594
37 1611
38 1619
39 1641
40 1653
41 1659
42 1696
43 1733
44 1733
45 1764
46 1853
47 1940
48 1943
49 1971
50 2020
51 2079
52 2086
53 2138
54 2191
55 2228
56 2334
57 2438
58 2488
59 2542
60 2581
61 2591
62 2648
63 2700
64 2722
65 2776
66 2840
67 2906
68 2947
69 2969
70 3028
71 3068
72 3128
73 3150
74 3200
75 3213
76 3225
77 3318
78 3329
79 3342
80 3417
81 3473
82 3506
83 3512
84 3593
85 3650
86 3672
87 3705
88 3732
89 3809
90 3836
91 3836
92 3849
93 3862
94 3925
95 3964
96 3972
97 4064
98 4074
99 4137
100 4171
101 4267
102 4333
103 4348
104 4370
105 4397
106 4425
107 4484
108 4520
109 4578
110 4671
111 4706
112 4730
113 4825
114 4932
115 4953
116 5002
117 5083
118 5093
119 5116
120 5123
121 5129
122 5217
123 5293
124 5340
125 5373
126 5381
127 5403
128 5429
129 5498
130 5502
131 5591
132 5622
133 5689
134 5770
135 5811
136 5885
137 5921
138 5963
139 6018
140 6036
141 6078
142 6104
143 6150
144 6161
145 6250
146 6306
147 6326
148 6365
149 6380
150 6414
151 6466
152 6481
153 6518
154 6534
155 6539
156 6588
157 6666
158 6708
159 6748
160 6779
161 6855
162 6864
163 6946
164 6980
165 7046
166 7128
167 7162
168 7198
169 7249
170 7328
171 7332
172 7362
173 7395
174 7440
175 7487
176 7519
177 7519
178 7613
179 7655
180 7746
181 7769
182 7825
183 7873
184 7905
185 8009
186 8018
187 8114
188 8133
189 8183
190 8200
191 8273
192 8296
193 8343
194 8402
195 8404
196 8411
197 8495
198 8575
199 8626
200 8668
201 8715
202 8761
203 8785
204 8797
205 8799
206 8860
207 8896
208 8951
209 9016
210 9093
211 9099
212 9110
213 9126
214 9190
215 9240
216 9272
217 9292
218 9296
219 9393
220 9489
221 9497
222 9544
223 9591
224 9600
225 9628
226 9649
227 9744
228 9806
229 9852
230 9868
231 9937
232 10012
233 10026
234 10088
235 10093
236 10108
237 10171
238 10272
239 10321
240 10396
241 10409
242 10422
243 10464
244 10481
245 10507
246 10516
247 10558
248 10622
249 10704
250 10715
251 10811
252 10825
253 10901
254 10908
255 10932
256 10988
257 10996
258 11025
259 11056
260 11134
261 11076
262 11097
263 11103
264 11166
265 11184
266 11245
267 11292
268 11349
269 11424
270 11450
271 11492
272 11570
273 11616
274 11657
275 11766
276 11804
277 11808
278 11923
279 11965
280 11984
281 12023
282 12064
283 12109
284 12129
285 12186
286 12197
287 12212
288 12247
289 12304
290 12310
291 12341
292 12438
293 12529
294 12599
295 12627
296 12677
297 12720
298 12761
299 12793
300 12833
301 12859
302 12900
303 12986
304 13015
305 13032
306 13057
307 13093
308 13098
309 13146
310 13201
311 13297
312 13358
313 13412
314 13467
315 13468
316 13518
317 13588
318 13623
319 13628
320 13680
321 13730
322 13735
323 13764
324 13767
325 13800
326 13823
327 13832
328 13892
329 13915
330 13932
331 13953
332 13958
333 13960
334 13997
335 14037
336 14092
337 14127
338 14168
339 14190
340 14259
341 14380
342 14420
343 14476
344 14573
345 14662
346 14674
347 14734
348 14740
349 14828
350 14857
351 14893
352 14971
353 14988
354 15058
355 15076
356 15115
357 15148
358 15185
359 15228
360 15284
361 15346
362 15369
363 15437
364 15516
365 15534
366 15540
367 15606
368 15622
369 15652
370 15736
371 15792
372 15829
373 15921
374 15938
375 15996
376 16022
377 16090
378 16130
379 16150
380 16238
381 16263
382 16299
383 16336
384 16436
385 16442
386 16444
387 16495
388 16561
389 16604
390 16610
391 16615
392 16673
393 16678
394 16732
395 16778
396 16785
397 16798
398 16823
399 16830
400 16900
401 16966
402 16981
403 17026
404 17107
405 17131
406 17168
407 17230
408 17245
409 17278
410 17353
411 17389
412 17460
413 17480
414 17541
415 17633
416 17664
417 17699
418 17795
419 17814
420 17877
421 17912
422 17945
423 18005
424 18055
425 18103
426 18152
427 18165
428 18205
429 18244
430 18261
431 18272
432 18321
433 18379
434 18381
435 18384
436 18399
437 18448
438 18486
439 18515
440 18578
441 18657
442 18731
443 18834
444 18860
445 18941
446 18974
447 19048
448 19115
449 19169
450 19196
451 19214
452 19215
453 19287
454 19336
455 19392
456 19448
457 19534
458 19562
459 19631
460 19699
461 19726
462 19765
463 19821
464 19832
465 19855
466 19918
467 19994
468 20059
469 20093
470 20093
471 20109
472 20119
473 20180
474 20271
475 20333
476 20394
477 20399
478 20423
479 20453
480 20472
481 20556
482 20610
483 20695
484 20697
485 20733
486 20736
487 20825
488 20850
489 20896
490 20912
491 20933
492 21002
493 21013
494 21054
495 21094
496 21116
497 21146
498 21210
499 21248
500 21288
501 21368
502 21429
503 21452
504 21506
505 21515
506 21562
507 21569
508 21591
509 21665
510 21716
511 21769
512 21835
513 21856
514 21927
515 22010
516 22073
517 22158
518 22226
519 22241
520 22294
521 22319
522 22367
523 22438
524 22529
525 22578
526 22582
527 22640
528 22664
529 22738
530 22761
531 22801
532 22813
533 22882
534 22922
535 22956
536 22973
537 22981
538 23020
539 23035
540 23097
541 23123
542 23139
543 23184
544 23252
545 23260
546 23331
547 23369
548 23406
549 23465
550 23537
551 23551
552 23622
553 23666
554 23724
555 23725
556 23805
557 23834
558 23870
559 23922
560 23987
561 23988
562 24060
563 24110
564 24156
565 24188
566 24193
567 24229
568 24249
569 24315
570 24323
571 24354
572 24448
573 24551
574 24601
575 24647
576 24666
577 24690
578 24742
579 24768
580 24817
581 24844
582 24897
583 24948
584 24956
585 24989
586 25012
587 25019
588 25041
589 25061
590 25063
591 25127
592 25148
593 25157
594 25233
595 25241
596 25324
597 25326
598 25395
599 25421
600 25504
601 25531
602 25582
603 25614
604 25657
605 25724
606 25792
607 25856
608 25926
609 25947
610 26011
611 26013
612 26050
613 26064
614 26156
615 26219
616 26237
617 26253
618 26309
619 26310
620 26395
621 26396
622 26466
623 26474
624 26479
625 26508
626 26588
627 26612
628 26673
629 26786
630 26829
631 26852
632 26880
633 26885
634 26897
635 26910
636 26967
637 26993
638 27002
639 27025
640 27043
641 27097
642 27131
643 27191
644 27251
645 27296
646 27324
647 27384
648 27404
649 27415
650 27474
651 27508
652 27530
653 27584
654 27699
655 27699
656 27738
657 27750
658 27799
659 27861
660 27884
661 27892
662 27945
663 28013
664 28041
665 28059
666 28086
667 28106
668 28134
669 28216
670 28268
671 28285
672 28357
673 28436
674 28483
675 28525
676 28569
677 28612
678 28662
679 28735
680 28751
681 28790
682 28798
683 28888
684 28935
685 28994
686 29015
687 29052
688 29093
689 29098
690 29115
691 29164
692 29196
693 29262
694 29335
695 29379
696 29444
697 29478
698 29502
699 29613
700 29631
701 29642
702 29659
703 29674
704 29740
705 29779
706 29835
707 29869
708 29870
709 29920
710 29958
711 30011
712 30074
713 30117
714 30157
715 30228
716 30235
717 30247
718 30279
719 30318
720 30324
721 30351
722 30442
723 30488
724 30570
725 30575
726 30658
727 30693
728 30745
729 30795
730 30841
731 30917
732 31033
733 31075
734 31103
735 31122
736 31156
737 31206
738 31238
739 31257
740 31293
741 31336
742 31355
743 31437
744 31445
745 31450
746 31501
747 31559
748 31579
749 31584
750 31686
751 31692
752 31728
753 31796
754 31825
755 31864
756 31873
757 31895
758 31956
759 32035
760 32090
761 32109
762 32117
763 32138
764 32179
765 32254
766 32292
767 32392
768 32444
769 32467
770 32493
771 32512
772 32552
773 32575
774 32600
775 32707
776 32769
777 32777
778 32818
779 32889
780 32960
781 32982
782 33032
783 33095
784 33160
785 33191
786 33285
787 33333
788 33386
789 33432
790 33450
791 33502
792 33534
793 33593
794 33649
795 33713
796 33782
797 33799
798 33806
799 33825
800 35764
;
param nested_upperbound := 
1 24
2 89
3 168
4 201
5 218
6 319
7 322
8 394
9 434
10 452
11 464
12 488
13 560
14 603
15 604
16 657
17 704
18 780
19 860
20 897
21 1007
22 1041
23 1059
24 1105
25 1179
26 1188
27 1251
28 1258
29 1261
30 1286
31 1365
32 1413
33 1501
34 1528
35 1564
36 1611
37 1628
38 1629
39 1654
40 1717
41 1743
42 1813
43 1916
44 1958
45 1971
46 2057
47 2092
48 2113
49 2176
50 2223
51 2231
52 2249
53 2354
54 2416
55 2489
56 2539
57 2550
58 2591
59 2694
60 2718
61 2718
62 2741
63 2777
64 2831
65 2840
66 2943
67 3008
68 3048
69 3096
70 3101
71 3155
72 3214
73 3262
74 3305
75 3331
76 3366
77 3381
78 3385
79 3401
80 3422
81 3484
82 3512
83 3548
84 3597
85 3680
86 3696
87 3785
88 3896
89 3973
90 3995
91 4040
92 4065
93 4086
94 4127
95 4191
96 4217
97 4235
98 4322
99 4338
100 4428
101 4487
102 4539
103 4554
104 4561
105 4596
106 4614
107 4701
108 4739
109 4827
110 4903
111 4907
112 4925
113 5003
114 5081
115 5104
116 5157
117 5194
118 5205
119 5234
120 5250
121 5295
122 5343
123 5395
124 5418
125 5438
126 5468
127 5488
128 5533
129 5556
130 5596
131 5687
132 5748
133 5818
134 5892
135 5906
136 5957
137 6000
138 6078
139 6102
140 6121
141 6124
142 6139
143 6155
144 6208
145 6277
146 6350
147 6351
148 6368
149 6443
150 6459
151 6526
152 6552
153 6612
154 6670
155 6719
156 6805
157 6882
158 6882
159 6891
160 6984
161 7072
162 7160
163 7197
164 7233
165 7307
166 7373
167 7403
168 7425
169 7465
170 7470
171 7534
172 7546
173 7585
174 7675
175 7763
176 7786
177 7843
178 7923
179 8044
180 8101
181 8182
182 8188
183 8192
184 8260
185 8371
186 8400
187 8430
188 8468
189 8506
190 8589
191 8605
192 8657
193 8667
194 8679
195 8694
196 8698
197 8756
198 8804
199 8884
200 8956
201 9022
202 9027
203 9044
204 9067
205 9112
206 9179
207 9191
208 9241
209 9305
210 9326
211 9356
212 9407
213 9424
214 9447
215 9546
216 9626
217 9641
218 9721
219 9823
220 9899
221 9923
222 9935
223 9984
224 10043
225 10066
226 10142
227 10152
228 10193
229 10214
230 10217
231 10256
232 10281
233 10285
234 10287
235 10337
236 10342
237 10390
238 10427
239 10432
240 10443
241 10444
242 10459
243 10535
244 10554
245 10584
246 10629
247 10645
248 10711
249 10757
250 10763
251 10829
252 10866
253 10934
254 10979
255 10991
256 11006
257 11053
258 11060
259 11106
260 11134
261 11189
262 11278
263 11328
264 11403
265 11421
266 11479
267 11545
268 11609
269 11635
270 11656
271 11664
272 11733
273 11788
274 11797
275 11834
276 11933
277 12042
278 12067
279 12091
280 12110
281 12181
282 12286
283 12334
284 12357
285 12414
286 12431
287 12432
288 12455
289 12514
290 12533
291 12640
292 12689
293 12804
294 12887
295 12941
296 12977
297 13008
298 13037
299 13053
300 13067
301 13097
302 13147
303 13198
304 13231
305 13259
306 13288
307 13332
308 13430
309 13466
310 13534
311 13565
312 13613
313 13675
314 13721
315 13755
316 13786
317 13871
318 13901
319 13927
320 13964
321 13994
322 14000
323 14067
324 14140
325 14196
326 14251
327 14307
328 14405
329 14431
330 14470
331 14553
332 14664
333 14677
334 14721
335 14787
336 14847
337 14969
338 14989
339 15006
340 15087
341 15087
342 15126
343 15171
344 15251
345 15311
346 15364
347 15418
348 15427
349 15452
350 15488
351 15610
352 15641
353 15690
354 15761
355 15794
356 15806
357 15845
358 15898
359 15941
360 15947
361 15997
362 16061
363 16115
364 16196
365 16290
366 16318
367 16380
368 16466
369 16513
370 16567
371 16614
372 16634
373 16672
374 16674
375 16758
376 16815
377 16907
378 16938
379 17037
380 17068
381 17088
382 17118
383 17177
384 17272
385 17304
386 17334
387 17364
388 17421
389 17449
390 17493
391 17572
392 17627
393 17636
394 17671
395 17730
396 17821
397 17840
398 17892
399 17922
400 17960
401 18019
402 18084
403 18133
404 18148
405 18215
406 18262
407 18272
408 18283
409 18328
410 18400
411 18411
412 18457
413 18492
414 18519
415 18604
416 18632
417 18686
418 18720
419 18734
420 18783
421 18813
422 18838
423 18909
424 18950
425 18984
426 19002
427 19022
428 19078
429 19101
430 19142
431 19193
432 19290
433 19313
434 19341
435 19417
436 19503
437 19507
438 19544
439 19591
440 19638
441 19669
442 19687
443 19727
444 19744
445 19846
446 19892
447 19961
448 19968
449 19989
450 20034
451 20072
452 20115
453 20156
454 20174
455 20228
456 20268
457 20306
458 20331
459 20411
460 20523
461 20562
462 20639
463 20673
464 20768
465 20794
466 20862
467 20935
468 20959
469 21008
470 21048
471 21061
472 21068
473 21100
474 21145
475 21193
476 21207
477 21221
478 21238
479 21325
480 21389
481 21416
482 21486
483 21515
484 21523
485 21538
486 21594
487 21624
488 21655
489 21698
490 21714
491 21715
492 21804
493 21842
494 21883
495 21884
496 21922
497 21942
498 21991
499 22045
500 22054
501 22077
502 22105
503 22135
504 22148
505 22211
506 22252
507 22311
508 22332
509 22421
510 22480
511 22548
512 22659
513 22753
514 22825
515 22865
516 22884
517 22895
518 22913
519 22937
520 22990
521 23002
522 23103
523 23163
524 23225
525 23290
526 23313
527 23376
528 23438
529 23519
530 23591
531 23632
532 23666
533 23733
534 23794
535 23849
536 23885
537 23893
538 23951
539 24025
540 24071
541 24124
542 24182
543 24251
544 24261
545 24295
546 24329
547 24337
548 24391
549 24449
550 24459
551 24487
552 24525
553 24564
554 24613
555 24639
556 24728
557 24757
558 24837
559 24837
560 24888
561 24947
562 25018
563 25108
564 25121
565 25140
566 25164
567 25204
568 25278
569 25370
570 25406
571 25442
572 25542
573 25573
574 25588
575 25593
576 25593
577 25698
578 25791
579 25865
580 25868
581 25889
582 25911
583 25984
584 26011
585 26070
586 26084
587 26207
588 26224
589 26262
590 26335
591 26365
592 26400
593 26408
594 26454
595 26504
596 26511
597 26560
598 26658
599 26700
600 26794
601 26813
602 26872
603 26888
604 26906
605 26962
606 27034
607 27123
608 27139
609 27175
610 27193
611 27220
612 27274
613 27331
614 27442
615 27469
616 27516
617 27554
618 27662
619 27692
620 27721
621 27760
622 27811
623 27827
624 27937
625 27960
626 28027
627 28048
628 28099
629 28105
630 28160
631 28184
632 28232
633 28249
634 28260
635 28276
636 28293
637 28318
638 28341
639 28341
640 28387
641 28387
642 28394
643 28402
644 28485
645 28519
646 28556
647 28642
648 28668
649 28670
650 28722
651 28754
652 28770
653 28809
654 28811
655 28817
656 28843
657 28904
658 28967
659 29089
660 29134
661 29164
662 29210
663 29262
664 29328
665 29352
666 29392
667 29479
668 29533
669 29565
670 29593
671 29638
672 29708
673 29744
674 29787
675 29881
676 29887
677 29888
678 29972
679 29975
680 30001
681 30041
682 30118
683 30181
684 30211
685 30305
686 30325
687 30351
688 30357
689 30416
690 30459
691 30482
692 30579
693 30691
694 30744
695 30769
696 30802
697 30842
698 30938
699 31010
700 31043
701 31082
702 31107
703 31135
704 31148
705 31182
706 31217
707 31256
708 31264
709 31363
710 31411
711 31414
712 31441
713 31467
714 31511
715 31559
716 31573
717 31602
718 31627
719 31670
720 31750
721 31760
722 31833
723 31839
724 31899
725 31912
726 31994
727 32028
728 32050
729 32097
730 32129
731 32166
732 32286
733 32351
734 32387
735 32418
736 32494
737 32562
738 32586
739 32586
740 32676
741 32708
742 32751
743 32850
744 32897
745 32915
746 32944
747 33001
748 33030
749 33116
750 33228
751 33279
752 33295
753 33310
754 33347
755 33392
756 33395
757 33442
758 33509
759 33587
760 33630
761 33666
762 33672
763 33742
764 33791
765 33865
766 33930
767 33947
768 34023
769 34043
770 34068
771 34085
772 34158
773 34233
774 34248
775 34350
776 34354
777 34465
778 34506
779 34595
780 34656
781 34700
782 34715
783 34816
784 34912
785 35011
786 35062
787 35089
788 35197
789 35252
790 35263
791 35353
792 35359
793 35419
794 35462
795 35523
796 35628
797 35632
798 35716
799 35735
800 35764
;
param cost_a := 
1 0.333010
2 0.793904
3 0.086340
4 0.204270
5 0.917477
6 0.821604
7 0.258394
8 0.920797
9 0.461004
10 0.878855
11 0.182479
12 0.613377
13 0.330552
14 0.108521
15 0.657550
16 0.385279
17 0.658970
18 0.248579
19 0.985831
20 0.590437
21 0.210422
22 0.310605
23 0.942849
24 0.882260
25 0.040347
26 0.823554
27 0.901715
28 0.403411
29 0.623733
30 0.613756
31 0.502740
32 0.066474
33 0.989764
34 0.042236
35 0.608092
36 0.434994
37 0.483910
38 0.039417
39 0.348600
40 0.242709
41 0.080278
42 0.164962
43 0.855938
44 0.085849
45 0.687544
46 0.276948
47 0.778293
48 0.289207
49 0.631066
50 0.219768
51 0.901276
52 0.381259
53 0.451767
54 0.234096
55 0.138192
56 0.016913
57 0.339136
58 0.554957
59 0.814949
60 0.558563
61 0.911217
62 0.895370
63 0.554732
64 0.866924
65 0.668687
66 0.213252
67 0.166237
68 0.162703
69 0.283175
70 0.328190
71 0.756611
72 0.098479
73 0.931675
74 0.592402
75 0.826408
76 0.427237
77 0.159471
78 0.926649
79 0.358716
80 0.869824
81 0.243205
82 0.107054
83 0.888292
84 0.968152
85 0.733755
86 0.232721
87 0.228870
88 0.864315
89 0.785333
90 0.816764
91 0.947984
92 0.067835
93 0.022727
94 0.924772
95 0.808508
96 0.364087
97 0.062869
98 0.234966
99 0.244756
100 0.076524
101 0.389915
102 0.813210
103 0.508358
104 0.923629
105 0.084782
106 0.783766
107 0.405281
108 0.708606
109 0.930602
110 0.933119
111 0.550225
112 0.045636
113 0.654794
114 0.609378
115 0.788262
116 0.261092
117 0.526488
118 0.073726
119 0.875986
120 0.511444
121 0.204760
122 0.723075
123 0.675549
124 0.031613
125 0.628686
126 0.334532
127 0.994864
128 0.268424
129 0.854430
130 0.682473
131 0.805860
132 0.463288
133 0.077647
134 0.547971
135 0.890104
136 0.026659
137 0.631181
138 0.278014
139 0.997173
140 0.793798
141 0.518598
142 0.658414
143 0.356116
144 0.967256
145 0.033315
146 0.939465
147 0.853902
148 0.236024
149 0.221105
150 0.397392
151 0.387205
152 0.214635
153 0.370527
154 0.827310
155 0.804947
156 0.967573
157 0.361328
158 0.844855
159 0.488959
160 0.975141
161 0.565111
162 0.823852
163 0.968701
164 0.456557
165 0.075594
166 0.716329
167 0.033407
168 0.494314
169 0.347528
170 0.888875
171 0.591127
172 0.900950
173 0.843851
174 0.465799
175 0.029030
176 0.235176
177 0.029913
178 0.494720
179 0.052977
180 0.808881
181 0.011623
182 0.544187
183 0.926720
184 0.929863
185 0.291112
186 0.105609
187 0.692266
188 0.997196
189 0.509034
190 0.403230
191 0.332783
192 0.406959
193 0.656855
194 0.916060
195 0.938081
196 0.535645
197 0.075523
198 0.084648
199 0.750085
200 0.346862
201 0.608646
202 0.313246
203 0.501829
204 0.414022
205 0.548816
206 0.484399
207 0.718420
208 0.367539
209 0.504979
210 0.778129
211 0.622005
212 0.959613
213 0.026769
214 0.631908
215 0.975209
216 0.093008
217 0.748452
218 0.190225
219 0.608592
220 0.282300
221 0.960669
222 0.574077
223 0.507614
224 0.106888
225 0.882398
226 0.750835
227 0.183166
228 0.274644
229 0.488582
230 0.703948
231 0.617167
232 0.943365
233 0.550606
234 0.989590
235 0.360818
236 0.944317
237 0.567348
238 0.623842
239 0.368005
240 0.517915
241 0.503737
242 0.569156
243 0.869976
244 0.106208
245 0.711817
246 0.882835
247 0.039797
248 0.650132
249 0.086024
250 0.852929
251 0.356219
252 0.711555
253 0.399914
254 0.178396
255 0.456480
256 0.581000
257 0.885852
258 0.450590
259 0.866193
260 0.341441
261 0.452132
262 0.862054
263 0.311865
264 0.636953
265 0.483815
266 0.206333
267 0.357696
268 0.642007
269 0.944042
270 0.838913
271 0.863236
272 0.443071
273 0.481833
274 0.344637
275 0.232054
276 0.728715
277 0.460427
278 0.200876
279 0.614019
280 0.337751
281 0.246935
282 0.738402
283 0.134861
284 0.837015
285 0.749609
286 0.183417
287 0.856620
288 0.891202
289 0.053291
290 0.514313
291 0.521185
292 0.746751
293 0.086586
294 0.285746
295 0.196525
296 0.680098
297 0.556101
298 0.460265
299 0.731340
300 0.757654
301 0.903564
302 0.644198
303 0.428756
304 0.720748
305 0.780917
306 0.949689
307 0.573298
308 0.243265
309 0.496476
310 0.998717
311 0.387777
312 0.213111
313 0.062005
314 0.347641
315 0.657859
316 0.060634
317 0.866081
318 0.842248
319 0.641946
320 0.498010
321 0.613336
322 0.113469
323 0.982661
324 0.343134
325 0.002245
326 0.592903
327 0.153596
328 0.379886
329 0.665799
330 0.064934
331 0.511111
332 0.453738
333 0.169988
334 0.878736
335 0.275860
336 0.217432
337 0.354230
338 0.518598
339 0.742362
340 0.126102
341 0.005895
342 0.274970
343 0.707305
344 0.434458
345 0.787858
346 0.271350
347 0.518399
348 0.070793
349 0.483485
350 0.083519
351 0.275501
352 0.353325
353 0.987746
354 0.637893
355 0.564343
356 0.574017
357 0.056133
358 0.994656
359 0.670587
360 0.503294
361 0.624837
362 0.009051
363 0.508068
364 0.866173
365 0.536134
366 0.720666
367 0.499956
368 0.806130
369 0.742190
370 0.645721
371 0.375217
372 0.287597
373 0.518509
374 0.941322
375 0.285127
376 0.291315
377 0.894999
378 0.673342
379 0.805715
380 0.528825
381 0.408139
382 0.151037
383 0.271923
384 0.243202
385 0.391996
386 0.491691
387 0.487873
388 0.472725
389 0.358832
390 0.247535
391 0.175028
392 0.932457
393 0.571825
394 0.064883
395 0.556177
396 0.415838
397 0.682902
398 0.951874
399 0.228026
400 0.334139
401 0.297980
402 0.806389
403 0.948853
404 0.696279
405 0.539869
406 0.399682
407 0.160018
408 0.484752
409 0.105909
410 0.023939
411 0.971305
412 0.005534
413 0.962861
414 0.493432
415 0.969905
416 0.380626
417 0.685870
418 0.139139
419 0.561519
420 0.911495
421 0.531321
422 0.855616
423 0.619431
424 0.569950
425 0.635134
426 0.146654
427 0.003520
428 0.370095
429 0.248609
430 0.472643
431 0.016089
432 0.840824
433 0.663129
434 0.027797
435 0.084994
436 0.252855
437 0.433088
438 0.369331
439 0.906969
440 0.657663
441 0.683126
442 0.083366
443 0.945142
444 0.167721
445 0.681299
446 0.903804
447 0.554654
448 0.248284
449 0.474044
450 0.400579
451 0.108889
452 0.100509
453 0.211808
454 0.522671
455 0.316251
456 0.494052
457 0.845990
458 0.918943
459 0.453511
460 0.654316
461 0.148323
462 0.066303
463 0.496657
464 0.025390
465 0.493106
466 0.809911
467 0.103808
468 0.914233
469 0.550680
470 0.964069
471 0.097141
472 0.175034
473 0.967331
474 0.135155
475 0.501882
476 0.214710
477 0.252277
478 0.909372
479 0.330355
480 0.691341
481 0.456670
482 0.998321
483 0.147640
484 0.336910
485 0.812569
486 0.854317
487 0.022850
488 0.364027
489 0.301553
490 0.655081
491 0.756104
492 0.913405
493 0.143203
494 0.413875
495 0.276202
496 0.964654
497 0.432896
498 0.296357
499 0.827621
500 0.067548
501 0.616391
502 0.019366
503 0.007832
504 0.154223
505 0.165438
506 0.469538
507 0.877077
508 0.564865
509 0.714120
510 0.411123
511 0.242630
512 0.260210
513 0.029966
514 0.352538
515 0.818191
516 0.003827
517 0.526782
518 0.310162
519 0.276452
520 0.075395
521 0.578008
522 0.345551
523 0.249000
524 0.823321
525 0.659830
526 0.358724
527 0.082612
528 0.080820
529 0.342593
530 0.695331
531 0.634622
532 0.154181
533 0.357042
534 0.669507
535 0.582437
536 0.745231
537 0.388673
538 0.116849
539 0.633386
540 0.792120
541 0.899001
542 0.573460
543 0.651001
544 0.803330
545 0.136799
546 0.627168
547 0.062432
548 0.819402
549 0.585366
550 0.405956
551 0.979110
552 0.665204
553 0.393648
554 0.056388
555 0.248868
556 0.652601
557 0.859545
558 0.421204
559 0.162655
560 0.359252
561 0.772985
562 0.950487
563 0.762579
564 0.543788
565 0.384356
566 0.174743
567 0.640405
568 0.660971
569 0.940666
570 0.830920
571 0.776785
572 0.812498
573 0.127266
574 0.963853
575 0.351346
576 0.309933
577 0.367273
578 0.025808
579 0.552436
580 0.335810
581 0.763812
582 0.165738
583 0.232662
584 0.467304
585 0.521961
586 0.537573
587 0.792545
588 0.073885
589 0.957789
590 0.563310
591 0.929440
592 0.816246
593 0.691137
594 0.661840
595 0.862547
596 0.658320
597 0.326802
598 0.998437
599 0.337204
600 0.957549
601 0.855536
602 0.322482
603 0.122777
604 0.320638
605 0.151778
606 0.942482
607 0.848367
608 0.002823
609 0.309311
610 0.337617
611 0.869168
612 0.688283
613 0.139023
614 0.823984
615 0.423695
616 0.517622
617 0.954716
618 0.081435
619 0.628254
620 0.225440
621 0.793430
622 0.203322
623 0.859873
624 0.216808
625 0.455980
626 0.256666
627 0.802581
628 0.346046
629 0.211427
630 0.134217
631 0.874280
632 0.064531
633 0.685974
634 0.742562
635 0.912607
636 0.476314
637 0.352250
638 0.301891
639 0.878045
640 0.681149
641 0.149248
642 0.733210
643 0.931199
644 0.594134
645 0.096148
646 0.777757
647 0.558504
648 0.209434
649 0.315048
650 0.631048
651 0.456812
652 0.022681
653 0.648108
654 0.480458
655 0.642126
656 0.042420
657 0.043895
658 0.410397
659 0.721445
660 0.505579
661 0.095692
662 0.683118
663 0.459018
664 0.065222
665 0.541330
666 0.415881
667 0.679468
668 0.840961
669 0.179580
670 0.156632
671 0.180105
672 0.313174
673 0.522409
674 0.810561
675 0.673416
676 0.601780
677 0.585420
678 0.788855
679 0.848057
680 0.198639
681 0.520545
682 0.138631
683 0.422843
684 0.719695
685 0.315565
686 0.769519
687 0.573091
688 0.708822
689 0.524300
690 0.717521
691 0.332325
692 0.959897
693 0.949308
694 0.680737
695 0.514706
696 0.226933
697 0.375702
698 0.824255
699 0.364715
700 0.564202
701 0.850189
702 0.082917
703 0.520472
704 0.879053
705 0.613700
706 0.890898
707 0.975731
708 0.589768
709 0.628989
710 0.435958
711 0.542949
712 0.559033
713 0.696335
714 0.173943
715 0.855985
716 0.720767
717 0.420985
718 0.445539
719 0.205845
720 0.033778
721 0.785236
722 0.612480
723 0.476539
724 0.580368
725 0.786074
726 0.174375
727 0.140491
728 0.781262
729 0.526019
730 0.839988
731 0.684075
732 0.820363
733 0.290356
734 0.508265
735 0.963738
736 0.463606
737 0.508193
738 0.564602
739 0.841794
740 0.515792
741 0.077760
742 0.816779
743 0.018369
744 0.187580
745 0.338169
746 0.782687
747 0.262107
748 0.641899
749 0.990324
750 0.898433
751 0.247109
752 0.954854
753 0.508952
754 0.540570
755 0.927246
756 0.660772
757 0.045711
758 0.550193
759 0.821342
760 0.954359
761 0.500125
762 0.209277
763 0.743860
764 0.495004
765 0.330553
766 0.351149
767 0.395621
768 0.599088
769 0.791711
770 0.487108
771 0.827703
772 0.415724
773 0.618228
774 0.500209
775 0.109059
776 0.459688
777 0.725508
778 0.594902
779 0.564514
780 0.622339
781 0.269655
782 0.797645
783 0.704709
784 0.497190
785 0.397490
786 0.378838
787 0.443161
788 0.541327
789 0.225697
790 0.110351
791 0.388012
792 0.247208
793 0.014870
794 0.285606
795 0.907171
796 0.121440
797 0.149782
798 0.910648
799 0.295420
800 0.857965
;
param cost_b := 
1 -0.708222
2 -0.428426
3 -0.341692
4 -0.777342
5 -0.474156
6 -0.047107
7 0.051373
8 0.834500
9 0.890200
10 -0.956878
11 0.396322
12 -0.155551
13 -0.856627
14 0.377068
15 -0.296061
16 -0.146327
17 -0.201569
18 -0.614084
19 -0.130217
20 -0.492576
21 -0.371062
22 0.033595
23 0.191248
24 -0.059942
25 -0.520963
26 -0.549554
27 -0.208719
28 -0.466904
29 0.681397
30 -0.123202
31 -0.180689
32 -0.869204
33 -0.911403
34 0.035684
35 -0.854238
36 -0.749214
37 0.577307
38 0.187190
39 -0.772323
40 0.477275
41 0.072904
42 0.383507
43 -0.848120
44 0.104475
45 0.452846
46 -0.497674
47 0.940699
48 0.257422
49 -0.572729
50 0.539891
51 -0.887324
52 0.135476
53 -0.420152
54 -0.033116
55 -0.897861
56 0.459538
57 -0.380636
58 -0.674801
59 0.135736
60 -0.788854
61 -0.210570
62 0.066950
63 -0.697552
64 -0.908459
65 0.486460
66 -0.317201
67 0.059966
68 -0.994732
69 0.265534
70 0.552911
71 -0.387567
72 0.990198
73 -0.627378
74 0.848190
75 0.889481
76 0.061068
77 0.669546
78 -0.740634
79 0.675117
80 -0.172169
81 0.402196
82 -0.409976
83 -0.290898
84 0.693776
85 -0.827608
86 -0.705150
87 0.320030
88 0.553498
89 0.300004
90 0.539279
91 -0.096306
92 0.763757
93 -0.039436
94 0.723835
95 0.720639
96 -0.191527
97 -0.420540
98 0.083744
99 0.175441
100 0.191892
101 0.372814
102 0.684448
103 0.407208
104 0.200588
105 0.913616
106 0.209978
107 -0.791563
108 0.573122
109 0.488422
110 0.957807
111 0.407731
112 -0.869149
113 0.414937
114 0.561790
115 -0.030886
116 -0.410693
117 -0.318484
118 -0.418742
119 0.700944
120 0.291435
121 0.005662
122 0.877230
123 0.145396
124 0.081660
125 -0.751580
126 0.548876
127 -0.221409
128 0.259594
129 0.473056
130 0.623027
131 -0.898903
132 0.904751
133 -0.725972
134 -0.804860
135 -0.131501
136 0.412525
137 0.899570
138 -0.455018
139 -0.256174
140 -0.931677
141 -0.383773
142 0.685642
143 -0.325144
144 0.887451
145 0.857693
146 -0.563147
147 0.004986
148 -0.332993
149 -0.188320
150 0.182362
151 -0.378144
152 0.970330
153 0.737926
154 0.209660
155 -0.150946
156 0.499584
157 0.157082
158 -0.544472
159 0.409958
160 0.491203
161 -0.987212
162 -0.019051
163 0.174922
164 0.230895
165 -0.612454
166 0.545672
167 0.571745
168 -0.960569
169 -0.285175
170 -0.828384
171 -0.492927
172 0.630975
173 -0.102773
174 -0.683262
175 0.125543
176 -0.692877
177 -0.935509
178 0.156565
179 0.708299
180 -0.583447
181 0.395911
182 -0.994486
183 -0.329417
184 0.413244
185 0.999857
186 0.601175
187 -0.496023
188 0.926485
189 -0.697782
190 0.423491
191 -0.593416
192 0.093470
193 -0.951522
194 0.721434
195 0.209040
196 0.698900
197 0.498100
198 0.922462
199 0.621188
200 -0.013462
201 0.876372
202 -0.215918
203 0.546380
204 0.078427
205 -0.695747
206 -0.720552
207 0.502100
208 -0.294158
209 -0.498254
210 -0.453599
211 -0.872973
212 0.883298
213 -0.906086
214 -0.444189
215 0.968696
216 -0.398032
217 -0.556283
218 -0.666812
219 -0.030968
220 -0.758215
221 0.102558
222 -0.022358
223 0.284345
224 -0.343291
225 0.311341
226 -0.364751
227 -0.732424
228 -0.415790
229 -0.994918
230 -0.560444
231 -0.475923
232 -0.627848
233 0.209135
234 -0.776066
235 -0.873192
236 -0.554568
237 -0.796445
238 -0.616244
239 -0.876369
240 -0.109162
241 0.977145
242 -0.379175
243 -0.357854
244 -0.324718
245 -0.282476
246 0.561724
247 0.191958
248 0.336051
249 0.682825
250 -0.828880
251 -0.275543
252 -0.462486
253 -0.292598
254 -0.964135
255 -0.559140
256 -0.078559
257 0.530381
258 0.837867
259 0.516512
260 0.464498
261 0.078857
262 0.170059
263 0.305787
264 0.051976
265 -0.423488
266 -0.821707
267 0.169268
268 -0.423022
269 -0.152313
270 0.526004
271 0.381684
272 -0.081105
273 0.571272
274 -0.365933
275 0.288134
276 -0.393268
277 0.530290
278 -0.919113
279 0.673123
280 -0.200872
281 0.664920
282 -0.823793
283 0.871081
284 0.413825
285 -0.536674
286 0.571611
287 -0.666426
288 0.439368
289 -0.402239
290 0.603275
291 0.137663
292 -0.551330
293 0.557581
294 0.272557
295 -0.175257
296 -0.279415
297 -0.387534
298 0.951999
299 -0.446905
300 0.590464
301 0.404766
302 -0.480516
303 0.096559
304 0.044763
305 -0.684120
306 0.298555
307 -0.445001
308 0.240362
309 -0.189091
310 0.980731
311 -0.409951
312 -0.706991
313 0.546842
314 0.458907
315 -0.282636
316 0.978540
317 -0.856416
318 -0.030387
319 -0.885453
320 0.859227
321 -0.111919
322 0.266434
323 0.991803
324 0.903423
325 -0.788243
326 -0.175582
327 0.214352
328 0.852766
329 0.071475
330 0.434206
331 -0.361947
332 -0.216575
333 -0.119466
334 -0.173571
335 0.528083
336 -0.342683
337 0.610091
338 -0.708105
339 -0.905284
340 -0.205727
341 0.675563
342 -0.703890
343 0.519944
344 -0.738539
345 0.130727
346 -0.619357
347 0.751125
348 -0.849680
349 0.681582
350 -0.801963
351 0.634501
352 -0.306274
353 -0.547354
354 -0.395098
355 0.559076
356 -0.416207
357 0.645254
358 0.198764
359 0.039529
360 -0.917370
361 0.171638
362 -0.835542
363 0.790928
364 0.674010
365 -0.066589
366 -0.000147
367 -0.345324
368 -0.691393
369 -0.471032
370 0.216366
371 0.931103
372 -0.589861
373 0.876292
374 -0.389430
375 -0.286239
376 -0.027996
377 0.225599
378 0.524891
379 -0.495486
380 0.631995
381 -0.755338
382 0.286821
383 -0.829273
384 0.774481
385 -0.860932
386 0.588659
387 -0.918493
388 0.050868
389 0.738064
390 0.149296
391 0.424581
392 0.525021
393 0.984497
394 0.904998
395 0.658222
396 -0.758354
397 -0.751105
398 0.344503
399 -0.362723
400 0.297614
401 0.402753
402 0.230172
403 -0.109520
404 0.676499
405 0.990532
406 -0.782299
407 -0.453511
408 0.084896
409 -0.146388
410 -0.236707
411 -0.164817
412 0.676895
413 -0.289524
414 -0.737516
415 -0.491298
416 0.024869
417 -0.281020
418 -0.797480
419 -0.512577
420 0.481803
421 0.878929
422 0.047530
423 0.221540
424 0.187673
425 0.530697
426 -0.705186
427 -0.013192
428 0.148085
429 -0.193046
430 0.118258
431 0.773492
432 0.224470
433 -0.991555
434 0.885749
435 -0.742182
436 -0.005070
437 0.622985
438 0.422145
439 -0.773870
440 -0.374545
441 -0.462958
442 -0.414287
443 -0.540532
444 0.167416
445 0.369933
446 0.421754
447 -0.606324
448 0.576718
449 -0.173482
450 -0.892231
451 -0.162014
452 -0.994087
453 -0.800688
454 0.102554
455 0.531568
456 0.681159
457 0.929076
458 0.994172
459 0.357337
460 0.114535
461 -0.957783
462 0.548482
463 -0.633017
464 0.007699
465 0.960751
466 0.243044
467 -0.484976
468 -0.893161
469 0.126570
470 -0.243895
471 0.802759
472 0.746726
473 0.999129
474 -0.322237
475 -0.488505
476 0.453175
477 0.611582
478 0.035488
479 -0.232721
480 0.948777
481 0.353209
482 0.483225
483 0.330300
484 0.630933
485 -0.124534
486 0.937783
487 0.125863
488 -0.098894
489 -0.020691
490 0.857308
491 -0.221443
492 0.481849
493 -0.436297
494 -0.215778
495 0.592252
496 0.521864
497 0.107189
498 0.730069
499 0.237671
500 -0.208973
501 0.195199
502 -0.428348
503 0.944853
504 -0.114415
505 -0.081698
506 0.087120
507 -0.161219
508 -0.635337
509 -0.063986
510 -0.365995
511 -0.859877
512 0.150476
513 -0.645639
514 0.989753
515 -0.638392
516 -0.591150
517 -0.577790
518 0.066544
519 0.116551
520 -0.155588
521 0.242838
522 0.589076
523 -0.992729
524 0.836949
525 -0.375454
526 0.342371
527 -0.881120
528 0.096565
529 -0.487778
530 -0.837231
531 0.283572
532 -0.393789
533 -0.706548
534 -0.502755
535 0.749955
536 0.382487
537 0.039469
538 0.204291
539 -0.449915
540 0.401572
541 -0.366430
542 0.204966
543 -0.016600
544 -0.423137
545 -0.698282
546 -0.959422
547 0.629354
548 -0.876606
549 0.461680
550 -0.617662
551 -0.877590
552 0.740961
553 -0.753079
554 0.824915
555 -0.991996
556 0.989493
557 0.658278
558 0.330190
559 -0.541908
560 0.882649
561 -0.856007
562 -0.061671
563 0.679164
564 0.734428
565 -0.814834
566 -0.691409
567 -0.458900
568 0.626430
569 -0.952268
570 -0.294736
571 0.686742
572 0.111014
573 0.153244
574 0.511594
575 0.129509
576 -0.231185
577 -0.042239
578 0.637491
579 0.783004
580 0.189688
581 -0.369106
582 -0.311042
583 0.215665
584 0.723448
585 0.803264
586 -0.923066
587 0.800776
588 -0.681836
589 -0.334225
590 0.548960
591 -0.912672
592 -0.468420
593 -0.348474
594 -0.101597
595 0.893764
596 0.885710
597 0.293583
598 -0.516230
599 -0.799449
600 0.521057
601 -0.649973
602 -0.111907
603 0.596904
604 0.129230
605 -0.709079
606 -0.825655
607 -0.631441
608 -0.503357
609 -0.403734
610 -0.786204
611 0.780569
612 -0.080765
613 -0.152414
614 0.683264
615 0.791085
616 0.003915
617 -0.363554
618 -0.596400
619 0.838481
620 -0.548991
621 0.899456
622 -0.374282
623 -0.360629
624 0.745852
625 0.421407
626 0.300624
627 -0.699165
628 0.642917
629 0.128410
630 -0.647349
631 0.032186
632 0.019212
633 0.961534
634 0.798554
635 -0.500806
636 -0.413171
637 0.874173
638 -0.930597
639 -0.319844
640 0.123915
641 -0.265628
642 -0.754129
643 -0.019325
644 0.345645
645 -0.141179
646 -0.563160
647 0.788687
648 0.819365
649 -0.996444
650 -0.794257
651 -0.189549
652 -0.328591
653 0.827108
654 0.475722
655 0.265556
656 0.026799
657 -0.037183
658 0.342107
659 -0.309291
660 -0.964251
661 -0.359788
662 0.003696
663 -0.246421
664 -0.280487
665 -0.213997
666 -0.393568
667 -0.766207
668 -0.346139
669 -0.199633
670 -0.766626
671 -0.965178
672 -0.673858
673 0.678949
674 0.795491
675 0.377251
676 -0.673041
677 -0.609966
678 0.797403
679 -0.838729
680 0.296653
681 0.980788
682 -0.834286
683 -0.680595
684 -0.320848
685 0.347573
686 -0.354897
687 0.253194
688 -0.409205
689 0.100861
690 0.193477
691 -0.769839
692 0.243299
693 0.175822
694 0.103586
695 -0.906088
696 0.849930
697 -0.981530
698 -0.588811
699 -0.510365
700 -0.822749
701 0.352702
702 -0.593790
703 -0.169310
704 0.422130
705 -0.324414
706 0.639512
707 0.227676
708 0.542029
709 -0.496112
710 0.226095
711 -0.187791
712 -0.256198
713 0.685821
714 -0.784273
715 -0.207559
716 -0.098515
717 0.478765
718 0.133559
719 -0.678640
720 0.393316
721 -0.146696
722 -0.300578
723 -0.597931
724 -0.831490
725 -0.255024
726 0.665302
727 0.645639
728 -0.086753
729 0.084442
730 0.735954
731 -0.552189
732 -0.583883
733 -0.772036
734 -0.405068
735 -0.473919
736 -0.566831
737 -0.823949
738 -0.309743
739 -0.703927
740 -0.369506
741 -0.367498
742 0.908350
743 0.119674
744 0.265686
745 0.195184
746 -0.093983
747 0.312854
748 -0.466850
749 0.306400
750 0.591684
751 -0.359750
752 0.747893
753 0.274668
754 0.032003
755 0.671762
756 0.810558
757 -0.359084
758 -0.457687
759 -0.315945
760 -0.843049
761 0.838210
762 -0.103315
763 0.614382
764 -0.801660
765 0.572975
766 -0.589453
767 -0.718885
768 0.726431
769 -0.302219
770 -0.193402
771 -0.213977
772 0.907659
773 0.640319
774 -0.597882
775 0.626297
776 -0.943793
777 0.180945
778 -0.476994
779 0.012512
780 -0.673570
781 -0.514262
782 -0.455554
783 -0.560533
784 0.626416
785 0.337003
786 -0.373430
787 0.370246
788 0.015005
789 -0.175646
790 0.400723
791 0.280197
792 -0.392499
793 0.552501
794 0.382691
795 0.775595
796 -0.914390
797 -0.702821
798 -0.845039
799 -0.650698
800 -0.680978
;
