# Optimal value by DCA: 1513881113.212048
data;

param N = 1600;
param capacity := 
1 112
2 87
3 92
4 76
5 68
6 101
7 88
8 108
9 112
10 51
11 105
12 78
13 74
14 60
15 112
16 115
17 65
18 110
19 61
20 69
21 104
22 100
23 59
24 46
25 108
26 85
27 68
28 91
29 83
30 79
31 69
32 48
33 93
34 69
35 102
36 126
37 53
38 55
39 95
40 112
41 70
42 85
43 82
44 72
45 93
46 98
47 92
48 106
49 73
50 98
51 80
52 124
53 92
54 125
55 83
56 68
57 98
58 116
59 98
60 39
61 97
62 111
63 92
64 93
65 95
66 98
67 117
68 59
69 90
70 67
71 75
72 73
73 111
74 99
75 114
76 89
77 116
78 102
79 129
80 122
81 45
82 33
83 50
84 63
85 58
86 87
87 102
88 34
89 121
90 91
91 124
92 34
93 71
94 65
95 127
96 37
97 122
98 67
99 109
100 66
101 82
102 100
103 79
104 90
105 90
106 58
107 35
108 95
109 108
110 124
111 38
112 74
113 112
114 56
115 126
116 122
117 77
118 127
119 74
120 120
121 87
122 101
123 85
124 66
125 121
126 69
127 101
128 37
129 95
130 73
131 91
132 108
133 81
134 110
135 54
136 76
137 80
138 101
139 89
140 59
141 80
142 38
143 84
144 66
145 81
146 112
147 73
148 86
149 83
150 99
151 65
152 62
153 111
154 96
155 79
156 129
157 92
158 118
159 91
160 69
161 57
162 104
163 72
164 62
165 63
166 99
167 62
168 95
169 61
170 76
171 123
172 52
173 75
174 75
175 93
176 118
177 44
178 99
179 87
180 74
181 87
182 86
183 86
184 68
185 77
186 110
187 104
188 96
189 46
190 112
191 86
192 102
193 122
194 79
195 119
196 69
197 101
198 82
199 90
200 119
201 90
202 88
203 75
204 82
205 100
206 123
207 72
208 127
209 95
210 89
211 126
212 94
213 90
214 114
215 102
216 124
217 63
218 101
219 73
220 83
221 101
222 101
223 106
224 48
225 86
226 43
227 76
228 115
229 55
230 79
231 90
232 51
233 49
234 36
235 67
236 41
237 99
238 68
239 128
240 73
241 127
242 102
243 120
244 69
245 119
246 58
247 103
248 67
249 92
250 89
251 122
252 94
253 43
254 126
255 65
256 129
257 110
258 51
259 89
260 71
261 84
262 104
263 68
264 73
265 97
266 51
267 95
268 40
269 55
270 87
271 49
272 108
273 79
274 116
275 46
276 35
277 56
278 92
279 116
280 59
281 128
282 102
283 86
284 102
285 98
286 33
287 75
288 64
289 66
290 94
291 72
292 128
293 44
294 79
295 125
296 94
297 127
298 120
299 119
300 77
301 92
302 98
303 98
304 90
305 53
306 120
307 79
308 48
309 124
310 100
311 112
312 102
313 95
314 108
315 34
316 77
317 129
318 123
319 94
320 62
321 40
322 46
323 96
324 120
325 59
326 62
327 94
328 91
329 125
330 89
331 55
332 50
333 30
334 94
335 67
336 129
337 116
338 65
339 114
340 128
341 78
342 90
343 90
344 79
345 120
346 66
347 74
348 129
349 129
350 85
351 117
352 82
353 104
354 99
355 79
356 63
357 123
358 89
359 56
360 69
361 62
362 125
363 92
364 78
365 84
366 97
367 91
368 98
369 60
370 80
371 43
372 99
373 105
374 39
375 81
376 91
377 125
378 57
379 39
380 78
381 108
382 68
383 65
384 73
385 126
386 110
387 81
388 96
389 105
390 110
391 89
392 51
393 92
394 103
395 93
396 68
397 32
398 73
399 56
400 129
401 119
402 79
403 92
404 127
405 97
406 107
407 106
408 104
409 117
410 61
411 92
412 87
413 90
414 86
415 79
416 91
417 48
418 67
419 86
420 125
421 94
422 45
423 37
424 86
425 98
426 35
427 106
428 117
429 109
430 36
431 124
432 85
433 50
434 94
435 71
436 72
437 120
438 94
439 101
440 84
441 81
442 49
443 63
444 43
445 89
446 116
447 108
448 89
449 61
450 76
451 102
452 97
453 105
454 64
455 97
456 90
457 87
458 109
459 109
460 91
461 95
462 119
463 105
464 67
465 102
466 70
467 35
468 99
469 109
470 129
471 89
472 78
473 92
474 114
475 68
476 109
477 107
478 102
479 97
480 96
481 97
482 115
483 68
484 45
485 66
486 49
487 117
488 99
489 73
490 32
491 95
492 87
493 95
494 124
495 49
496 75
497 110
498 99
499 79
500 38
501 57
502 107
503 36
504 60
505 77
506 121
507 42
508 97
509 71
510 93
511 86
512 85
513 114
514 96
515 36
516 31
517 108
518 111
519 83
520 65
521 94
522 80
523 112
524 49
525 79
526 84
527 69
528 121
529 82
530 119
531 56
532 54
533 108
534 78
535 92
536 83
537 81
538 95
539 73
540 89
541 76
542 77
543 92
544 69
545 96
546 87
547 82
548 81
549 57
550 94
551 94
552 106
553 115
554 98
555 99
556 106
557 63
558 112
559 84
560 95
561 94
562 96
563 85
564 45
565 58
566 121
567 125
568 33
569 85
570 72
571 99
572 93
573 107
574 118
575 103
576 118
577 32
578 98
579 77
580 128
581 124
582 101
583 93
584 125
585 78
586 115
587 74
588 114
589 104
590 90
591 60
592 89
593 77
594 128
595 76
596 93
597 71
598 99
599 124
600 50
601 108
602 31
603 78
604 86
605 121
606 94
607 69
608 86
609 117
610 44
611 85
612 115
613 95
614 56
615 115
616 50
617 39
618 110
619 123
620 99
621 114
622 127
623 124
624 69
625 109
626 59
627 99
628 96
629 129
630 79
631 79
632 48
633 114
634 93
635 95
636 51
637 45
638 40
639 94
640 67
641 37
642 85
643 59
644 31
645 122
646 92
647 100
648 76
649 95
650 96
651 98
652 95
653 120
654 87
655 61
656 86
657 107
658 108
659 88
660 52
661 96
662 79
663 126
664 90
665 113
666 53
667 82
668 122
669 118
670 91
671 124
672 102
673 66
674 67
675 112
676 55
677 114
678 87
679 77
680 104
681 54
682 44
683 99
684 82
685 64
686 73
687 59
688 83
689 115
690 117
691 125
692 127
693 110
694 74
695 98
696 79
697 96
698 104
699 113
700 120
701 36
702 114
703 92
704 89
705 44
706 83
707 96
708 96
709 127
710 73
711 57
712 87
713 87
714 73
715 70
716 36
717 119
718 126
719 85
720 68
721 97
722 81
723 33
724 79
725 118
726 129
727 56
728 71
729 88
730 62
731 108
732 79
733 94
734 89
735 73
736 60
737 67
738 46
739 88
740 83
741 66
742 87
743 123
744 47
745 72
746 97
747 89
748 58
749 89
750 48
751 93
752 95
753 124
754 96
755 68
756 31
757 107
758 78
759 104
760 48
761 36
762 97
763 69
764 91
765 77
766 97
767 46
768 99
769 89
770 118
771 41
772 58
773 125
774 125
775 120
776 57
777 112
778 75
779 70
780 123
781 69
782 85
783 54
784 33
785 70
786 78
787 78
788 73
789 73
790 93
791 51
792 46
793 99
794 33
795 105
796 105
797 99
798 89
799 70
800 70
801 86
802 66
803 107
804 111
805 74
806 118
807 70
808 56
809 128
810 66
811 99
812 117
813 95
814 80
815 42
816 46
817 97
818 100
819 82
820 51
821 78
822 65
823 69
824 84
825 66
826 87
827 88
828 55
829 98
830 49
831 49
832 54
833 67
834 73
835 100
836 126
837 69
838 115
839 66
840 82
841 83
842 78
843 100
844 79
845 120
846 103
847 120
848 112
849 52
850 51
851 57
852 96
853 73
854 105
855 68
856 63
857 79
858 107
859 48
860 110
861 61
862 61
863 82
864 99
865 122
866 112
867 92
868 70
869 128
870 93
871 93
872 31
873 47
874 91
875 115
876 39
877 62
878 45
879 81
880 94
881 98
882 113
883 84
884 80
885 111
886 95
887 88
888 118
889 88
890 56
891 124
892 66
893 96
894 35
895 82
896 85
897 97
898 86
899 99
900 84
901 128
902 94
903 89
904 87
905 98
906 71
907 37
908 64
909 61
910 49
911 103
912 79
913 75
914 118
915 69
916 93
917 101
918 91
919 89
920 94
921 121
922 108
923 57
924 68
925 50
926 44
927 109
928 94
929 87
930 79
931 86
932 122
933 84
934 67
935 51
936 93
937 79
938 112
939 127
940 91
941 70
942 97
943 109
944 113
945 54
946 93
947 83
948 63
949 70
950 72
951 83
952 116
953 46
954 55
955 70
956 59
957 116
958 123
959 65
960 68
961 86
962 94
963 39
964 93
965 94
966 108
967 102
968 62
969 70
970 76
971 51
972 76
973 124
974 120
975 90
976 54
977 67
978 73
979 105
980 92
981 96
982 69
983 121
984 98
985 87
986 126
987 68
988 114
989 122
990 109
991 78
992 78
993 88
994 44
995 69
996 101
997 120
998 105
999 73
1000 71
1001 77
1002 99
1003 108
1004 127
1005 124
1006 98
1007 116
1008 73
1009 125
1010 95
1011 102
1012 96
1013 94
1014 117
1015 90
1016 97
1017 90
1018 113
1019 49
1020 87
1021 64
1022 85
1023 47
1024 93
1025 121
1026 84
1027 96
1028 87
1029 75
1030 90
1031 74
1032 52
1033 110
1034 101
1035 66
1036 66
1037 56
1038 42
1039 113
1040 48
1041 63
1042 75
1043 32
1044 49
1045 128
1046 47
1047 95
1048 111
1049 100
1050 123
1051 94
1052 47
1053 99
1054 117
1055 100
1056 112
1057 70
1058 35
1059 98
1060 68
1061 120
1062 94
1063 116
1064 53
1065 86
1066 92
1067 88
1068 90
1069 75
1070 63
1071 117
1072 33
1073 48
1074 31
1075 49
1076 122
1077 89
1078 91
1079 59
1080 103
1081 96
1082 96
1083 88
1084 120
1085 101
1086 96
1087 89
1088 98
1089 64
1090 96
1091 129
1092 84
1093 51
1094 90
1095 84
1096 60
1097 67
1098 43
1099 91
1100 65
1101 83
1102 69
1103 87
1104 84
1105 98
1106 106
1107 104
1108 124
1109 96
1110 124
1111 89
1112 55
1113 51
1114 91
1115 122
1116 30
1117 90
1118 81
1119 75
1120 119
1121 102
1122 113
1123 68
1124 111
1125 96
1126 68
1127 95
1128 55
1129 85
1130 66
1131 71
1132 112
1133 54
1134 103
1135 87
1136 40
1137 106
1138 108
1139 109
1140 71
1141 40
1142 98
1143 82
1144 85
1145 88
1146 45
1147 110
1148 38
1149 81
1150 35
1151 123
1152 51
1153 96
1154 106
1155 96
1156 54
1157 44
1158 32
1159 84
1160 54
1161 99
1162 53
1163 122
1164 129
1165 64
1166 84
1167 99
1168 77
1169 105
1170 55
1171 57
1172 74
1173 92
1174 90
1175 108
1176 52
1177 94
1178 98
1179 77
1180 94
1181 105
1182 70
1183 88
1184 113
1185 48
1186 73
1187 68
1188 67
1189 92
1190 36
1191 94
1192 66
1193 84
1194 70
1195 44
1196 110
1197 58
1198 52
1199 109
1200 114
1201 116
1202 109
1203 46
1204 92
1205 103
1206 48
1207 50
1208 80
1209 74
1210 67
1211 50
1212 35
1213 74
1214 85
1215 112
1216 115
1217 110
1218 128
1219 121
1220 75
1221 59
1222 86
1223 93
1224 126
1225 113
1226 94
1227 71
1228 93
1229 78
1230 99
1231 110
1232 56
1233 129
1234 122
1235 87
1236 59
1237 74
1238 127
1239 127
1240 122
1241 44
1242 111
1243 48
1244 105
1245 110
1246 106
1247 109
1248 92
1249 116
1250 75
1251 81
1252 92
1253 77
1254 39
1255 60
1256 90
1257 55
1258 55
1259 35
1260 93
1261 80
1262 123
1263 80
1264 98
1265 92
1266 76
1267 90
1268 78
1269 68
1270 120
1271 102
1272 41
1273 89
1274 92
1275 65
1276 119
1277 86
1278 98
1279 59
1280 98
1281 123
1282 98
1283 81
1284 83
1285 49
1286 105
1287 124
1288 85
1289 51
1290 91
1291 74
1292 67
1293 125
1294 92
1295 76
1296 93
1297 107
1298 119
1299 57
1300 47
1301 90
1302 108
1303 48
1304 93
1305 86
1306 107
1307 65
1308 92
1309 92
1310 82
1311 97
1312 99
1313 92
1314 98
1315 119
1316 83
1317 82
1318 89
1319 57
1320 39
1321 35
1322 89
1323 64
1324 55
1325 62
1326 108
1327 107
1328 75
1329 114
1330 112
1331 71
1332 46
1333 95
1334 47
1335 43
1336 114
1337 48
1338 120
1339 74
1340 108
1341 89
1342 63
1343 104
1344 102
1345 85
1346 60
1347 76
1348 80
1349 107
1350 63
1351 124
1352 115
1353 99
1354 41
1355 125
1356 117
1357 125
1358 118
1359 125
1360 112
1361 85
1362 65
1363 90
1364 71
1365 98
1366 97
1367 120
1368 95
1369 69
1370 84
1371 81
1372 97
1373 68
1374 74
1375 97
1376 115
1377 68
1378 54
1379 84
1380 44
1381 123
1382 85
1383 77
1384 127
1385 87
1386 63
1387 96
1388 78
1389 121
1390 79
1391 110
1392 98
1393 114
1394 79
1395 112
1396 90
1397 129
1398 85
1399 45
1400 44
1401 59
1402 76
1403 58
1404 37
1405 126
1406 91
1407 120
1408 121
1409 86
1410 51
1411 58
1412 78
1413 117
1414 79
1415 66
1416 80
1417 81
1418 56
1419 85
1420 66
1421 120
1422 88
1423 88
1424 97
1425 107
1426 89
1427 71
1428 119
1429 64
1430 47
1431 118
1432 47
1433 102
1434 72
1435 85
1436 61
1437 124
1438 119
1439 38
1440 75
1441 68
1442 77
1443 47
1444 53
1445 63
1446 106
1447 103
1448 106
1449 94
1450 99
1451 126
1452 57
1453 47
1454 97
1455 120
1456 40
1457 75
1458 100
1459 126
1460 61
1461 94
1462 64
1463 110
1464 81
1465 61
1466 40
1467 72
1468 55
1469 124
1470 74
1471 120
1472 93
1473 109
1474 129
1475 47
1476 98
1477 99
1478 121
1479 114
1480 92
1481 61
1482 97
1483 71
1484 97
1485 95
1486 90
1487 83
1488 101
1489 120
1490 83
1491 50
1492 73
1493 117
1494 107
1495 92
1496 68
1497 94
1498 74
1499 74
1500 69
1501 78
1502 99
1503 99
1504 53
1505 43
1506 109
1507 52
1508 76
1509 82
1510 51
1511 67
1512 34
1513 126
1514 50
1515 79
1516 80
1517 101
1518 59
1519 86
1520 129
1521 51
1522 57
1523 122
1524 57
1525 106
1526 91
1527 74
1528 115
1529 97
1530 79
1531 97
1532 108
1533 116
1534 93
1535 84
1536 110
1537 35
1538 99
1539 56
1540 120
1541 46
1542 101
1543 93
1544 69
1545 40
1546 92
1547 109
1548 80
1549 97
1550 78
1551 102
1552 125
1553 74
1554 68
1555 118
1556 103
1557 99
1558 111
1559 107
1560 49
1561 94
1562 46
1563 81
1564 124
1565 92
1566 108
1567 101
1568 66
1569 70
1570 33
1571 78
1572 98
1573 118
1574 98
1575 74
1576 85
1577 84
1578 123
1579 110
1580 80
1581 113
1582 87
1583 35
1584 83
1585 75
1586 91
1587 101
1588 127
1589 92
1590 95
1591 59
1592 65
1593 128
1594 47
1595 90
1596 81
1597 128
1598 97
1599 99
1600 76
;
param nested_lowerbound := 
1 43
2 81
3 87
4 159
5 164
6 212
7 215
8 216
9 289
10 332
11 375
12 377
13 406
14 455
15 501
16 582
17 588
18 692
19 733
20 763
21 851
22 874
23 888
24 933
25 938
26 945
27 980
28 1057
29 1067
30 1084
31 1130
32 1138
33 1140
34 1153
35 1213
36 1299
37 1325
38 1341
39 1405
40 1514
41 1527
42 1560
43 1618
44 1619
45 1684
46 1730
47 1799
48 1887
49 1953
50 1969
51 2033
52 2129
53 2208
54 2295
55 2347
56 2392
57 2462
58 2542
59 2632
60 2666
61 2762
62 2863
63 2868
64 2955
65 2973
66 2980
67 3048
68 3088
69 3162
70 3225
71 3269
72 3290
73 3305
74 3374
75 3424
76 3462
77 3484
78 3484
79 3554
80 3572
81 3615
82 3628
83 3641
84 3695
85 3738
86 3745
87 3827
88 3832
89 3851
90 3925
91 3942
92 3970
93 3979
94 4039
95 4159
96 4179
97 4298
98 4329
99 4351
100 4360
101 4402
102 4492
103 4501
104 4520
105 4557
106 4565
107 4573
108 4626
109 4707
110 4762
111 4770
112 4837
113 4847
114 4899
115 4918
116 5007
117 5057
118 5111
119 5183
120 5302
121 5351
122 5423
123 5433
124 5457
125 5578
126 5581
127 5598
128 5609
129 5679
130 5748
131 5807
132 5869
133 5928
134 6002
135 6046
136 6099
137 6131
138 6151
139 6188
140 6193
141 6255
142 6265
143 6307
144 6353
145 6429
146 6438
147 6498
148 6579
149 6584
150 6647
151 6686
152 6729
153 6766
154 6820
155 6858
156 6973
157 6996
158 7036
159 7117
160 7130
161 7143
162 7242
163 7270
164 7287
165 7323
166 7371
167 7413
168 7413
169 7423
170 7438
171 7560
172 7598
173 7628
174 7631
175 7680
176 7691
177 7697
178 7776
179 7857
180 7874
181 7959
182 7969
183 8031
184 8057
185 8061
186 8079
187 8159
188 8166
189 8203
190 8292
191 8360
192 8415
193 8501
194 8536
195 8575
196 8581
197 8601
198 8671
199 8689
200 8730
201 8791
202 8862
203 8936
204 9006
205 9068
206 9079
207 9085
208 9119
209 9159
210 9197
211 9274
212 9294
213 9296
214 9349
215 9439
216 9510
217 9559
218 9613
219 9649
220 9703
221 9803
222 9904
223 9926
224 9954
225 9974
226 9995
227 10063
228 10064
229 10065
230 10093
231 10150
232 10180
233 10221
234 10251
235 10285
236 10293
237 10338
238 10347
239 10430
240 10483
241 10596
242 10620
243 10701
244 10766
245 10846
246 10851
247 10904
248 10947
249 10956
250 11011
251 11062
252 11155
253 11190
254 11281
255 11304
256 11335
257 11406
258 11408
259 11433
260 11496
261 11566
262 11579
263 11584
264 11648
265 11720
266 11759
267 11850
268 11866
269 11872
270 11958
271 11988
272 12086
273 12087
274 12111
275 12143
276 12167
277 12186
278 12263
279 12373
280 12412
281 12463
282 12555
283 12606
284 12686
285 12780
286 12803
287 12830
288 12872
289 12931
290 12974
291 13011
292 13019
293 13061
294 13115
295 13197
296 13225
297 13328
298 13389
299 13402
300 13472
301 13479
302 13494
303 13541
304 13619
305 13667
306 13736
307 13754
308 13780
309 13846
310 13922
311 13995
312 14086
313 14172
314 14186
315 14205
316 14262
317 14270
318 14290
319 14344
320 14401
321 14402
322 14417
323 14483
324 14600
325 14625
326 14656
327 14718
328 14767
329 14882
330 14882
331 14900
332 14918
333 14930
334 14980
335 15040
336 15157
337 15206
338 15244
339 15350
340 15477
341 15485
342 15545
343 15572
344 15619
345 15731
346 15787
347 15828
348 15849
349 15955
350 16003
351 16070
352 16129
353 16182
354 16270
355 16278
356 16334
357 16351
358 16408
359 16450
360 16486
361 16521
362 16598
363 16682
364 16729
365 16771
366 16784
367 16866
368 16875
369 16884
370 16933
371 16959
372 17028
373 17067
374 17099
375 17100
376 17153
377 17273
378 17286
379 17308
380 17359
381 17376
382 17392
383 17419
384 17420
385 17449
386 17555
387 17583
388 17634
389 17636
390 17685
391 17690
392 17696
393 17698
394 17721
395 17746
396 17758
397 17776
398 17801
399 17813
400 17910
401 17973
402 17976
403 17977
404 17993
405 18089
406 18149
407 18200
408 18293
409 18395
410 18426
411 18487
412 18553
413 18585
414 18586
415 18647
416 18704
417 18741
418 18767
419 18815
420 18905
421 18917
422 18927
423 18940
424 19003
425 19057
426 19091
427 19092
428 19129
429 19161
430 19173
431 19296
432 19329
433 19332
434 19392
435 19440
436 19450
437 19537
438 19541
439 19553
440 19593
441 19596
442 19640
443 19695
444 19722
445 19747
446 19850
447 19857
448 19943
449 19974
450 20035
451 20089
452 20094
453 20186
454 20240
455 20258
456 20260
457 20299
458 20387
459 20405
460 20427
461 20470
462 20476
463 20516
464 20524
465 20561
466 20593
467 20607
468 20676
469 20681
470 20781
471 20802
472 20866
473 20912
474 20915
475 20956
476 21031
477 21078
478 21151
479 21215
480 21276
481 21353
482 21376
483 21435
484 21460
485 21468
486 21489
487 21508
488 21557
489 21578
490 21603
491 21633
492 21717
493 21801
494 21812
495 21836
496 21867
497 21920
498 21952
499 22016
500 22036
501 22064
502 22106
503 22111
504 22151
505 22163
506 22245
507 22274
508 22298
509 22314
510 22390
511 22475
512 22486
513 22493
514 22561
515 22566
516 22575
517 22622
518 22731
519 22807
520 22820
521 22825
522 22900
523 22962
524 23001
525 23063
526 23096
527 23141
528 23252
529 23260
530 23263
531 23288
532 23331
533 23421
534 23439
535 23474
536 23520
537 23591
538 23636
539 23675
540 23693
541 23695
542 23747
543 23812
544 23843
545 23849
546 23862
547 23867
548 23877
549 23882
550 23893
551 23929
552 23972
553 24005
554 24087
555 24151
556 24245
557 24247
558 24345
559 24380
560 24396
561 24469
562 24550
563 24568
564 24597
565 24611
566 24615
567 24717
568 24737
569 24792
570 24829
571 24856
572 24921
573 24961
574 25027
575 25116
576 25212
577 25243
578 25312
579 25360
580 25393
581 25440
582 25499
583 25586
584 25610
585 25631
586 25684
587 25697
588 25810
589 25823
590 25831
591 25882
592 25900
593 25907
594 25947
595 25966
596 25968
597 25993
598 26048
599 26155
600 26156
601 26244
602 26274
603 26351
604 26414
605 26431
606 26449
607 26454
608 26476
609 26534
610 26563
611 26585
612 26695
613 26759
614 26764
615 26822
616 26831
617 26836
618 26911
619 26998
620 27002
621 27068
622 27176
623 27254
624 27270
625 27351
626 27400
627 27428
628 27446
629 27521
630 27543
631 27586
632 27633
633 27647
634 27726
635 27799
636 27842
637 27873
638 27889
639 27949
640 27969
641 27976
642 28054
643 28112
644 28118
645 28192
646 28265
647 28345
648 28354
649 28358
650 28453
651 28547
652 28628
653 28733
654 28814
655 28828
656 28851
657 28939
658 28967
659 29029
660 29055
661 29065
662 29143
663 29240
664 29242
665 29349
666 29380
667 29458
668 29553
669 29666
670 29742
671 29831
672 29897
673 29924
674 29976
675 30041
676 30060
677 30088
678 30094
679 30126
680 30187
681 30207
682 30215
683 30304
684 30367
685 30414
686 30465
687 30469
688 30539
689 30633
690 30719
691 30809
692 30927
693 30941
694 30984
695 31018
696 31090
697 31131
698 31200
699 31230
700 31246
701 31273
702 31327
703 31373
704 31443
705 31470
706 31517
707 31589
708 31656
709 31684
710 31694
711 31751
712 31806
713 31881
714 31945
715 32015
716 32026
717 32055
718 32151
719 32202
720 32243
721 32333
722 32345
723 32363
724 32431
725 32432
726 32497
727 32512
728 32525
729 32582
730 32604
731 32701
732 32704
733 32768
734 32809
735 32834
736 32875
737 32909
738 32918
739 32940
740 32965
741 33025
742 33086
743 33133
744 33155
745 33204
746 33241
747 33267
748 33314
749 33316
750 33347
751 33404
752 33497
753 33509
754 33597
755 33633
756 33652
757 33698
758 33744
759 33831
760 33870
761 33896
762 33929
763 33984
764 34048
765 34098
766 34160
767 34202
768 34246
769 34252
770 34366
771 34369
772 34398
773 34468
774 34544
775 34641
776 34643
777 34723
778 34738
779 34778
780 34798
781 34821
782 34859
783 34871
784 34901
785 34916
786 34963
787 34988
788 35006
789 35042
790 35105
791 35142
792 35183
793 35193
794 35204
795 35274
796 35304
797 35369
798 35392
799 35417
800 35481
801 35558
802 35566
803 35625
804 35697
805 35732
806 35794
807 35796
808 35838
809 35922
810 35965
811 36025
812 36063
813 36093
814 36131
815 36138
816 36152
817 36183
818 36239
819 36242
820 36244
821 36321
822 36332
823 36350
824 36380
825 36412
826 36481
827 36507
828 36525
829 36542
830 36572
831 36597
832 36619
833 36633
834 36674
835 36734
836 36822
837 36833
838 36900
839 36930
840 36941
841 36953
842 37009
843 37027
844 37035
845 37044
846 37137
847 37245
848 37357
849 37390
850 37422
851 37444
852 37475
853 37506
854 37590
855 37627
856 37656
857 37674
858 37731
859 37758
860 37813
861 37829
862 37872
863 37950
864 37978
865 37991
866 38043
867 38117
868 38182
869 38242
870 38245
871 38277
872 38291
873 38337
874 38382
875 38420
876 38451
877 38503
878 38525
879 38580
880 38595
881 38682
882 38764
883 38835
884 38914
885 38948
886 38972
887 39018
888 39093
889 39125
890 39147
891 39234
892 39256
893 39319
894 39350
895 39370
896 39431
897 39494
898 39573
899 39631
900 39682
901 39780
902 39863
903 39950
904 39980
905 40002
906 40072
907 40090
908 40136
909 40148
910 40153
911 40243
912 40246
913 40269
914 40336
915 40396
916 40419
917 40435
918 40509
919 40535
920 40626
921 40720
922 40821
923 40841
924 40892
925 40893
926 40916
927 40922
928 40942
929 40949
930 41001
931 41035
932 41098
933 41108
934 41149
935 41185
936 41241
937 41270
938 41349
939 41421
940 41429
941 41440
942 41492
943 41492
944 41562
945 41609
946 41637
947 41714
948 41730
949 41787
950 41788
951 41798
952 41913
953 41931
954 41932
955 41988
956 42036
957 42037
958 42122
959 42142
960 42169
961 42246
962 42308
963 42340
964 42414
965 42449
966 42529
967 42560
968 42601
969 42638
970 42661
971 42675
972 42711
973 42752
974 42757
975 42842
976 42856
977 42887
978 42897
979 42979
980 43044
981 43091
982 43114
983 43194
984 43223
985 43245
986 43312
987 43322
988 43354
989 43417
990 43502
991 43529
992 43573
993 43583
994 43618
995 43673
996 43721
997 43767
998 43826
999 43891
1000 43919
1001 43960
1002 43988
1003 44002
1004 44071
1005 44089
1006 44093
1007 44098
1008 44129
1009 44250
1010 44255
1011 44309
1012 44370
1013 44459
1014 44551
1015 44564
1016 44579
1017 44651
1018 44651
1019 44670
1020 44704
1021 44753
1022 44764
1023 44770
1024 44808
1025 44848
1026 44895
1027 44960
1028 44972
1029 44983
1030 45054
1031 45074
1032 45107
1033 45126
1034 45188
1035 45231
1036 45279
1037 45330
1038 45363
1039 45402
1040 45411
1041 45443
1042 45473
1043 45501
1044 45545
1045 45634
1046 45665
1047 45708
1048 45730
1049 45823
1050 45857
1051 45913
1052 45934
1053 45978
1054 46072
1055 46099
1056 46172
1057 46238
1058 46259
1059 46308
1060 46352
1061 46465
1062 46478
1063 46593
1064 46594
1065 46615
1066 46656
1067 46702
1068 46776
1069 46780
1070 46841
1071 46921
1072 46923
1073 46949
1074 46967
1075 46976
1076 47095
1077 47103
1078 47108
1079 47129
1080 47142
1081 47157
1082 47174
1083 47186
1084 47234
1085 47333
1086 47342
1087 47373
1088 47440
1089 47458
1090 47501
1091 47509
1092 47570
1093 47596
1094 47604
1095 47650
1096 47676
1097 47730
1098 47759
1099 47829
1100 47876
1101 47893
1102 47922
1103 47998
1104 48040
1105 48044
1106 48126
1107 48201
1108 48267
1109 48316
1110 48404
1111 48458
1112 48471
1113 48515
1114 48527
1115 48615
1116 48636
1117 48688
1118 48709
1119 48780
1120 48810
1121 48884
1122 48915
1123 48921
1124 48995
1125 49013
1126 49045
1127 49092
1128 49137
1129 49160
1130 49205
1131 49269
1132 49270
1133 49293
1134 49374
1135 49445
1136 49472
1137 49538
1138 49583
1139 49666
1140 49675
1141 49697
1142 49745
1143 49755
1144 49777
1145 49802
1146 49840
1147 49915
1148 49945
1149 49977
1150 49984
1151 50095
1152 50099
1153 50189
1154 50225
1155 50267
1156 50318
1157 50321
1158 50326
1159 50382
1160 50422
1161 50482
1162 50532
1163 50539
1164 50617
1165 50639
1166 50647
1167 50723
1168 50728
1169 50807
1170 50809
1171 50851
1172 50912
1173 50926
1174 50938
1175 50955
1176 50997
1177 51080
1178 51177
1179 51178
1180 51247
1181 51328
1182 51332
1183 51362
1184 51426
1185 51473
1186 51531
1187 51544
1188 51605
1189 51623
1190 51647
1191 51672
1192 51680
1193 51717
1194 51766
1195 51773
1196 51830
1197 51844
1198 51871
1199 51909
1200 51924
1201 52023
1202 52113
1203 52134
1204 52218
1205 52290
1206 52334
1207 52355
1208 52374
1209 52395
1210 52449
1211 52479
1212 52482
1213 52503
1214 52581
1215 52688
1216 52736
1217 52785
1218 52820
1219 52924
1220 52956
1221 52995
1222 53069
1223 53076
1224 53182
1225 53213
1226 53271
1227 53276
1228 53312
1229 53336
1230 53433
1231 53521
1232 53576
1233 53642
1234 53681
1235 53694
1236 53724
1237 53745
1238 53773
1239 53808
1240 53824
1241 53851
1242 53938
1243 53955
1244 53987
1245 54095
1246 54141
1247 54151
1248 54177
1249 54252
1250 54299
1251 54339
1252 54387
1253 54450
1254 54475
1255 54508
1256 54545
1257 54578
1258 54600
1259 54629
1260 54648
1261 54706
1262 54803
1263 54813
1264 54910
1265 54963
1266 54966
1267 55032
1268 55049
1269 55102
1270 55140
1271 55229
1272 55231
1273 55279
1274 55308
1275 55333
1276 55400
1277 55443
1278 55493
1279 55548
1280 55592
1281 55689
1282 55734
1283 55807
1284 55812
1285 55830
1286 55888
1287 55894
1288 55946
1289 55949
1290 56002
1291 56048
1292 56112
1293 56222
1294 56252
1295 56269
1296 56316
1297 56355
1298 56369
1299 56423
1300 56461
1301 56465
1302 56565
1303 56578
1304 56597
1305 56637
1306 56678
1307 56685
1308 56715
1309 56739
1310 56813
1311 56874
1312 56923
1313 56930
1314 57018
1315 57106
1316 57139
1317 57185
1318 57221
1319 57274
1320 57282
1321 57303
1322 57391
1323 57399
1324 57416
1325 57445
1326 57520
1327 57526
1328 57563
1329 57651
1330 57657
1331 57686
1332 57728
1333 57732
1334 57774
1335 57804
1336 57808
1337 57842
1338 57858
1339 57894
1340 57899
1341 57948
1342 58010
1343 58059
1344 58152
1345 58230
1346 58240
1347 58295
1348 58297
1349 58340
1350 58401
1351 58497
1352 58552
1353 58620
1354 58641
1355 58718
1356 58736
1357 58825
1358 58870
1359 58969
1360 58988
1361 59028
1362 59045
1363 59130
1364 59168
1365 59171
1366 59256
1367 59323
1368 59411
1369 59452
1370 59507
1371 59512
1372 59592
1373 59643
1374 59664
1375 59672
1376 59763
1377 59764
1378 59781
1379 59844
1380 59853
1381 59939
1382 59998
1383 60031
1384 60040
1385 60071
1386 60123
1387 60125
1388 60157
1389 60211
1390 60282
1391 60282
1392 60345
1393 60350
1394 60415
1395 60479
1396 60559
1397 60646
1398 60683
1399 60721
1400 60748
1401 60750
1402 60799
1403 60835
1404 60869
1405 60954
1406 60974
1407 61015
1408 61076
1409 61143
1410 61184
1411 61187
1412 61205
1413 61278
1414 61299
1415 61317
1416 61354
1417 61380
1418 61406
1419 61409
1420 61421
1421 61518
1422 61574
1423 61623
1424 61635
1425 61715
1426 61766
1427 61768
1428 61862
1429 61906
1430 61910
1431 61925
1432 61950
1433 62029
1434 62066
1435 62092
1436 62119
1437 62202
1438 62245
1439 62283
1440 62298
1441 62348
1442 62413
1443 62438
1444 62447
1445 62473
1446 62481
1447 62501
1448 62542
1449 62585
1450 62608
1451 62693
1452 62716
1453 62747
1454 62781
1455 62789
1456 62804
1457 62836
1458 62895
1459 62953
1460 62998
1461 62998
1462 63007
1463 63085
1464 63096
1465 63132
1466 63171
1467 63228
1468 63281
1469 63326
1470 63355
1471 63466
1472 63499
1473 63515
1474 63603
1475 63632
1476 63642
1477 63699
1478 63783
1479 63876
1480 63951
1481 63985
1482 64082
1483 64089
1484 64132
1485 64192
1486 64269
1487 64330
1488 64352
1489 64421
1490 64444
1491 64486
1492 64546
1493 64554
1494 64656
1495 64740
1496 64747
1497 64808
1498 64854
1499 64899
1500 64958
1501 65035
1502 65069
1503 65119
1504 65135
1505 65145
1506 65228
1507 65241
1508 65266
1509 65282
1510 65288
1511 65303
1512 65326
1513 65374
1514 65412
1515 65473
1516 65523
1517 65534
1518 65564
1519 65600
1520 65606
1521 65629
1522 65674
1523 65783
1524 65798
1525 65865
1526 65934
1527 65989
1528 66074
1529 66169
1530 66222
1531 66287
1532 66339
1533 66431
1534 66433
1535 66456
1536 66475
1537 66496
1538 66561
1539 66590
1540 66703
1541 66727
1542 66781
1543 66805
1544 66871
1545 66879
1546 66959
1547 67009
1548 67051
1549 67147
1550 67222
1551 67246
1552 67275
1553 67298
1554 67362
1555 67438
1556 67451
1557 67469
1558 67476
1559 67563
1560 67582
1561 67617
1562 67637
1563 67643
1564 67728
1565 67737
1566 67772
1567 67858
1568 67870
1569 67895
1570 67906
1571 67968
1572 67975
1573 67980
1574 67992
1575 68013
1576 68093
1577 68141
1578 68195
1579 68206
1580 68233
1581 68305
1582 68372
1583 68382
1584 68419
1585 68446
1586 68514
1587 68535
1588 68628
1589 68711
1590 68716
1591 68731
1592 68785
1593 68820
1594 68854
1595 68858
1596 68871
1597 68876
1598 68946
1599 69032
1600 69521
;
param nested_upperbound := 
1 94
2 164
3 210
4 261
5 306
6 342
7 371
8 424
9 486
10 526
11 621
12 664
13 698
14 714
15 774
16 883
17 934
18 974
19 1014
20 1072
21 1136
22 1171
23 1174
24 1187
25 1227
26 1267
27 1310
28 1339
29 1367
30 1388
31 1422
32 1439
33 1478
34 1490
35 1557
36 1596
37 1601
38 1619
39 1681
40 1722
41 1756
42 1765
43 1842
44 1860
45 1942
46 2016
47 2089
48 2099
49 2132
50 2162
51 2163
52 2283
53 2333
54 2396
55 2467
56 2527
57 2532
58 2599
59 2673
60 2687
61 2767
62 2871
63 2957
64 3006
65 3099
66 3118
67 3225
68 3270
69 3315
70 3321
71 3355
72 3426
73 3500
74 3525
75 3593
76 3675
77 3695
78 3776
79 3859
80 3959
81 3995
82 4003
83 4021
84 4048
85 4064
86 4087
87 4167
88 4192
89 4233
90 4258
91 4290
92 4319
93 4361
94 4406
95 4500
96 4525
97 4553
98 4596
99 4644
100 4676
101 4758
102 4785
103 4805
104 4874
105 4947
106 5002
107 5028
108 5066
109 5166
110 5186
111 5203
112 5227
113 5320
114 5351
115 5459
116 5521
117 5581
118 5698
119 5717
120 5775
121 5780
122 5842
123 5880
124 5936
125 5956
126 6020
127 6110
128 6136
129 6198
130 6230
131 6303
132 6375
133 6391
134 6411
135 6428
136 6439
137 6445
138 6492
139 6544
140 6597
141 6631
142 6638
143 6705
144 6763
145 6817
146 6880
147 6952
148 6990
149 7071
150 7088
151 7114
152 7167
153 7268
154 7352
155 7426
156 7536
157 7564
158 7594
159 7645
160 7700
161 7718
162 7721
163 7788
164 7830
165 7832
166 7856
167 7894
168 7978
169 8034
170 8103
171 8187
172 8207
173 8246
174 8260
175 8301
176 8324
177 8347
178 8422
179 8469
180 8531
181 8580
182 8624
183 8624
184 8639
185 8667
186 8770
187 8839
188 8874
189 8907
190 9018
191 9023
192 9107
193 9202
194 9270
195 9382
196 9416
197 9484
198 9516
199 9581
200 9635
201 9644
202 9708
203 9767
204 9769
205 9823
206 9921
207 9935
208 10043
209 10098
210 10127
211 10189
212 10197
213 10283
214 10355
215 10396
216 10498
217 10538
218 10604
219 10654
220 10680
221 10685
222 10734
223 10811
224 10843
225 10847
226 10879
227 10889
228 10889
229 10917
230 10952
231 11017
232 11044
233 11067
234 11071
235 11120
236 11143
237 11165
238 11194
239 11309
240 11357
241 11470
242 11523
243 11632
244 11685
245 11704
246 11756
247 11794
248 11816
249 11863
250 11894
251 11909
252 11944
253 11980
254 12050
255 12102
256 12187
257 12239
258 12249
259 12322
260 12362
261 12441
262 12501
263 12507
264 12533
265 12626
266 12643
267 12682
268 12711
269 12743
270 12800
271 12810
272 12825
273 12848
274 12857
275 12895
276 12897
277 12938
278 12995
279 13002
280 13012
281 13047
282 13060
283 13067
284 13111
285 13143
286 13174
287 13204
288 13209
289 13248
290 13249
291 13268
292 13305
293 13321
294 13376
295 13448
296 13460
297 13520
298 13547
299 13621
300 13672
301 13748
302 13815
303 13873
304 13950
305 13966
306 14038
307 14056
308 14061
309 14143
310 14204
311 14301
312 14395
313 14456
314 14497
315 14516
316 14590
317 14646
318 14716
319 14746
320 14773
321 14778
322 14800
323 14856
324 14918
325 14921
326 14973
327 14993
328 15031
329 15127
330 15174
331 15229
332 15244
333 15253
334 15315
335 15331
336 15441
337 15447
338 15511
339 15609
340 15676
341 15694
342 15739
343 15772
344 15832
345 15912
346 15917
347 15938
348 16002
349 16081
350 16095
351 16103
352 16177
353 16267
354 16360
355 16412
356 16423
357 16433
358 16482
359 16489
360 16532
361 16555
362 16635
363 16701
364 16746
365 16792
366 16796
367 16883
368 16909
369 16930
370 16950
371 16965
372 17034
373 17132
374 17137
375 17156
376 17233
377 17307
378 17324
379 17352
380 17424
381 17510
382 17545
383 17588
384 17646
385 17705
386 17715
387 17720
388 17739
389 17760
390 17800
391 17842
392 17855
393 17903
394 17957
395 17992
396 18057
397 18061
398 18095
399 18143
400 18244
401 18322
402 18386
403 18417
404 18448
405 18509
406 18517
407 18524
408 18603
409 18700
410 18731
411 18818
412 18902
413 18929
414 19004
415 19051
416 19131
417 19157
418 19188
419 19265
420 19388
421 19459
422 19466
423 19478
424 19525
425 19622
426 19625
427 19727
428 19787
429 19879
430 19885
431 19986
432 20061
433 20106
434 20117
435 20183
436 20210
437 20317
438 20398
439 20443
440 20513
441 20578
442 20582
443 20614
444 20639
445 20701
446 20750
447 20832
448 20906
449 20932
450 20991
451 21069
452 21140
453 21204
454 21239
455 21303
456 21356
457 21366
458 21425
459 21499
460 21564
461 21590
462 21648
463 21728
464 21756
465 21797
466 21859
467 21894
468 21933
469 21986
470 22057
471 22115
472 22165
473 22249
474 22323
475 22346
476 22388
477 22471
478 22540
479 22564
480 22629
481 22641
482 22683
483 22728
484 22767
485 22770
486 22787
487 22802
488 22901
489 22943
490 22957
491 23045
492 23100
493 23181
494 23248
495 23294
496 23365
497 23465
498 23518
499 23594
500 23631
501 23686
502 23691
503 23717
504 23741
505 23770
506 23828
507 23859
508 23954
509 23981
510 24061
511 24095
512 24103
513 24129
514 24188
515 24220
516 24234
517 24301
518 24405
519 24413
520 24423
521 24457
522 24515
523 24552
524 24580
525 24626
526 24708
527 24758
528 24871
529 24880
530 24905
531 24931
532 24969
533 25042
534 25084
535 25112
536 25133
537 25151
538 25240
539 25255
540 25296
541 25325
542 25349
543 25404
544 25469
545 25547
546 25572
547 25646
548 25702
549 25711
550 25773
551 25816
552 25885
553 25967
554 25970
555 26044
556 26090
557 26149
558 26171
559 26214
560 26231
561 26296
562 26315
563 26338
564 26354
565 26391
566 26498
567 26566
568 26595
569 26602
570 26665
571 26704
572 26772
573 26830
574 26937
575 26962
576 27028
577 27039
578 27044
579 27065
580 27075
581 27153
582 27177
583 27232
584 27326
585 27400
586 27427
587 27433
588 27465
589 27536
590 27619
591 27658
592 27676
593 27686
594 27727
595 27747
596 27785
597 27815
598 27820
599 27822
600 27856
601 27879
602 27880
603 27953
604 27953
605 28004
606 28050
607 28093
608 28113
609 28187
610 28219
611 28272
612 28283
613 28376
614 28387
615 28416
616 28452
617 28469
618 28558
619 28584
620 28638
621 28741
622 28798
623 28841
624 28888
625 28964
626 28984
627 29010
628 29045
629 29064
630 29102
631 29150
632 29169
633 29205
634 29246
635 29289
636 29295
637 29308
638 29317
639 29394
640 29436
641 29458
642 29532
643 29559
644 29572
645 29590
646 29617
647 29661
648 29684
649 29728
650 29746
651 29839
652 29895
653 29995
654 30008
655 30042
656 30110
657 30144
658 30184
659 30266
660 30277
661 30304
662 30346
663 30405
664 30437
665 30491
666 30535
667 30568
668 30687
669 30701
670 30702
671 30781
672 30792
673 30814
674 30815
675 30830
676 30854
677 30955
678 31027
679 31058
680 31062
681 31070
682 31082
683 31167
684 31167
685 31218
686 31279
687 31333
688 31392
689 31445
690 31477
691 31573
692 31677
693 31743
694 31807
695 31890
696 31967
697 31975
698 31982
699 32092
700 32092
701 32102
702 32211
703 32257
704 32274
705 32317
706 32334
707 32399
708 32458
709 32552
710 32563
711 32587
712 32653
713 32686
714 32736
715 32755
716 32758
717 32763
718 32792
719 32841
720 32906
721 32333
722 32921
723 32950
724 32977
725 32989
726 33099
727 33103
728 33108
729 33173
730 33203
731 33206
732 33243
733 33310
734 33370
735 33395
736 33454
737 33488
738 33503
739 33576
740 33648
741 33707
742 33707
743 33808
744 33853
745 33901
746 33935
747 33942
748 33952
749 34024
750 34036
751 34059
752 34134
753 34191
754 34234
755 34235
756 34255
757 34351
758 34426
759 34473
760 34491
761 34495
762 34529
763 34531
764 34616
765 34660
766 34739
767 34764
768 34818
769 34888
770 34952
771 34985
772 34989
773 34998
774 35121
775 35218
776 35226
777 35236
778 35294
779 35344
780 35368
781 35370
782 35416
783 35467
784 35489
785 35508
786 35576
787 35609
788 35650
789 35659
790 35681
791 35684
792 35724
793 35812
794 35822
795 35911
796 35981
797 36016
798 36047
799 36102
800 36123
801 36158
802 36204
803 36239
804 36273
805 36313
806 36417
807 36445
808 36467
809 36491
810 36524
811 36525
812 36627
813 36666
814 36729
815 36732
816 36757
817 36783
818 36820
819 36879
820 36910
821 36974
822 37013
823 37070
824 37089
825 37135
826 37189
827 37258
828 37260
829 37325
830 37327
831 37330
832 37354
833 37395
834 37448
835 37489
836 37543
837 37604
838 37622
839 37645
840 37690
841 37762
842 37801
843 37819
844 37842
845 37868
846 37891
847 37898
848 37954
849 37972
850 38006
851 38054
852 38063
853 38127
854 38165
855 38186
856 38197
857 38272
858 38361
859 38379
860 38484
861 38494
862 38549
863 38582
864 38619
865 38640
866 38642
867 38679
868 38704
869 38707
870 38732
871 38733
872 38760
873 38774
874 38830
875 38903
876 38912
877 38927
878 38968
879 39017
880 39099
881 39141
882 39218
883 39299
884 39352
885 39455
886 39506
887 39563
888 39674
889 39747
890 39799
891 39851
892 39861
893 39912
894 39928
895 39928
896 39934
897 39965
898 40043
899 40117
900 40166
901 40169
902 40183
903 40211
904 40224
905 40309
906 40372
907 40407
908 40445
909 40488
910 40499
911 40536
912 40603
913 40624
914 40740
915 40763
916 40827
917 40852
918 40881
919 40922
920 40984
921 40999
922 41095
923 41138
924 41190
925 41202
926 41213
927 41318
928 41366
929 41422
930 41423
931 41424
932 41480
933 41486
934 41527
935 41555
936 41595
937 41595
938 41603
939 41693
940 41766
941 41776
942 41806
943 41898
944 41988
945 42016
946 42025
947 42049
948 42090
949 42136
950 42167
951 42233
952 42322
953 42328
954 42331
955 42346
956 42383
957 42457
958 42492
959 42508
960 42513
961 42598
962 42659
963 42687
964 42753
965 42788
966 42860
967 42902
968 42912
969 42924
970 42994
971 43021
972 43036
973 43079
974 43116
975 43156
976 43195
977 43228
978 43300
979 43303
980 43357
981 43399
982 43440
983 43554
984 43591
985 43651
986 43713
987 43752
988 43835
989 43914
990 43952
991 44001
992 44074
993 44111
994 44123
995 44143
996 44220
997 44221
998 44226
999 44287
1000 44340
1001 44393
1002 44463
1003 44552
1004 44613
1005 44638
1006 44734
1007 44764
1008 44807
1009 44826
1010 44868
1011 44933
1012 44977
1013 45001
1014 45102
1015 45139
1016 45212
1017 45293
1018 45347
1019 45369
1020 45417
1021 45472
1022 45510
1023 45533
1024 45581
1025 45587
1026 45654
1027 45744
1028 45762
1029 45831
1030 45879
1031 45945
1032 45991
1033 46070
1034 46126
1035 46179
1036 46184
1037 46222
1038 46262
1039 46264
1040 46304
1041 46366
1042 46399
1043 46430
1044 46457
1045 46459
1046 46463
1047 46544
1048 46617
1049 46632
1050 46737
1051 46746
1052 46773
1053 46807
1054 46831
1055 46921
1056 47012
1057 47079
1058 47085
1059 47141
1060 47152
1061 47242
1062 47276
1063 47363
1064 47363
1065 47374
1066 47453
1067 47482
1068 47534
1069 47585
1070 47599
1071 47714
1072 47737
1073 47782
1074 47801
1075 47822
1076 47939
1077 48012
1078 48039
1079 48091
1080 48173
1081 48174
1082 48216
1083 48257
1084 48326
1085 48383
1086 48413
1087 48441
1088 48530
1089 48538
1090 48597
1091 48685
1092 48746
1093 48786
1094 48849
1095 48890
1096 48931
1097 48957
1098 48988
1099 49068
1100 49075
1101 49155
1102 49188
1103 49265
1104 49316
1105 49343
1106 49415
1107 49424
1108 49532
1109 49612
1110 49627
1111 49633
1112 49643
1113 49648
1114 49688
1115 49693
1116 49697
1117 49725
1118 49794
1119 49843
1120 49876
1121 49913
1122 49920
1123 49941
1124 49980
1125 50055
1126 50056
1127 50065
1128 50120
1129 50163
1130 50184
1131 50213
1132 50300
1133 50302
1134 50362
1135 50430
1136 50459
1137 50514
1138 50589
1139 50638
1140 50642
1141 50651
1142 50666
1143 50733
1144 50782
1145 50784
1146 50824
1147 50901
1148 50902
1149 50947
1150 50974
1151 50990
1152 51003
1153 51018
1154 51086
1155 51171
1156 51183
1157 51186
1158 51198
1159 51229
1160 51282
1161 51373
1162 51391
1163 51422
1164 51425
1165 51434
1166 51513
1167 51612
1168 51623
1169 51663
1170 51698
1171 51718
1172 51738
1173 51748
1174 51785
1175 51809
1176 51855
1177 51883
1178 51975
1179 52031
1180 52074
1181 52121
1182 52145
1183 52158
1184 52200
1185 52230
1186 52231
1187 52243
1188 52293
1189 52310
1190 52313
1191 52383
1192 52384
1193 52418
1194 52443
1195 52445
1196 52457
1197 52457
1198 52506
1199 52508
1200 52564
1201 52632
1202 52712
1203 52756
1204 52813
1205 52844
1206 52878
1207 52881
1208 52930
1209 52942
1210 52973
1211 53003
1212 53031
1213 53039
1214 53070
1215 53097
1216 53200
1217 53239
1218 53343
1219 53366
1220 53430
1221 53432
1222 53506
1223 53529
1224 53564
1225 53673
1226 53699
1227 53745
1228 53787
1229 53856
1230 53882
1231 53925
1232 53938
1233 54047
1234 54154
1235 54202
1236 54203
1237 54232
1238 54246
1239 54327
1240 54342
1241 54370
1242 54398
1243 54399
1244 54465
1245 54535
1246 54618
1247 54724
1248 54733
1249 54782
1250 54784
1251 54787
1252 54833
1253 54881
1254 54895
1255 54923
1256 54925
1257 54968
1258 55007
1259 55008
1260 55011
1261 55046
1262 55097
1263 55150
1264 55155
1265 55227
1266 55302
1267 55355
1268 55399
1269 55438
1270 55464
1271 55538
1272 55547
1273 55572
1274 55625
1275 55669
1276 55723
1277 55805
1278 55806
1279 55854
1280 55925
1281 55947
1282 55987
1283 56060
1284 56063
1285 56064
1286 56128
1287 56168
1288 56180
1289 56183
1290 56220
1291 56229
1292 56288
1293 56359
1294 56365
1295 56383
1296 56415
1297 56496
1298 56557
1299 56583
1300 56627
1301 56677
1302 56757
1303 56777
1304 56820
1305 56836
1306 56891
1307 56910
1308 56994
1309 57060
1310 57085
1311 57096
1312 57135
1313 57157
1314 57247
1315 57352
1316 57400
1317 57427
1318 57453
1319 57458
1320 57476
1321 57476
1322 57530
1323 57586
1324 57606
1325 57634
1326 57683
1327 57717
1328 57760
1329 57855
1330 57940
1331 57973
1332 58010
1333 58055
1334 58091
1335 58097
1336 58162
1337 58203
1338 58246
1339 58281
1340 58306
1341 58330
1342 58346
1343 58439
1344 58440
1345 58471
1346 58474
1347 58549
1348 58586
1349 58634
1350 58651
1351 58682
1352 58706
1353 58771
1354 58793
1355 58797
1356 58879
1357 58915
1358 59011
1359 59110
1360 59187
1361 59245
1362 59265
1363 59332
1364 59350
1365 59429
1366 59456
1367 59504
1368 59585
1369 59593
1370 59599
1371 59644
1372 59710
1373 59742
1374 59750
1375 59835
1376 59853
1377 59876
1378 59895
1379 59973
1380 60002
1381 60016
1382 60096
1383 60128
1384 60176
1385 60250
1386 60295
1387 60299
1388 60323
1389 60365
1390 60425
1391 60444
1392 60493
1393 60546
1394 60581
1395 60594
1396 60613
1397 60649
1398 60730
1399 60764
1400 60801
1401 60843
1402 60880
1403 60895
1404 60897
1405 60958
1406 60974
1407 61034
1408 61090
1409 61155
1410 61191
1411 61198
1412 61244
1413 61295
1414 61346
1415 61359
1416 61373
1417 61392
1418 61438
1419 61456
1420 61497
1421 61534
1422 61582
1423 61641
1424 61702
1425 61719
1426 61808
1427 61864
1428 61974
1429 61994
1430 62011
1431 62091
1432 62136
1433 62234
1434 62266
1435 62301
1436 62302
1437 62385
1438 62466
1439 62481
1440 62494
1441 62535
1442 62551
1443 62569
1444 62591
1445 62602
1446 62634
1447 62670
1448 62747
1449 62822
1450 62875
1451 62884
1452 62915
1453 62958
1454 63018
1455 63120
1456 63122
1457 63175
1458 63180
1459 63262
1460 63265
1461 63352
1462 63354
1463 63409
1464 63444
1465 63491
1466 63496
1467 63496
1468 63533
1469 63644
1470 63703
1471 63723
1472 63790
1473 63860
1474 63971
1475 63978
1476 64064
1477 64135
1478 64138
1479 64192
1480 64206
1481 64219
1482 64277
1483 64327
1484 64419
1485 64512
1486 64596
1487 64668
1488 64747
1489 64858
1490 64927
1491 64974
1492 65030
1493 65082
1494 65120
1495 65145
1496 65203
1497 65230
1498 65274
1499 65333
1500 65348
1501 65375
1502 65424
1503 65442
1504 65448
1505 65465
1506 65520
1507 65550
1508 65563
1509 65621
1510 65665
1511 65695
1512 65726
1513 65834
1514 65884
1515 65929
1516 65938
1517 65989
1518 66025
1519 66064
1520 66082
1521 66115
1522 66138
1523 66181
1524 66198
1525 66291
1526 66362
1527 66366
1528 66378
1529 66418
1530 66432
1531 66527
1532 66605
1533 66615
1534 66632
1535 66704
1536 66733
1537 66755
1538 66849
1539 66896
1540 66944
1541 66972
1542 66996
1543 67010
1544 67059
1545 67070
1546 67133
1547 67201
1548 67249
1549 67336
1550 67352
1551 67389
1552 67477
1553 67507
1554 67555
1555 67630
1556 67665
1557 67706
1558 67760
1559 67776
1560 67820
1561 67828
1562 67871
1563 67896
1564 68005
1565 68022
1566 68068
1567 68155
1568 68191
1569 68217
1570 68241
1571 68265
1572 68308
1573 68385
1574 68387
1575 68445
1576 68482
1577 68529
1578 68562
1579 68618
1580 68686
1581 68706
1582 68723
1583 68747
1584 68823
1585 68862
1586 68889
1587 68963
1588 69037
1589 69096
1590 69101
1591 69110
1592 69142
1593 69190
1594 69208
1595 69238
1596 69285
1597 69396
1598 69452
1599 69476
1600 69521
;
param cost_a := 
1 0.147346
2 0.049078
3 0.151140
4 0.209697
5 0.894589
6 0.788736
7 0.378189
8 0.101633
9 0.726421
10 0.338421
11 0.048098
12 0.425645
13 0.802514
14 0.537592
15 0.603016
16 0.479232
17 0.695836
18 0.714898
19 0.623048
20 0.989987
21 0.873868
22 0.870659
23 0.567208
24 0.676199
25 0.418643
26 0.001986
27 0.814584
28 0.614153
29 0.742419
30 0.960442
31 0.464181
32 0.890386
33 0.138803
34 0.651015
35 0.419290
36 0.545443
37 0.310885
38 0.268935
39 0.068376
40 0.312783
41 0.538476
42 0.627262
43 0.379324
44 0.122265
45 0.885770
46 0.453398
47 0.447567
48 0.772262
49 0.808795
50 0.826617
51 0.480958
52 0.577720
53 0.698732
54 0.691381
55 0.865404
56 0.173596
57 0.292730
58 0.612685
59 0.335162
60 0.993891
61 0.498080
62 0.639849
63 0.370309
64 0.256094
65 0.008618
66 0.314134
67 0.761322
68 0.559159
69 0.143998
70 0.493236
71 0.816790
72 0.450198
73 0.612972
74 0.772174
75 0.945191
76 0.530917
77 0.391081
78 0.855288
79 0.315301
80 0.859382
81 0.611152
82 0.277974
83 0.992163
84 0.555999
85 0.291786
86 0.389531
87 0.356709
88 0.644710
89 0.874488
90 0.489884
91 0.746969
92 0.251184
93 0.904384
94 0.463200
95 0.107485
96 0.339373
97 0.772461
98 0.170296
99 0.000879
100 0.196119
101 0.239013
102 0.249496
103 0.621698
104 0.870573
105 0.478525
106 0.831990
107 0.457517
108 0.740992
109 0.625421
110 0.002980
111 0.965919
112 0.316080
113 0.258173
114 0.633809
115 0.078372
116 0.281315
117 0.935992
118 0.472991
119 0.503114
120 0.672823
121 0.797825
122 0.115505
123 0.679100
124 0.902145
125 0.347661
126 0.669884
127 0.831630
128 0.164831
129 0.883153
130 0.611605
131 0.897721
132 0.544103
133 0.576291
134 0.448974
135 0.125371
136 0.867909
137 0.985422
138 0.434130
139 0.905788
140 0.093517
141 0.767121
142 0.627007
143 0.871242
144 0.678344
145 0.564445
146 0.164026
147 0.483635
148 0.049054
149 0.474878
150 0.595997
151 0.249969
152 0.903035
153 0.146742
154 0.641133
155 0.330797
156 0.667159
157 0.417141
158 0.649299
159 0.656389
160 0.998340
161 0.487506
162 0.492555
163 0.732684
164 0.738669
165 0.934548
166 0.484732
167 0.105290
168 0.235036
169 0.374961
170 0.289258
171 0.954617
172 0.398929
173 0.341455
174 0.599610
175 0.518912
176 0.316683
177 0.885712
178 0.670746
179 0.984313
180 0.623768
181 0.600624
182 0.542533
183 0.142190
184 0.228786
185 0.149668
186 0.027669
187 0.493912
188 0.313659
189 0.005538
190 0.236760
191 0.581835
192 0.846054
193 0.933155
194 0.582181
195 0.142641
196 0.118429
197 0.803948
198 0.840027
199 0.215359
200 0.075136
201 0.598787
202 0.955923
203 0.591210
204 0.404849
205 0.946228
206 0.855647
207 0.966115
208 0.560153
209 0.250711
210 0.565455
211 0.849033
212 0.019446
213 0.392147
214 0.459732
215 0.690471
216 0.228382
217 0.123798
218 0.434977
219 0.825367
220 0.748896
221 0.659640
222 0.259386
223 0.673188
224 0.203435
225 0.525397
226 0.266203
227 0.205463
228 0.630321
229 0.549184
230 0.946714
231 0.977115
232 0.863267
233 0.888226
234 0.855217
235 0.022821
236 0.513853
237 0.227356
238 0.563479
239 0.643283
240 0.070377
241 0.743006
242 0.196148
243 0.548650
244 0.529792
245 0.103188
246 0.341270
247 0.987498
248 0.851514
249 0.669424
250 0.861532
251 0.369616
252 0.362716
253 0.180892
254 0.332009
255 0.489522
256 0.054274
257 0.534024
258 0.499181
259 0.774980
260 0.484882
261 0.822566
262 0.293644
263 0.020942
264 0.757887
265 0.573623
266 0.535412
267 0.824217
268 0.751249
269 0.104458
270 0.545879
271 0.407807
272 0.465572
273 0.132828
274 0.424482
275 0.716209
276 0.008493
277 0.200398
278 0.760772
279 0.574153
280 0.355786
281 0.114276
282 0.034071
283 0.331103
284 0.620332
285 0.475983
286 0.903066
287 0.762477
288 0.119720
289 0.450164
290 0.006657
291 0.065943
292 0.061520
293 0.227108
294 0.785063
295 0.577278
296 0.162375
297 0.153676
298 0.186618
299 0.335138
300 0.982849
301 0.246439
302 0.950923
303 0.847753
304 0.194571
305 0.758907
306 0.452922
307 0.356905
308 0.399500
309 0.651424
310 0.855204
311 0.555733
312 0.493235
313 0.207857
314 0.547238
315 0.096729
316 0.905098
317 0.657431
318 0.550498
319 0.324966
320 0.357297
321 0.493108
322 0.737307
323 0.488981
324 0.063793
325 0.229612
326 0.349005
327 0.217828
328 0.536556
329 0.614775
330 0.405426
331 0.307757
332 0.382740
333 0.797078
334 0.172892
335 0.835564
336 0.660847
337 0.660310
338 0.901893
339 0.308045
340 0.517294
341 0.462995
342 0.558271
343 0.968155
344 0.946856
345 0.065775
346 0.253234
347 0.508304
348 0.611279
349 0.394170
350 0.527650
351 0.289894
352 0.709931
353 0.367156
354 0.565087
355 0.735568
356 0.924675
357 0.323753
358 0.795700
359 0.846774
360 0.458227
361 0.000333
362 0.209560
363 0.804142
364 0.151063
365 0.350611
366 0.023173
367 0.331779
368 0.596535
369 0.958275
370 0.136921
371 0.949008
372 0.077162
373 0.469004
374 0.083822
375 0.394169
376 0.017125
377 0.364084
378 0.901464
379 0.385018
380 0.486830
381 0.512135
382 0.559171
383 0.478862
384 0.104971
385 0.268447
386 0.241385
387 0.112979
388 0.461836
389 0.443168
390 0.925963
391 0.941989
392 0.934676
393 0.230127
394 0.302520
395 0.343715
396 0.481778
397 0.177317
398 0.151148
399 0.438740
400 0.686455
401 0.488051
402 0.845791
403 0.161206
404 0.975473
405 0.368603
406 0.659243
407 0.829571
408 0.558524
409 0.783617
410 0.028190
411 0.295894
412 0.226166
413 0.844849
414 0.886909
415 0.100879
416 0.703217
417 0.141796
418 0.597167
419 0.129254
420 0.782911
421 0.624540
422 0.889600
423 0.046243
424 0.964207
425 0.169632
426 0.588239
427 0.300717
428 0.780448
429 0.699110
430 0.715105
431 0.704304
432 0.442141
433 0.680730
434 0.865687
435 0.538046
436 0.819948
437 0.014279
438 0.508855
439 0.799409
440 0.166061
441 0.704324
442 0.096174
443 0.582254
444 0.312937
445 0.334009
446 0.565810
447 0.681077
448 0.397938
449 0.187530
450 0.995125
451 0.328157
452 0.440774
453 0.920684
454 0.793799
455 0.508415
456 0.347664
457 0.949355
458 0.935722
459 0.551665
460 0.132003
461 0.215116
462 0.303126
463 0.675553
464 0.325855
465 0.695082
466 0.260347
467 0.844890
468 0.709934
469 0.949946
470 0.087316
471 0.724198
472 0.611799
473 0.149606
474 0.884329
475 0.630174
476 0.112799
477 0.380068
478 0.009820
479 0.239417
480 0.563900
481 0.618325
482 0.031828
483 0.374136
484 0.838816
485 0.563635
486 0.561536
487 0.474710
488 0.749956
489 0.534174
490 0.193701
491 0.372814
492 0.018519
493 0.877264
494 0.103992
495 0.702504
496 0.124618
497 0.799396
498 0.647206
499 0.729014
500 0.266680
501 0.199030
502 0.563018
503 0.536132
504 0.531371
505 0.980650
506 0.127367
507 0.392954
508 0.216189
509 0.442830
510 0.787777
511 0.719402
512 0.056385
513 0.666041
514 0.489865
515 0.387288
516 0.886211
517 0.377730
518 0.039968
519 0.129861
520 0.011578
521 0.542672
522 0.455281
523 0.587618
524 0.286988
525 0.915874
526 0.328076
527 0.991826
528 0.574233
529 0.003313
530 0.774548
531 0.679574
532 0.913608
533 0.302552
534 0.551485
535 0.545289
536 0.360512
537 0.340769
538 0.405448
539 0.163570
540 0.031100
541 0.892024
542 0.669317
543 0.666789
544 0.460217
545 0.838556
546 0.540001
547 0.528317
548 0.903197
549 0.442698
550 0.358835
551 0.188347
552 0.710133
553 0.316474
554 0.572589
555 0.964192
556 0.367097
557 0.115237
558 0.878248
559 0.910542
560 0.233303
561 0.939661
562 0.348654
563 0.237561
564 0.406586
565 0.607217
566 0.098769
567 0.555848
568 0.521579
569 0.349734
570 0.283828
571 0.597139
572 0.625853
573 0.107901
574 0.920766
575 0.158299
576 0.588789
577 0.426608
578 0.193321
579 0.833493
580 0.776342
581 0.006742
582 0.538855
583 0.635598
584 0.971860
585 0.239582
586 0.921421
587 0.862773
588 0.738993
589 0.539206
590 0.270768
591 0.539746
592 0.607260
593 0.996291
594 0.110948
595 0.455768
596 0.614203
597 0.803502
598 0.914855
599 0.232297
600 0.860073
601 0.048112
602 0.702506
603 0.983381
604 0.821868
605 0.831811
606 0.851043
607 0.980327
608 0.233077
609 0.260623
610 0.003377
611 0.299618
612 0.363823
613 0.649628
614 0.350125
615 0.719212
616 0.533155
617 0.307712
618 0.415893
619 0.133178
620 0.651063
621 0.506779
622 0.806187
623 0.478313
624 0.522386
625 0.697917
626 0.165149
627 0.608745
628 0.548044
629 0.713734
630 0.857052
631 0.715645
632 0.331163
633 0.591601
634 0.615877
635 0.769079
636 0.536441
637 0.766798
638 0.607555
639 0.057653
640 0.160673
641 0.717557
642 0.018340
643 0.218984
644 0.150700
645 0.695772
646 0.420518
647 0.190163
648 0.052092
649 0.947628
650 0.773088
651 0.262268
652 0.087708
653 0.817686
654 0.990243
655 0.896607
656 0.749837
657 0.337945
658 0.554418
659 0.152764
660 0.642957
661 0.330184
662 0.663396
663 0.489631
664 0.936212
665 0.695367
666 0.882374
667 0.330536
668 0.375518
669 0.428175
670 0.222098
671 0.132157
672 0.364803
673 0.977729
674 0.983146
675 0.764333
676 0.154182
677 0.877321
678 0.594082
679 0.794009
680 0.669952
681 0.086481
682 0.027704
683 0.771408
684 0.987110
685 0.227975
686 0.204763
687 0.840198
688 0.879665
689 0.860316
690 0.088504
691 0.935779
692 0.287336
693 0.103150
694 0.936050
695 0.496939
696 0.909298
697 0.328379
698 0.404120
699 0.996044
700 0.476465
701 0.244121
702 0.906754
703 0.691522
704 0.563353
705 0.531659
706 0.791647
707 0.823820
708 0.078910
709 0.247243
710 0.539442
711 0.012110
712 0.822741
713 0.471143
714 0.296703
715 0.863928
716 0.709011
717 0.175599
718 0.628560
719 0.783566
720 0.444844
721 0.991336
722 0.420896
723 0.657386
724 0.603385
725 0.479043
726 0.374694
727 0.505404
728 0.153737
729 0.657745
730 0.516580
731 0.318336
732 0.600843
733 0.906258
734 0.599789
735 0.147954
736 0.947891
737 0.936901
738 0.188756
739 0.085973
740 0.722223
741 0.342412
742 0.608189
743 0.052830
744 0.302717
745 0.237541
746 0.793959
747 0.322583
748 0.752485
749 0.755999
750 0.408330
751 0.433815
752 0.295292
753 0.621518
754 0.375970
755 0.578785
756 0.477397
757 0.688469
758 0.259935
759 0.724227
760 0.928610
761 0.243047
762 0.628200
763 0.597055
764 0.477181
765 0.970244
766 0.761554
767 0.266885
768 0.182690
769 0.824881
770 0.722598
771 0.374653
772 0.629438
773 0.596694
774 0.943289
775 0.092757
776 0.569912
777 0.729998
778 0.094908
779 0.657017
780 0.723711
781 0.947693
782 0.079550
783 0.784386
784 0.221895
785 0.437411
786 0.526137
787 0.482739
788 0.840027
789 0.784325
790 0.186696
791 0.670182
792 0.785280
793 0.480681
794 0.110066
795 0.651209
796 0.393751
797 0.706353
798 0.420381
799 0.845690
800 0.653752
801 0.157733
802 0.946658
803 0.234017
804 0.999114
805 0.004032
806 0.837474
807 0.767908
808 0.313655
809 0.570564
810 0.651194
811 0.501218
812 0.553748
813 0.087859
814 0.237382
815 0.418764
816 0.830528
817 0.803441
818 0.018992
819 0.883539
820 0.196564
821 0.929873
822 0.047619
823 0.283831
824 0.753922
825 0.298188
826 0.435544
827 0.841634
828 0.041341
829 0.200066
830 0.468482
831 0.642394
832 0.967834
833 0.735135
834 0.871928
835 0.763478
836 0.838338
837 0.031532
838 0.341647
839 0.914942
840 0.264097
841 0.978355
842 0.555320
843 0.260986
844 0.966304
845 0.597926
846 0.457563
847 0.064192
848 0.666082
849 0.893747
850 0.654462
851 0.486960
852 0.407205
853 0.936834
854 0.266464
855 0.295733
856 0.780045
857 0.098591
858 0.569934
859 0.343457
860 0.606026
861 0.702651
862 0.207847
863 0.554384
864 0.701467
865 0.951144
866 0.669058
867 0.702666
868 0.367987
869 0.782551
870 0.123272
871 0.562369
872 0.253733
873 0.338888
874 0.555293
875 0.011389
876 0.195516
877 0.959152
878 0.467311
879 0.395381
880 0.586486
881 0.074013
882 0.211955
883 0.900226
884 0.717329
885 0.053473
886 0.281502
887 0.842654
888 0.411011
889 0.954733
890 0.610114
891 0.668554
892 0.111946
893 0.231757
894 0.146144
895 0.047123
896 0.399983
897 0.801031
898 0.620501
899 0.766387
900 0.678007
901 0.409780
902 0.574780
903 0.171765
904 0.528926
905 0.023416
906 0.319276
907 0.644225
908 0.953718
909 0.938218
910 0.566219
911 0.088219
912 0.386730
913 0.533307
914 0.027510
915 0.591968
916 0.037767
917 0.002680
918 0.278922
919 0.333780
920 0.732565
921 0.053614
922 0.674195
923 0.438010
924 0.014073
925 0.421993
926 0.042615
927 0.832855
928 0.826536
929 0.138119
930 0.322665
931 0.229588
932 0.632688
933 0.778334
934 0.171965
935 0.128979
936 0.311431
937 0.458265
938 0.950237
939 0.265484
940 0.649217
941 0.062809
942 0.297155
943 0.123486
944 0.672889
945 0.165918
946 0.820940
947 0.102186
948 0.475083
949 0.270062
950 0.176222
951 0.566927
952 0.555352
953 0.390720
954 0.041160
955 0.404586
956 0.040991
957 0.625515
958 0.203980
959 0.799320
960 0.461127
961 0.180621
962 0.138059
963 0.762314
964 0.025931
965 0.378832
966 0.082379
967 0.485345
968 0.609916
969 0.444171
970 0.750591
971 0.842810
972 0.854065
973 0.347201
974 0.367159
975 0.340562
976 0.986145
977 0.703187
978 0.772986
979 0.502213
980 0.111839
981 0.642025
982 0.855611
983 0.094751
984 0.851445
985 0.714368
986 0.540522
987 0.725172
988 0.287666
989 0.262616
990 0.030325
991 0.188464
992 0.249626
993 0.268469
994 0.897443
995 0.514672
996 0.986530
997 0.490489
998 0.023737
999 0.948894
1000 0.281489
1001 0.725613
1002 0.236856
1003 0.102958
1004 0.021836
1005 0.267849
1006 0.818344
1007 0.241137
1008 0.176813
1009 0.095349
1010 0.852464
1011 0.104668
1012 0.036873
1013 0.993863
1014 0.647407
1015 0.840960
1016 0.440867
1017 0.720036
1018 0.191966
1019 0.483254
1020 0.558220
1021 0.422308
1022 0.811012
1023 0.025152
1024 0.602798
1025 0.870157
1026 0.851976
1027 0.451788
1028 0.633437
1029 0.594197
1030 0.372311
1031 0.125565
1032 0.343220
1033 0.810151
1034 0.404299
1035 0.679258
1036 0.455393
1037 0.988968
1038 0.448792
1039 0.042925
1040 0.028362
1041 0.143365
1042 0.393413
1043 0.423427
1044 0.625574
1045 0.327839
1046 0.063433
1047 0.966525
1048 0.928115
1049 0.494699
1050 0.095000
1051 0.461372
1052 0.958704
1053 0.712909
1054 0.770570
1055 0.795875
1056 0.645324
1057 0.839572
1058 0.875362
1059 0.938774
1060 0.981041
1061 0.035615
1062 0.521327
1063 0.010413
1064 0.533663
1065 0.037763
1066 0.241580
1067 0.509075
1068 0.524668
1069 0.838126
1070 0.483454
1071 0.983373
1072 0.131440
1073 0.380758
1074 0.922242
1075 0.383576
1076 0.070149
1077 0.061278
1078 0.780422
1079 0.985891
1080 0.888681
1081 0.211170
1082 0.568602
1083 0.163581
1084 0.739873
1085 0.362630
1086 0.364596
1087 0.377463
1088 0.714824
1089 0.922833
1090 0.916004
1091 0.575683
1092 0.094440
1093 0.938252
1094 0.489368
1095 0.728825
1096 0.124380
1097 0.900176
1098 0.495408
1099 0.481271
1100 0.134431
1101 0.031823
1102 0.495049
1103 0.873372
1104 0.007898
1105 0.205453
1106 0.234880
1107 0.781375
1108 0.159903
1109 0.564646
1110 0.873406
1111 0.133186
1112 0.305580
1113 0.072429
1114 0.540871
1115 0.087914
1116 0.389956
1117 0.570159
1118 0.825653
1119 0.215796
1120 0.110883
1121 0.515127
1122 0.699146
1123 0.282472
1124 0.494714
1125 0.366555
1126 0.778769
1127 0.527726
1128 0.981467
1129 0.610210
1130 0.685184
1131 0.333665
1132 0.442067
1133 0.651082
1134 0.574959
1135 0.900969
1136 0.484811
1137 0.261605
1138 0.723925
1139 0.994220
1140 0.311511
1141 0.949641
1142 0.299122
1143 0.978437
1144 0.255868
1145 0.505964
1146 0.188674
1147 0.248842
1148 0.977434
1149 0.105249
1150 0.959170
1151 0.754515
1152 0.094074
1153 0.667542
1154 0.679025
1155 0.633965
1156 0.814198
1157 0.738993
1158 0.484019
1159 0.016793
1160 0.877073
1161 0.921105
1162 0.367651
1163 0.800492
1164 0.825346
1165 0.867032
1166 0.754130
1167 0.685077
1168 0.318503
1169 0.071446
1170 0.955793
1171 0.940602
1172 0.849287
1173 0.107275
1174 0.629408
1175 0.293772
1176 0.847171
1177 0.608106
1178 0.827292
1179 0.949731
1180 0.743811
1181 0.159302
1182 0.189335
1183 0.113732
1184 0.134978
1185 0.343906
1186 0.241020
1187 0.444811
1188 0.701758
1189 0.491144
1190 0.650155
1191 0.659663
1192 0.050929
1193 0.195865
1194 0.651543
1195 0.009868
1196 0.100197
1197 0.416495
1198 0.673973
1199 0.579186
1200 0.068570
1201 0.917109
1202 0.497862
1203 0.290069
1204 0.535464
1205 0.995964
1206 0.034602
1207 0.169643
1208 0.404202
1209 0.838362
1210 0.050072
1211 0.805310
1212 0.946388
1213 0.445957
1214 0.855002
1215 0.018744
1216 0.413212
1217 0.927622
1218 0.153799
1219 0.604446
1220 0.978059
1221 0.988783
1222 0.881161
1223 0.515149
1224 0.021866
1225 0.726588
1226 0.962233
1227 0.131248
1228 0.988485
1229 0.327572
1230 0.507256
1231 0.225074
1232 0.221904
1233 0.972472
1234 0.995625
1235 0.923185
1236 0.350462
1237 0.179610
1238 0.516936
1239 0.381024
1240 0.905291
1241 0.963756
1242 0.118076
1243 0.014127
1244 0.951033
1245 0.551673
1246 0.755582
1247 0.978739
1248 0.566449
1249 0.978501
1250 0.271467
1251 0.162056
1252 0.040846
1253 0.690961
1254 0.198372
1255 0.228446
1256 0.649341
1257 0.303804
1258 0.056380
1259 0.272889
1260 0.835780
1261 0.895228
1262 0.129009
1263 0.356519
1264 0.566717
1265 0.684994
1266 0.499838
1267 0.641496
1268 0.523166
1269 0.615690
1270 0.393943
1271 0.003633
1272 0.668904
1273 0.253161
1274 0.599724
1275 0.881011
1276 0.574962
1277 0.536318
1278 0.946946
1279 0.715510
1280 0.689445
1281 0.239604
1282 0.485717
1283 0.661533
1284 0.520211
1285 0.563101
1286 0.148865
1287 0.272343
1288 0.444960
1289 0.035812
1290 0.286581
1291 0.629309
1292 0.579132
1293 0.906881
1294 0.537417
1295 0.853007
1296 0.816563
1297 0.407545
1298 0.043666
1299 0.127485
1300 0.811194
1301 0.693341
1302 0.031847
1303 0.280136
1304 0.290170
1305 0.921634
1306 0.260450
1307 0.589534
1308 0.679505
1309 0.783754
1310 0.787320
1311 0.842166
1312 0.583057
1313 0.894073
1314 0.927974
1315 0.726442
1316 0.183868
1317 0.740076
1318 0.163863
1319 0.438437
1320 0.134004
1321 0.418015
1322 0.116016
1323 0.878747
1324 0.964846
1325 0.117983
1326 0.524723
1327 0.043448
1328 0.484361
1329 0.280247
1330 0.469834
1331 0.154534
1332 0.031176
1333 0.521444
1334 0.828967
1335 0.736361
1336 0.827399
1337 0.824757
1338 0.202343
1339 0.224471
1340 0.012883
1341 0.102422
1342 0.233186
1343 0.791843
1344 0.253273
1345 0.071969
1346 0.421549
1347 0.894976
1348 0.092430
1349 0.439297
1350 0.167130
1351 0.578339
1352 0.466947
1353 0.652256
1354 0.883097
1355 0.830628
1356 0.016254
1357 0.977610
1358 0.598123
1359 0.259880
1360 0.006420
1361 0.362309
1362 0.507773
1363 0.046891
1364 0.839025
1365 0.466714
1366 0.449113
1367 0.547507
1368 0.238611
1369 0.402968
1370 0.253801
1371 0.044259
1372 0.302982
1373 0.075929
1374 0.385181
1375 0.996413
1376 0.660231
1377 0.607106
1378 0.183782
1379 0.704922
1380 0.004679
1381 0.123802
1382 0.433370
1383 0.594890
1384 0.280983
1385 0.216153
1386 0.816119
1387 0.323021
1388 0.751487
1389 0.604046
1390 0.150666
1391 0.641187
1392 0.116462
1393 0.013860
1394 0.100771
1395 0.389621
1396 0.760209
1397 0.941779
1398 0.304984
1399 0.154357
1400 0.068058
1401 0.875901
1402 0.609176
1403 0.003464
1404 0.600124
1405 0.663633
1406 0.283991
1407 0.315196
1408 0.717241
1409 0.043891
1410 0.778194
1411 0.028618
1412 0.032837
1413 0.915336
1414 0.696629
1415 0.683368
1416 0.811552
1417 0.682437
1418 0.297905
1419 0.370099
1420 0.151252
1421 0.010370
1422 0.882154
1423 0.186806
1424 0.469646
1425 0.527791
1426 0.983120
1427 0.988576
1428 0.470026
1429 0.443277
1430 0.291569
1431 0.129488
1432 0.382744
1433 0.686717
1434 0.718426
1435 0.525235
1436 0.869842
1437 0.051229
1438 0.956255
1439 0.713674
1440 0.539816
1441 0.894155
1442 0.316635
1443 0.657918
1444 0.547847
1445 0.257445
1446 0.508687
1447 0.822700
1448 0.253856
1449 0.788287
1450 0.380457
1451 0.559605
1452 0.376602
1453 0.580041
1454 0.470037
1455 0.060438
1456 0.516591
1457 0.011585
1458 0.507263
1459 0.080350
1460 0.323879
1461 0.839929
1462 0.769542
1463 0.293482
1464 0.958954
1465 0.196444
1466 0.426758
1467 0.523769
1468 0.835653
1469 0.751337
1470 0.710460
1471 0.192195
1472 0.944686
1473 0.143991
1474 0.911430
1475 0.139149
1476 0.334639
1477 0.828552
1478 0.847462
1479 0.516676
1480 0.574390
1481 0.754664
1482 0.549603
1483 0.700305
1484 0.236712
1485 0.792484
1486 0.490312
1487 0.143759
1488 0.627396
1489 0.519155
1490 0.720947
1491 0.792245
1492 0.137546
1493 0.910636
1494 0.798665
1495 0.081136
1496 0.718772
1497 0.628314
1498 0.364283
1499 0.676770
1500 0.071832
1501 0.954085
1502 0.682840
1503 0.964693
1504 0.198828
1505 0.010592
1506 0.377532
1507 0.858074
1508 0.997409
1509 0.705053
1510 0.975408
1511 0.785154
1512 0.572461
1513 0.855650
1514 0.739646
1515 0.719455
1516 0.906650
1517 0.198677
1518 0.588425
1519 0.840133
1520 0.465671
1521 0.432682
1522 0.694365
1523 0.852225
1524 0.217455
1525 0.132558
1526 0.621180
1527 0.157674
1528 0.416608
1529 0.262092
1530 0.585659
1531 0.947911
1532 0.346185
1533 0.127696
1534 0.633276
1535 0.887389
1536 0.018488
1537 0.949085
1538 0.184666
1539 0.374852
1540 0.614886
1541 0.774396
1542 0.547909
1543 0.405277
1544 0.191713
1545 0.237782
1546 0.598011
1547 0.810262
1548 0.895153
1549 0.646736
1550 0.900166
1551 0.128321
1552 0.612553
1553 0.094446
1554 0.097311
1555 0.548883
1556 0.640960
1557 0.719202
1558 0.395213
1559 0.284958
1560 0.575722
1561 0.878420
1562 0.459741
1563 0.359297
1564 0.212823
1565 0.869076
1566 0.991192
1567 0.137510
1568 0.818202
1569 0.909365
1570 0.659479
1571 0.009000
1572 0.645614
1573 0.398169
1574 0.971680
1575 0.402679
1576 0.081650
1577 0.989389
1578 0.999897
1579 0.829342
1580 0.262398
1581 0.757501
1582 0.722568
1583 0.866193
1584 0.440734
1585 0.688667
1586 0.026324
1587 0.941402
1588 0.786610
1589 0.908509
1590 0.178172
1591 0.437700
1592 0.674743
1593 0.453149
1594 0.809232
1595 0.013919
1596 0.854933
1597 0.004395
1598 0.151454
1599 0.141996
1600 0.209823
;
param cost_b := 
1 -0.634714
2 0.545555
3 -0.867995
4 -0.974678
5 0.505625
6 0.333218
7 0.889748
8 0.763606
9 -0.789520
10 -0.915014
11 0.996299
12 0.513419
13 -0.112273
14 -0.852720
15 -0.777924
16 0.322725
17 -0.693185
18 0.331242
19 0.042588
20 -0.572333
21 -0.090934
22 0.256990
23 0.762312
24 -0.731070
25 -0.425360
26 0.542975
27 0.089345
28 0.034232
29 0.961523
30 0.563042
31 -0.252916
32 -0.546834
33 0.158313
34 -0.246872
35 0.722522
36 0.097489
37 0.468429
38 -0.995420
39 0.067632
40 0.261085
41 0.329898
42 -0.523194
43 0.456431
44 -0.979608
45 -0.911350
46 -0.879308
47 -0.717630
48 0.540304
49 -0.264098
50 -0.263481
51 0.339581
52 0.479018
53 -0.593633
54 -0.836179
55 0.699884
56 -0.543949
57 -0.391484
58 -0.523833
59 -0.206352
60 0.141164
61 0.165435
62 -0.840601
63 -0.886678
64 -0.688112
65 -0.471933
66 0.987378
67 0.289303
68 0.025015
69 0.889081
70 -0.946771
71 -0.351949
72 -0.476386
73 0.471943
74 0.969527
75 0.157000
76 0.316062
77 -0.103931
78 0.743386
79 -0.224295
80 -0.269022
81 -0.998901
82 0.649611
83 0.192175
84 0.281901
85 0.418122
86 -0.845444
87 -0.406500
88 -0.111469
89 0.444632
90 -0.462490
91 0.075081
92 0.316511
93 0.404524
94 0.981560
95 -0.251427
96 0.993401
97 0.240590
98 0.833725
99 0.986871
100 -0.069302
101 0.828243
102 0.485394
103 0.534106
104 -0.159316
105 0.877023
106 0.691917
107 -0.497862
108 -0.905034
109 -0.683031
110 -0.249796
111 -0.309871
112 -0.341805
113 0.588453
114 -0.441793
115 -0.355508
116 -0.190711
117 0.563931
118 -0.452241
119 0.498389
120 -0.038579
121 0.857828
122 -0.331649
123 0.636947
124 -0.155521
125 0.153520
126 -0.610164
127 0.283427
128 0.204358
129 0.141682
130 0.398729
131 0.980944
132 0.319937
133 0.849066
134 -0.774788
135 -0.668192
136 -0.978705
137 0.468640
138 -0.426137
139 -0.864091
140 0.740065
141 -0.807974
142 0.922027
143 0.776096
144 -0.320905
145 0.813629
146 0.594890
147 -0.136100
148 -0.563325
149 0.938841
150 0.849068
151 0.736789
152 -0.672982
153 -0.400120
154 -0.764676
155 0.279033
156 -0.641578
157 0.615474
158 -0.135227
159 -0.247300
160 -0.021947
161 -0.332754
162 -0.566949
163 0.105317
164 -0.197767
165 -0.141216
166 -0.975663
167 -0.148128
168 -0.982368
169 0.212703
170 0.743920
171 0.859377
172 -0.792191
173 0.240919
174 -0.946550
175 0.604138
176 0.770363
177 0.638094
178 0.417057
179 0.937747
180 0.084486
181 0.107907
182 0.010306
183 0.730093
184 -0.190098
185 0.741848
186 0.218687
187 -0.692487
188 -0.137425
189 0.783281
190 -0.319464
191 -0.750672
192 -0.003903
193 0.169281
194 -0.470281
195 -0.032764
196 -0.258607
197 0.894898
198 0.627775
199 -0.034815
200 0.307072
201 0.147805
202 -0.841036
203 0.789426
204 -0.626158
205 -0.033380
206 0.367154
207 0.594245
208 -0.778472
209 -0.551074
210 -0.170327
211 -0.057423
212 0.194508
213 0.292488
214 0.699049
215 0.885999
216 0.928027
217 0.109923
218 -0.387633
219 -0.980920
220 0.626363
221 0.751205
222 0.098824
223 0.008826
224 0.712190
225 -0.172435
226 -0.713540
227 0.695934
228 -0.246949
229 0.924876
230 -0.281765
231 0.633287
232 0.138488
233 0.665490
234 0.575389
235 0.395355
236 -0.266630
237 0.462750
238 -0.529287
239 -0.255395
240 0.730234
241 0.160130
242 0.921193
243 -0.731179
244 0.767988
245 0.619263
246 0.723942
247 0.613658
248 -0.972504
249 -0.193095
250 -0.865389
251 -0.018807
252 -0.203470
253 0.276400
254 0.651832
255 0.359348
256 -0.110464
257 -0.246861
258 -0.850046
259 -0.958252
260 -0.399675
261 -0.544500
262 0.380994
263 0.319851
264 -0.921158
265 0.040533
266 0.755094
267 -0.837096
268 -0.314401
269 -0.218827
270 0.774382
271 0.944943
272 0.329825
273 0.033934
274 0.641197
275 0.430038
276 -0.042523
277 -0.619258
278 0.446019
279 0.775824
280 -0.991867
281 -0.297231
282 0.058834
283 -0.059883
284 -0.816810
285 -0.590436
286 -0.718920
287 -0.026773
288 -0.211535
289 0.148450
290 -0.107209
291 0.534815
292 0.999768
293 -0.689730
294 0.393376
295 0.619243
296 -0.818454
297 0.211211
298 -0.676568
299 -0.926789
300 -0.312605
301 0.840333
302 -0.384203
303 -0.258269
304 -0.873052
305 0.795038
306 -0.557517
307 0.405896
308 0.797410
309 0.976869
310 -0.535535
311 -0.391001
312 -0.322012
313 0.750585
314 0.350941
315 -0.595545
316 -0.258642
317 0.460822
318 0.171763
319 0.137237
320 -0.974823
321 0.202111
322 0.362119
323 -0.163293
324 0.180024
325 0.293154
326 0.193217
327 -0.531772
328 0.422538
329 -0.809575
330 -0.912612
331 0.612182
332 -0.362931
333 -0.401442
334 -0.775176
335 -0.668427
336 -0.769816
337 -0.462654
338 0.753548
339 -0.487420
340 -0.782368
341 -0.528886
342 -0.978806
343 -0.585592
344 -0.301358
345 -0.559073
346 -0.513865
347 -0.463244
348 0.406633
349 0.502526
350 -0.832621
351 -0.983127
352 -0.453826
353 -0.269548
354 0.367126
355 0.024824
356 0.976759
357 0.908018
358 0.693051
359 0.110471
360 -0.714326
361 -0.441724
362 -0.350502
363 -0.710033
364 -0.991827
365 -0.448300
366 -0.942723
367 0.415795
368 -0.316573
369 0.045420
370 0.019495
371 0.125946
372 0.396240
373 0.513515
374 0.335042
375 -0.796045
376 -0.855807
377 -0.311547
378 0.372022
379 0.204890
380 0.715067
381 -0.739504
382 -0.543667
383 -0.537722
384 -0.193574
385 -0.967030
386 -0.225433
387 0.414916
388 -0.633523
389 0.582245
390 0.725474
391 0.288244
392 0.273445
393 0.218082
394 -0.480070
395 0.889503
396 0.266715
397 0.185552
398 -0.155603
399 -0.647721
400 0.718795
401 -0.384179
402 -0.952952
403 0.691377
404 0.615712
405 -0.069402
406 -0.243185
407 -0.221006
408 -0.333704
409 0.335069
410 0.715182
411 0.675248
412 0.956059
413 0.416218
414 0.486328
415 0.219851
416 -0.878094
417 -0.133164
418 -0.116675
419 -0.664343
420 -0.154812
421 0.982460
422 0.174981
423 0.955014
424 0.738197
425 -0.533664
426 -0.931794
427 0.905559
428 -0.162205
429 0.912860
430 -0.900246
431 0.808172
432 0.363431
433 0.244748
434 -0.309493
435 0.018084
436 0.174017
437 -0.984658
438 -0.178741
439 -0.523465
440 0.590796
441 0.100180
442 -0.461551
443 -0.900334
444 0.210762
445 0.059165
446 -0.750618
447 -0.908532
448 -0.227871
449 -0.546673
450 -0.272508
451 -0.310045
452 -0.109776
453 -0.768015
454 0.359802
455 -0.284874
456 -0.515518
457 -0.098358
458 0.264880
459 0.082368
460 -0.176299
461 0.711434
462 0.075085
463 -0.277383
464 0.341366
465 0.660696
466 -0.603254
467 -0.200800
468 -0.989649
469 -0.695880
470 -0.460624
471 -0.782903
472 -0.325198
473 0.876179
474 -0.070858
475 0.185817
476 0.110583
477 -0.788394
478 0.154476
479 0.207630
480 -0.147309
481 0.894165
482 0.202198
483 0.516027
484 -0.685931
485 0.215008
486 -0.663739
487 -0.313231
488 0.740940
489 0.217193
490 -0.005352
491 -0.046699
492 0.196606
493 0.380546
494 0.434898
495 -0.261507
496 -0.219884
497 0.526115
498 0.957524
499 0.640523
500 -0.845074
501 -0.537175
502 0.507982
503 -0.697443
504 0.662350
505 -0.636394
506 -0.207442
507 0.475417
508 -0.328387
509 0.879036
510 0.313103
511 0.960495
512 -0.122187
513 0.987908
514 -0.168200
515 0.744252
516 -0.992871
517 0.090312
518 -0.417999
519 0.763960
520 -0.488552
521 -0.320613
522 0.934133
523 0.711322
524 0.616554
525 0.624064
526 -0.285142
527 0.932259
528 -0.065130
529 0.438392
530 0.205324
531 -0.340412
532 -0.315441
533 0.239185
534 0.347040
535 -0.035996
536 0.989981
537 0.213454
538 -0.653335
539 -0.959301
540 0.319715
541 -0.572822
542 -0.958294
543 -0.014621
544 -0.867127
545 0.233603
546 0.911751
547 0.675548
548 0.615977
549 -0.775594
550 0.033032
551 -0.126548
552 -0.230961
553 -0.744751
554 -0.625137
555 -0.508402
556 -0.701599
557 -0.486966
558 0.426285
559 0.816568
560 -0.714567
561 0.790987
562 -0.240001
563 0.451685
564 -0.947292
565 -0.678110
566 -0.367933
567 -0.340413
568 0.043065
569 0.704566
570 0.471352
571 0.932484
572 -0.313991
573 0.139611
574 -0.507777
575 -0.236286
576 0.223053
577 -0.348160
578 -0.628451
579 0.380500
580 0.420131
581 0.641341
582 -0.380367
583 -0.983243
584 -0.549251
585 0.761705
586 0.233350
587 0.872902
588 0.205435
589 -0.041869
590 -0.348149
591 -0.436227
592 0.299440
593 0.116200
594 0.615806
595 0.069519
596 -0.687275
597 -0.874729
598 0.331543
599 -0.877629
600 0.238787
601 0.126784
602 0.418172
603 -0.903224
604 0.555732
605 0.188908
606 0.884548
607 -0.775206
608 -0.304646
609 -0.327465
610 0.193851
611 0.740351
612 -0.603423
613 0.670881
614 -0.424449
615 -0.586207
616 -0.092947
617 -0.859807
618 -0.532918
619 -0.975978
620 0.236207
621 0.325551
622 -0.674238
623 -0.197536
624 -0.017238
625 0.677950
626 0.398486
627 0.278947
628 -0.560852
629 -0.243427
630 0.626335
631 -0.841814
632 0.261501
633 -0.322288
634 0.607428
635 -0.951427
636 -0.795764
637 -0.231395
638 0.586208
639 -0.579180
640 -0.897814
641 0.664163
642 0.639039
643 -0.117899
644 -0.000865
645 0.334411
646 0.104472
647 -0.684657
648 0.789974
649 0.273899
650 -0.205233
651 -0.708381
652 -0.372721
653 -0.525474
654 0.856081
655 -0.530954
656 0.154152
657 -0.314547
658 -0.265867
659 -0.450758
660 0.601012
661 0.091215
662 0.775192
663 0.806524
664 0.897693
665 0.113652
666 -0.422793
667 -0.337038
668 0.032427
669 -0.490446
670 -0.004295
671 -0.158740
672 0.107147
673 -0.815421
674 -0.876226
675 0.278398
676 -0.638100
677 0.713014
678 0.466215
679 0.602020
680 0.306617
681 0.765607
682 -0.377018
683 -0.913853
684 -0.030656
685 -0.416309
686 -0.117564
687 0.280748
688 -0.357535
689 -0.531463
690 -0.858440
691 -0.787395
692 0.026980
693 -0.366757
694 0.192250
695 -0.426842
696 0.120941
697 -0.709119
698 -0.681063
699 0.358444
700 0.502789
701 0.963656
702 -0.993626
703 0.601799
704 0.253380
705 0.920711
706 0.674331
707 -0.560453
708 0.535115
709 -0.872688
710 0.043882
711 0.563076
712 0.757487
713 0.653611
714 0.408414
715 0.872524
716 0.078772
717 0.046456
718 0.649267
719 -0.344641
720 -0.158367
721 0.844109
722 0.379948
723 0.118851
724 -0.672931
725 -0.659390
726 0.189738
727 -0.391534
728 0.426874
729 0.357878
730 0.045244
731 0.460870
732 -0.923858
733 0.734364
734 -0.691630
735 -0.838299
736 -0.020853
737 -0.769576
738 0.884566
739 -0.296923
740 -0.759949
741 0.488367
742 0.491935
743 -0.271113
744 -0.665473
745 -0.093924
746 -0.931064
747 -0.034315
748 0.705126
749 0.674571
750 -0.052800
751 -0.563457
752 0.743716
753 -0.370606
754 0.447972
755 -0.948572
756 -0.666699
757 -0.448150
758 -0.234810
759 0.625193
760 0.418136
761 0.255331
762 -0.687640
763 -0.594780
764 -0.983789
765 -0.533175
766 -0.587680
767 -0.154863
768 0.854973
769 0.019407
770 -0.916026
771 0.485814
772 0.732409
773 -0.717944
774 0.466929
775 -0.735067
776 -0.171712
777 0.610160
778 -0.136204
779 -0.002331
780 -0.533277
781 -0.956089
782 -0.035138
783 -0.860775
784 0.979192
785 -0.674559
786 -0.194515
787 0.749351
788 -0.358487
789 -0.600794
790 -0.456382
791 0.740391
792 -0.639345
793 -0.698374
794 0.202937
795 0.824273
796 0.083100
797 0.549482
798 0.842438
799 0.959435
800 -0.609673
801 0.663216
802 -0.461271
803 -0.711180
804 0.777773
805 -0.326296
806 0.759350
807 -0.346679
808 -0.495546
809 -0.873810
810 -0.312741
811 0.766266
812 0.988501
813 0.379745
814 0.352957
815 0.632573
816 -0.681418
817 -0.857831
818 -0.616590
819 -0.509229
820 -0.499580
821 0.122825
822 -0.401967
823 0.739821
824 -0.662055
825 -0.490663
826 -0.771287
827 0.185483
828 0.325879
829 0.492993
830 0.857181
831 -0.795940
832 0.444876
833 0.747412
834 -0.471914
835 0.314024
836 0.930510
837 -0.059307
838 -0.675450
839 -0.207637
840 -0.644481
841 -0.734516
842 0.635346
843 0.185794
844 0.914001
845 0.954099
846 0.006974
847 -0.386878
848 0.140481
849 0.903315
850 0.176807
851 -0.527393
852 -0.671055
853 -0.156512
854 -0.044516
855 0.968455
856 -0.419718
857 -0.597893
858 0.571400
859 -0.794978
860 0.760995
861 -0.905253
862 0.093144
863 -0.608921
864 -0.973954
865 0.339566
866 -0.384205
867 0.813193
868 0.987983
869 -0.267889
870 0.669083
871 -0.706729
872 -0.374151
873 -0.500344
874 0.202536
875 -0.723973
876 -0.437118
877 -0.144060
878 0.686276
879 -0.633417
880 0.892402
881 0.267710
882 -0.653953
883 0.460074
884 -0.962493
885 -0.229918
886 0.039246
887 0.315683
888 -0.792639
889 0.053068
890 -0.443623
891 -0.208154
892 0.873312
893 0.721165
894 0.140854
895 0.258197
896 0.661189
897 -0.746196
898 -0.594619
899 -0.576275
900 0.814165
901 0.782010
902 0.223541
903 -0.346988
904 -0.398278
905 0.468056
906 0.324762
907 0.430642
908 -0.085540
909 0.057409
910 0.462661
911 0.023260
912 0.741590
913 -0.724293
914 0.243587
915 -0.616446
916 -0.900685
917 0.755921
918 0.230482
919 -0.667468
920 0.442947
921 0.111777
922 -0.803030
923 -0.027641
924 -0.324899
925 -0.080519
926 -0.039463
927 -0.283504
928 0.469232
929 -0.980532
930 0.185440
931 -0.740504
932 -0.893349
933 -0.034713
934 0.983390
935 -0.822841
936 -0.848634
937 -0.703385
938 -0.062493
939 0.175816
940 0.153517
941 -0.881323
942 0.734972
943 -0.738473
944 -0.033306
945 0.455690
946 0.908617
947 0.504523
948 0.628352
949 0.781236
950 -0.408491
951 -0.608490
952 -0.899546
953 0.657465
954 -0.802509
955 0.761693
956 0.946237
957 0.389508
958 0.846090
959 0.919148
960 -0.756570
961 0.480291
962 -0.900351
963 -0.383651
964 0.133858
965 0.436143
966 -0.136306
967 0.347261
968 0.984998
969 0.071307
970 0.014305
971 0.133092
972 0.318068
973 -0.568896
974 -0.423435
975 -0.131764
976 0.176125
977 0.396654
978 0.979892
979 0.627060
980 -0.332847
981 -0.985442
982 -0.316316
983 -0.374298
984 -0.893082
985 -0.856709
986 0.745843
987 -0.932595
988 -0.977435
989 0.632259
990 0.455149
991 0.358653
992 -0.424980
993 -0.075454
994 0.370013
995 0.944927
996 0.921754
997 0.997568
998 0.044911
999 0.228909
1000 -0.155122
1001 0.516316
1002 0.354962
1003 0.513040
1004 -0.505194
1005 -0.775665
1006 -0.413990
1007 -0.616133
1008 -0.414393
1009 0.826835
1010 -0.006786
1011 -0.527449
1012 0.924872
1013 -0.930001
1014 -0.906617
1015 -0.053458
1016 0.940903
1017 0.064489
1018 -0.750801
1019 0.435052
1020 0.559440
1021 0.932351
1022 0.667694
1023 0.269408
1024 0.316994
1025 -0.206035
1026 0.587657
1027 0.895881
1028 0.424554
1029 -0.205403
1030 -0.128608
1031 0.699290
1032 0.004689
1033 -0.592698
1034 -0.123507
1035 0.546603
1036 -0.006088
1037 -0.046132
1038 0.252633
1039 0.804519
1040 0.850692
1041 0.213556
1042 0.857784
1043 0.085618
1044 -0.967185
1045 -0.557288
1046 0.848500
1047 -0.039696
1048 -0.182018
1049 0.979462
1050 -0.662220
1051 -0.144598
1052 -0.475244
1053 -0.364340
1054 0.510746
1055 -0.557313
1056 -0.863359
1057 -0.389857
1058 0.634669
1059 0.661297
1060 -0.144938
1061 -0.145233
1062 0.995419
1063 0.989895
1064 -0.937275
1065 -0.244802
1066 0.761345
1067 -0.718500
1068 -0.843347
1069 -0.250290
1070 0.089749
1071 -0.899450
1072 0.718299
1073 0.304584
1074 -0.071066
1075 -0.063932
1076 -0.853313
1077 0.939607
1078 -0.284360
1079 -0.734057
1080 -0.462058
1081 -0.049238
1082 -0.215096
1083 -0.775984
1084 -0.141100
1085 -0.015284
1086 -0.806635
1087 -0.381436
1088 -0.980497
1089 -0.940326
1090 -0.656172
1091 -0.790091
1092 0.724457
1093 -0.875840
1094 0.823819
1095 -0.659353
1096 -0.824309
1097 0.837314
1098 -0.900331
1099 -0.250619
1100 -0.387181
1101 0.270142
1102 -0.874447
1103 0.332691
1104 -0.903648
1105 -0.470905
1106 -0.455097
1107 0.903088
1108 -0.236263
1109 0.278219
1110 0.836712
1111 -0.497041
1112 0.668241
1113 -0.125650
1114 -0.447662
1115 0.991585
1116 0.847730
1117 -0.296265
1118 0.992336
1119 0.418650
1120 0.217969
1121 -0.934200
1122 -0.086617
1123 0.376216
1124 0.997251
1125 0.053219
1126 -0.994571
1127 -0.170577
1128 0.965035
1129 -0.435533
1130 0.400852
1131 0.835419
1132 0.221626
1133 0.936229
1134 -0.798898
1135 -0.654890
1136 -0.718790
1137 -0.299497
1138 -0.939210
1139 0.768012
1140 -0.707233
1141 0.152364
1142 0.865028
1143 0.850761
1144 0.314327
1145 0.370029
1146 -0.364484
1147 0.759794
1148 -0.251537
1149 -0.503912
1150 0.188799
1151 0.378291
1152 -0.155930
1153 -0.429370
1154 0.125366
1155 0.729551
1156 -0.293754
1157 -0.804612
1158 0.972567
1159 0.717915
1160 -0.296471
1161 0.335640
1162 0.639920
1163 -0.619326
1164 -0.260756
1165 0.214150
1166 0.992670
1167 -0.675230
1168 -0.923852
1169 -0.436102
1170 -0.674191
1171 -0.843766
1172 0.724321
1173 0.018285
1174 -0.972574
1175 -0.931089
1176 0.375584
1177 -0.408477
1178 -0.849537
1179 -0.963419
1180 0.115815
1181 0.631925
1182 0.520292
1183 -0.766802
1184 -0.052597
1185 -0.932626
1186 -0.462277
1187 0.296808
1188 0.994406
1189 -0.852519
1190 -0.438657
1191 -0.304299
1192 -0.853373
1193 0.844976
1194 -0.049248
1195 -0.436132
1196 0.114888
1197 -0.641087
1198 0.467062
1199 -0.851077
1200 -0.999503
1201 -0.678004
1202 0.382868
1203 0.881434
1204 0.791237
1205 0.958251
1206 -0.763247
1207 0.189800
1208 0.373746
1209 0.737141
1210 0.829298
1211 0.258086
1212 0.301962
1213 -0.432599
1214 -0.683733
1215 -0.902382
1216 0.741704
1217 -0.117435
1218 -0.253295
1219 0.832425
1220 0.333366
1221 0.888732
1222 -0.671490
1223 -0.068388
1224 -0.478195
1225 -0.312314
1226 0.903347
1227 0.290396
1228 0.706801
1229 -0.012328
1230 0.309444
1231 0.927624
1232 -0.669411
1233 -0.316796
1234 -0.960697
1235 0.994033
1236 -0.886017
1237 0.679580
1238 -0.848407
1239 0.346728
1240 -0.711974
1241 -0.377487
1242 0.685830
1243 0.180636
1244 -0.010687
1245 -0.728348
1246 0.768026
1247 0.179633
1248 0.779968
1249 -0.791712
1250 0.346030
1251 -0.819467
1252 -0.452221
1253 -0.198354
1254 -0.179348
1255 0.861724
1256 0.781046
1257 -0.408130
1258 0.357602
1259 0.090838
1260 0.137941
1261 0.317792
1262 0.127591
1263 -0.827546
1264 0.672703
1265 -0.731159
1266 -0.326344
1267 -0.702402
1268 0.139728
1269 -0.763665
1270 -0.103717
1271 -0.591908
1272 -0.259819
1273 -0.781570
1274 -0.919864
1275 -0.507519
1276 0.273227
1277 -0.973224
1278 0.323400
1279 -0.584213
1280 0.844546
1281 -0.115596
1282 0.755351
1283 -0.140524
1284 -0.703700
1285 0.533821
1286 -0.581984
1287 -0.075873
1288 -0.349657
1289 0.654880
1290 0.736366
1291 -0.633741
1292 0.804635
1293 0.928549
1294 0.744018
1295 -0.790644
1296 -0.786433
1297 -0.229631
1298 -0.522273
1299 -0.231104
1300 -0.765185
1301 -0.164994
1302 -0.175976
1303 -0.037727
1304 0.188181
1305 -0.987314
1306 0.063893
1307 -0.863200
1308 -0.692550
1309 -0.064448
1310 0.680741
1311 0.457479
1312 0.380496
1313 -0.069219
1314 -0.388967
1315 -0.998607
1316 0.205379
1317 -0.238929
1318 -0.742453
1319 0.719580
1320 -0.209339
1321 0.207269
1322 0.071039
1323 -0.836349
1324 0.764298
1325 0.033348
1326 0.140315
1327 0.763494
1328 0.098031
1329 -0.143385
1330 0.065335
1331 -0.054326
1332 0.235657
1333 -0.960174
1334 0.239957
1335 0.421072
1336 -0.054270
1337 0.023777
1338 0.845250
1339 -0.578551
1340 -0.434574
1341 -0.403926
1342 0.520929
1343 -0.511138
1344 0.498243
1345 -0.170486
1346 -0.023015
1347 -0.088051
1348 -0.643397
1349 -0.622854
1350 -0.148953
1351 -0.745914
1352 0.532942
1353 -0.882530
1354 0.888160
1355 -0.220263
1356 0.351651
1357 -0.325137
1358 -0.651489
1359 0.039098
1360 0.527777
1361 0.168998
1362 -0.547350
1363 -0.691773
1364 0.713580
1365 -0.346958
1366 0.005241
1367 -0.055479
1368 0.136570
1369 0.566433
1370 0.599198
1371 0.799252
1372 0.469373
1373 0.209778
1374 0.694177
1375 0.091898
1376 -0.121032
1377 -0.442842
1378 -0.527644
1379 -0.015411
1380 -0.326168
1381 -0.584178
1382 -0.546659
1383 0.629414
1384 -0.600820
1385 0.440694
1386 -0.247488
1387 -0.644842
1388 -0.044925
1389 0.937586
1390 0.410291
1391 -0.146528
1392 -0.601252
1393 -0.961229
1394 0.485693
1395 0.754574
1396 -0.729270
1397 0.893262
1398 -0.973056
1399 -0.033283
1400 0.019794
1401 0.842438
1402 0.932016
1403 0.844191
1404 -0.062389
1405 0.077858
1406 0.289362
1407 -0.696110
1408 0.382397
1409 -0.633049
1410 0.342602
1411 0.970358
1412 -0.488085
1413 0.484911
1414 -0.819559
1415 -0.193245
1416 0.010789
1417 -0.114862
1418 0.030093
1419 -0.290600
1420 0.582076
1421 0.631613
1422 0.041558
1423 0.990580
1424 0.471804
1425 0.975786
1426 0.423882
1427 -0.241170
1428 -0.109629
1429 -0.036196
1430 -0.943110
1431 -0.677762
1432 -0.429850
1433 0.785910
1434 0.634084
1435 -0.813858
1436 0.515643
1437 -0.793278
1438 0.953365
1439 -0.734422
1440 -0.273616
1441 -0.678960
1442 -0.202824
1443 0.646583
1444 -0.843239
1445 -0.274516
1446 -0.122291
1447 -0.686339
1448 -0.138090
1449 0.391485
1450 -0.476435
1451 -0.892607
1452 0.326992
1453 -0.231907
1454 -0.606549
1455 0.241416
1456 -0.193007
1457 0.562107
1458 -0.282163
1459 -0.083223
1460 -0.156862
1461 0.831082
1462 -0.770427
1463 -0.245290
1464 0.318802
1465 0.443195
1466 0.842967
1467 -0.448749
1468 -0.158946
1469 0.391934
1470 -0.460405
1471 -0.546426
1472 -0.541174
1473 0.427289
1474 -0.114014
1475 0.412689
1476 0.389125
1477 -0.863931
1478 -0.261975
1479 0.110545
1480 0.845346
1481 0.040628
1482 -0.974458
1483 -0.223882
1484 -0.885710
1485 -0.313450
1486 0.797279
1487 0.974218
1488 0.241122
1489 -0.306129
1490 0.958097
1491 -0.941505
1492 0.077183
1493 -0.950478
1494 -0.372185
1495 -0.877481
1496 -0.199825
1497 0.628150
1498 0.456506
1499 0.237761
1500 -0.591111
1501 0.472024
1502 -0.531376
1503 -0.665307
1504 -0.834224
1505 -0.601387
1506 0.578235
1507 -0.733096
1508 0.460353
1509 0.749591
1510 0.330054
1511 -0.797783
1512 0.442530
1513 -0.396250
1514 0.097670
1515 -0.828798
1516 0.972622
1517 0.138041
1518 0.380852
1519 -0.558835
1520 -0.287561
1521 0.623060
1522 0.177143
1523 0.251805
1524 0.659526
1525 -0.933205
1526 0.984550
1527 0.803342
1528 0.732175
1529 -0.827405
1530 0.795898
1531 0.776589
1532 0.171162
1533 -0.755580
1534 0.903181
1535 -0.332487
1536 0.102049
1537 0.019016
1538 -0.069491
1539 -0.838935
1540 0.032362
1541 -0.887457
1542 0.584127
1543 0.237183
1544 -0.896917
1545 -0.886478
1546 0.893230
1547 -0.006475
1548 -0.526686
1549 0.840820
1550 -0.893805
1551 -0.799428
1552 0.221343
1553 0.600157
1554 -0.593248
1555 -0.520822
1556 -0.204262
1557 -0.683365
1558 0.669514
1559 -0.791419
1560 -0.556143
1561 -0.355649
1562 0.518788
1563 -0.376130
1564 0.759547
1565 -0.899981
1566 0.648069
1567 -0.262280
1568 0.241522
1569 0.060120
1570 0.759315
1571 -0.648946
1572 -0.275128
1573 0.817031
1574 0.579787
1575 0.152243
1576 0.293053
1577 -0.813876
1578 -0.420038
1579 -0.044183
1580 0.077642
1581 0.866790
1582 0.586435
1583 0.324124
1584 -0.421558
1585 0.089497
1586 -0.139429
1587 -0.872063
1588 0.701902
1589 0.219371
1590 -0.071728
1591 0.851946
1592 0.378016
1593 0.760891
1594 0.782348
1595 -0.920874
1596 -0.709345
1597 0.559485
1598 0.742974
1599 0.656537
1600 0.994565
;
