# Optimal value by DCA: 0.001972
data;

param N = 1600;
param capacity := 
1 60
2 66
3 113
4 76
5 129
6 117
7 94
8 61
9 87
10 86
11 91
12 112
13 106
14 97
15 62
16 82
17 113
18 34
19 57
20 114
21 98
22 107
23 70
24 72
25 79
26 89
27 117
28 87
29 57
30 120
31 72
32 30
33 100
34 45
35 103
36 62
37 50
38 81
39 111
40 92
41 100
42 66
43 46
44 82
45 76
46 40
47 79
48 97
49 38
50 129
51 55
52 84
53 94
54 30
55 61
56 124
57 96
58 98
59 31
60 125
61 84
62 55
63 73
64 120
65 65
66 96
67 113
68 109
69 31
70 69
71 101
72 62
73 80
74 96
75 62
76 51
77 64
78 120
79 98
80 97
81 69
82 125
83 100
84 95
85 126
86 71
87 61
88 93
89 115
90 119
91 69
92 66
93 68
94 117
95 60
96 71
97 104
98 79
99 52
100 94
101 63
102 64
103 65
104 48
105 117
106 115
107 105
108 44
109 49
110 68
111 108
112 99
113 108
114 45
115 85
116 126
117 106
118 120
119 89
120 86
121 91
122 45
123 53
124 79
125 126
126 65
127 35
128 87
129 48
130 84
131 34
132 41
133 107
134 60
135 60
136 104
137 81
138 95
139 88
140 118
141 80
142 128
143 65
144 80
145 90
146 49
147 70
148 81
149 62
150 85
151 87
152 93
153 69
154 72
155 94
156 57
157 116
158 86
159 85
160 77
161 101
162 93
163 75
164 59
165 79
166 113
167 90
168 99
169 107
170 94
171 79
172 101
173 76
174 87
175 121
176 117
177 89
178 102
179 96
180 113
181 84
182 129
183 97
184 108
185 96
186 75
187 109
188 97
189 119
190 30
191 95
192 65
193 126
194 99
195 77
196 85
197 73
198 84
199 100
200 74
201 92
202 110
203 116
204 68
205 54
206 121
207 46
208 110
209 100
210 93
211 49
212 125
213 108
214 110
215 86
216 78
217 64
218 115
219 78
220 106
221 102
222 98
223 94
224 100
225 56
226 91
227 122
228 123
229 100
230 71
231 93
232 107
233 94
234 102
235 86
236 108
237 129
238 69
239 63
240 42
241 59
242 59
243 51
244 79
245 101
246 125
247 96
248 121
249 50
250 84
251 77
252 53
253 114
254 72
255 38
256 125
257 91
258 46
259 62
260 84
261 82
262 129
263 53
264 105
265 79
266 92
267 101
268 111
269 35
270 89
271 88
272 46
273 67
274 93
275 57
276 129
277 54
278 61
279 84
280 107
281 90
282 88
283 109
284 94
285 78
286 68
287 48
288 54
289 80
290 104
291 112
292 129
293 62
294 111
295 86
296 95
297 46
298 91
299 77
300 78
301 85
302 71
303 86
304 101
305 51
306 95
307 117
308 77
309 75
310 72
311 73
312 41
313 108
314 60
315 114
316 112
317 77
318 78
319 101
320 85
321 119
322 70
323 85
324 108
325 34
326 109
327 95
328 76
329 76
330 43
331 79
332 52
333 118
334 103
335 89
336 122
337 94
338 97
339 81
340 99
341 76
342 59
343 76
344 120
345 104
346 66
347 126
348 46
349 53
350 64
351 97
352 42
353 95
354 62
355 37
356 100
357 125
358 95
359 49
360 49
361 98
362 63
363 71
364 94
365 93
366 102
367 113
368 119
369 81
370 128
371 83
372 91
373 87
374 125
375 90
376 70
377 92
378 75
379 98
380 47
381 74
382 56
383 129
384 112
385 65
386 52
387 62
388 73
389 67
390 63
391 90
392 66
393 67
394 79
395 70
396 51
397 77
398 114
399 77
400 43
401 86
402 60
403 38
404 93
405 97
406 98
407 72
408 91
409 106
410 88
411 85
412 111
413 66
414 95
415 112
416 91
417 85
418 102
419 66
420 38
421 92
422 55
423 75
424 106
425 128
426 72
427 98
428 85
429 112
430 71
431 46
432 118
433 108
434 103
435 129
436 124
437 83
438 37
439 90
440 94
441 90
442 73
443 37
444 100
445 78
446 125
447 38
448 118
449 64
450 111
451 114
452 62
453 110
454 33
455 73
456 58
457 110
458 116
459 78
460 94
461 86
462 57
463 66
464 87
465 50
466 99
467 98
468 125
469 83
470 36
471 92
472 39
473 125
474 120
475 65
476 96
477 95
478 119
479 80
480 124
481 90
482 98
483 106
484 121
485 90
486 89
487 129
488 73
489 118
490 121
491 114
492 54
493 105
494 96
495 110
496 50
497 115
498 102
499 87
500 102
501 97
502 92
503 89
504 82
505 68
506 71
507 83
508 78
509 120
510 124
511 85
512 64
513 67
514 107
515 110
516 68
517 56
518 100
519 118
520 81
521 121
522 70
523 90
524 96
525 80
526 47
527 95
528 106
529 68
530 121
531 91
532 63
533 52
534 79
535 90
536 113
537 66
538 113
539 83
540 90
541 93
542 100
543 99
544 75
545 50
546 122
547 86
548 109
549 78
550 67
551 90
552 113
553 93
554 65
555 59
556 59
557 112
558 116
559 50
560 90
561 127
562 41
563 73
564 66
565 87
566 110
567 83
568 92
569 87
570 67
571 81
572 54
573 95
574 60
575 66
576 56
577 63
578 94
579 72
580 99
581 58
582 91
583 93
584 96
585 60
586 98
587 86
588 109
589 90
590 83
591 75
592 120
593 56
594 63
595 122
596 125
597 64
598 77
599 128
600 98
601 102
602 71
603 56
604 85
605 51
606 110
607 106
608 127
609 80
610 118
611 72
612 37
613 127
614 127
615 120
616 82
617 93
618 107
619 76
620 101
621 94
622 43
623 99
624 33
625 53
626 86
627 115
628 125
629 78
630 45
631 45
632 64
633 76
634 129
635 110
636 66
637 52
638 93
639 117
640 51
641 35
642 126
643 85
644 83
645 48
646 102
647 117
648 99
649 128
650 100
651 86
652 107
653 81
654 44
655 104
656 126
657 55
658 62
659 51
660 87
661 128
662 100
663 104
664 117
665 74
666 128
667 124
668 95
669 52
670 127
671 89
672 97
673 86
674 129
675 107
676 122
677 121
678 78
679 66
680 58
681 72
682 105
683 97
684 121
685 97
686 35
687 50
688 99
689 57
690 95
691 124
692 54
693 66
694 96
695 122
696 123
697 33
698 104
699 115
700 119
701 88
702 52
703 112
704 51
705 102
706 55
707 101
708 69
709 59
710 78
711 53
712 84
713 88
714 110
715 81
716 101
717 42
718 90
719 46
720 92
721 66
722 96
723 111
724 75
725 38
726 32
727 90
728 123
729 91
730 68
731 125
732 129
733 94
734 34
735 55
736 94
737 52
738 33
739 108
740 58
741 69
742 95
743 95
744 96
745 88
746 62
747 85
748 104
749 75
750 76
751 69
752 128
753 62
754 31
755 63
756 77
757 73
758 54
759 79
760 79
761 83
762 113
763 97
764 86
765 72
766 86
767 67
768 105
769 100
770 64
771 125
772 128
773 59
774 129
775 102
776 78
777 76
778 108
779 119
780 65
781 82
782 65
783 128
784 55
785 116
786 65
787 98
788 71
789 75
790 95
791 99
792 108
793 129
794 65
795 83
796 99
797 121
798 125
799 113
800 121
801 92
802 97
803 97
804 117
805 59
806 126
807 88
808 55
809 70
810 91
811 75
812 72
813 92
814 94
815 64
816 84
817 53
818 76
819 89
820 99
821 111
822 66
823 106
824 128
825 124
826 55
827 117
828 103
829 110
830 54
831 84
832 112
833 71
834 102
835 126
836 80
837 38
838 123
839 97
840 106
841 73
842 113
843 89
844 33
845 75
846 94
847 43
848 39
849 82
850 104
851 68
852 111
853 106
854 89
855 81
856 95
857 32
858 96
859 50
860 118
861 129
862 96
863 54
864 122
865 49
866 75
867 122
868 60
869 68
870 85
871 88
872 72
873 55
874 97
875 101
876 90
877 105
878 87
879 43
880 53
881 105
882 77
883 72
884 51
885 128
886 33
887 96
888 49
889 72
890 97
891 94
892 74
893 83
894 88
895 111
896 114
897 38
898 52
899 83
900 83
901 88
902 86
903 68
904 91
905 36
906 44
907 94
908 126
909 68
910 98
911 47
912 100
913 90
914 127
915 72
916 82
917 87
918 60
919 98
920 46
921 112
922 81
923 45
924 106
925 83
926 53
927 72
928 104
929 98
930 109
931 121
932 90
933 96
934 78
935 120
936 110
937 78
938 108
939 126
940 95
941 102
942 96
943 78
944 43
945 87
946 95
947 110
948 106
949 108
950 61
951 69
952 108
953 63
954 92
955 105
956 90
957 127
958 75
959 127
960 105
961 61
962 107
963 102
964 40
965 98
966 111
967 77
968 108
969 95
970 122
971 91
972 125
973 56
974 117
975 61
976 122
977 90
978 42
979 80
980 126
981 51
982 98
983 85
984 56
985 56
986 97
987 61
988 71
989 109
990 107
991 125
992 68
993 91
994 30
995 87
996 42
997 52
998 97
999 85
1000 35
1001 60
1002 72
1003 116
1004 46
1005 39
1006 82
1007 73
1008 84
1009 50
1010 47
1011 97
1012 74
1013 72
1014 70
1015 59
1016 65
1017 48
1018 61
1019 86
1020 122
1021 94
1022 77
1023 56
1024 123
1025 75
1026 127
1027 100
1028 89
1029 95
1030 56
1031 44
1032 93
1033 86
1034 72
1035 99
1036 49
1037 110
1038 71
1039 72
1040 125
1041 90
1042 94
1043 71
1044 39
1045 32
1046 64
1047 61
1048 52
1049 86
1050 123
1051 95
1052 68
1053 114
1054 76
1055 99
1056 116
1057 116
1058 72
1059 94
1060 95
1061 90
1062 127
1063 100
1064 88
1065 121
1066 81
1067 103
1068 118
1069 71
1070 68
1071 121
1072 30
1073 61
1074 92
1075 84
1076 99
1077 78
1078 86
1079 78
1080 122
1081 69
1082 105
1083 61
1084 36
1085 39
1086 100
1087 112
1088 87
1089 44
1090 113
1091 120
1092 42
1093 127
1094 74
1095 43
1096 95
1097 82
1098 98
1099 88
1100 77
1101 72
1102 93
1103 78
1104 112
1105 94
1106 113
1107 41
1108 70
1109 40
1110 53
1111 121
1112 101
1113 44
1114 57
1115 82
1116 95
1117 67
1118 87
1119 79
1120 46
1121 92
1122 94
1123 79
1124 114
1125 71
1126 61
1127 91
1128 70
1129 69
1130 45
1131 73
1132 113
1133 31
1134 64
1135 47
1136 69
1137 38
1138 59
1139 128
1140 43
1141 119
1142 66
1143 114
1144 89
1145 47
1146 96
1147 89
1148 88
1149 114
1150 60
1151 45
1152 36
1153 85
1154 102
1155 77
1156 43
1157 89
1158 83
1159 94
1160 90
1161 96
1162 51
1163 54
1164 85
1165 60
1166 117
1167 50
1168 96
1169 122
1170 56
1171 90
1172 123
1173 97
1174 71
1175 78
1176 102
1177 98
1178 93
1179 126
1180 69
1181 107
1182 70
1183 88
1184 95
1185 42
1186 58
1187 120
1188 44
1189 70
1190 96
1191 98
1192 84
1193 106
1194 122
1195 84
1196 101
1197 123
1198 52
1199 68
1200 76
1201 85
1202 39
1203 40
1204 73
1205 125
1206 69
1207 63
1208 87
1209 81
1210 89
1211 82
1212 96
1213 78
1214 91
1215 91
1216 46
1217 45
1218 69
1219 103
1220 81
1221 50
1222 94
1223 99
1224 124
1225 84
1226 109
1227 127
1228 66
1229 91
1230 58
1231 112
1232 102
1233 94
1234 68
1235 127
1236 69
1237 124
1238 57
1239 73
1240 89
1241 105
1242 70
1243 108
1244 65
1245 121
1246 64
1247 122
1248 128
1249 114
1250 58
1251 100
1252 108
1253 71
1254 127
1255 122
1256 127
1257 129
1258 122
1259 78
1260 93
1261 124
1262 52
1263 86
1264 78
1265 85
1266 95
1267 122
1268 61
1269 63
1270 94
1271 75
1272 78
1273 69
1274 97
1275 53
1276 57
1277 57
1278 50
1279 68
1280 114
1281 117
1282 129
1283 55
1284 101
1285 92
1286 75
1287 111
1288 84
1289 33
1290 33
1291 65
1292 102
1293 55
1294 114
1295 83
1296 74
1297 98
1298 99
1299 113
1300 72
1301 57
1302 122
1303 74
1304 61
1305 79
1306 126
1307 71
1308 94
1309 47
1310 114
1311 117
1312 63
1313 55
1314 42
1315 79
1316 107
1317 73
1318 73
1319 117
1320 105
1321 124
1322 105
1323 93
1324 93
1325 93
1326 79
1327 111
1328 99
1329 115
1330 82
1331 96
1332 98
1333 35
1334 42
1335 63
1336 84
1337 81
1338 32
1339 89
1340 57
1341 123
1342 74
1343 126
1344 117
1345 53
1346 79
1347 106
1348 86
1349 110
1350 83
1351 96
1352 118
1353 76
1354 84
1355 115
1356 58
1357 79
1358 62
1359 99
1360 72
1361 74
1362 99
1363 60
1364 42
1365 33
1366 120
1367 78
1368 36
1369 106
1370 52
1371 110
1372 52
1373 70
1374 79
1375 103
1376 44
1377 50
1378 89
1379 58
1380 123
1381 83
1382 84
1383 89
1384 115
1385 81
1386 81
1387 67
1388 75
1389 39
1390 117
1391 41
1392 68
1393 80
1394 103
1395 82
1396 110
1397 82
1398 47
1399 92
1400 91
1401 41
1402 68
1403 96
1404 118
1405 117
1406 77
1407 87
1408 77
1409 91
1410 87
1411 55
1412 75
1413 118
1414 115
1415 123
1416 86
1417 102
1418 31
1419 129
1420 43
1421 114
1422 88
1423 108
1424 112
1425 51
1426 72
1427 120
1428 81
1429 99
1430 87
1431 106
1432 49
1433 84
1434 65
1435 125
1436 54
1437 126
1438 99
1439 96
1440 56
1441 115
1442 103
1443 62
1444 112
1445 122
1446 118
1447 94
1448 60
1449 61
1450 112
1451 83
1452 36
1453 79
1454 129
1455 117
1456 99
1457 95
1458 76
1459 96
1460 66
1461 79
1462 52
1463 92
1464 123
1465 49
1466 56
1467 117
1468 85
1469 86
1470 47
1471 70
1472 66
1473 49
1474 73
1475 118
1476 55
1477 82
1478 41
1479 63
1480 53
1481 69
1482 94
1483 44
1484 44
1485 42
1486 58
1487 121
1488 83
1489 104
1490 68
1491 95
1492 60
1493 97
1494 60
1495 108
1496 102
1497 99
1498 77
1499 128
1500 92
1501 98
1502 59
1503 103
1504 81
1505 95
1506 60
1507 122
1508 114
1509 121
1510 85
1511 86
1512 100
1513 112
1514 109
1515 55
1516 84
1517 83
1518 44
1519 98
1520 117
1521 45
1522 64
1523 49
1524 129
1525 73
1526 90
1527 46
1528 43
1529 88
1530 123
1531 126
1532 87
1533 74
1534 68
1535 75
1536 102
1537 125
1538 93
1539 33
1540 65
1541 55
1542 112
1543 90
1544 100
1545 92
1546 120
1547 78
1548 79
1549 37
1550 99
1551 66
1552 74
1553 80
1554 50
1555 31
1556 103
1557 109
1558 33
1559 64
1560 99
1561 75
1562 79
1563 78
1564 114
1565 119
1566 123
1567 122
1568 98
1569 95
1570 76
1571 102
1572 86
1573 121
1574 45
1575 97
1576 75
1577 128
1578 34
1579 82
1580 115
1581 96
1582 63
1583 70
1584 87
1585 52
1586 87
1587 63
1588 94
1589 107
1590 128
1591 49
1592 116
1593 69
1594 71
1595 75
1596 90
1597 128
1598 78
1599 32
1600 76
;
param nested_lowerbound := 
1 40
2 55
3 92
4 161
5 203
6 254
7 317
8 368
9 401
10 480
11 481
12 498
13 535
14 595
15 646
16 688
17 787
18 803
19 813
20 852
21 924
22 981
23 1015
24 1035
25 1084
26 1096
27 1107
28 1112
29 1142
30 1184
31 1218
32 1221
33 1260
34 1268
35 1359
36 1379
37 1386
38 1451
39 1452
40 1528
41 1570
42 1625
43 1630
44 1662
45 1732
46 1748
47 1784
48 1876
49 1879
50 1968
51 1980
52 1991
53 2057
54 2082
55 2085
56 2107
57 2133
58 2195
59 2198
60 2231
61 2277
62 2318
63 2319
64 2342
65 2387
66 2430
67 2476
68 2499
69 2513
70 2513
71 2578
72 2583
73 2649
74 2735
75 2737
76 2781
77 2842
78 2874
79 2947
80 2952
81 3020
82 3100
83 3117
84 3196
85 3237
86 3287
87 3296
88 3377
89 3467
90 3526
91 3576
92 3624
93 3626
94 3686
95 3709
96 3756
97 3826
98 3874
99 3887
100 3972
101 4028
102 4052
103 4091
104 4100
105 4122
106 4225
107 4236
108 4244
109 4245
110 4282
111 4356
112 4413
113 4420
114 4443
115 4467
116 4484
117 4565
118 4587
119 4620
120 4686
121 4774
122 4796
123 4821
124 4835
125 4949
126 4954
127 4981
128 4993
129 5008
130 5042
131 5066
132 5081
133 5155
134 5199
135 5255
136 5332
137 5381
138 5411
139 5434
140 5445
141 5446
142 5554
143 5591
144 5623
145 5689
146 5705
147 5717
148 5733
149 5778
150 5785
151 5871
152 5896
153 5904
154 5936
155 6024
156 6034
157 6121
158 6148
159 6180
160 6193
161 6242
162 6322
163 6395
164 6445
165 6493
166 6501
167 6577
168 6631
169 6689
170 6765
171 6773
172 6867
173 6918
174 6964
175 6977
176 7000
177 7041
178 7114
179 7200
180 7230
181 7280
182 7376
183 7470
184 7522
185 7534
186 7598
187 7631
188 7712
189 7815
190 7832
191 7926
192 7970
193 8024
194 8105
195 8126
196 8169
197 8187
198 8204
199 8292
200 8325
201 8354
202 8401
203 8409
204 8440
205 8463
206 8523
207 8554
208 8559
209 8652
210 8692
211 8701
212 8745
213 8819
214 8889
215 8905
216 8972
217 9012
218 9080
219 9154
220 9204
221 9247
222 9331
223 9386
224 9446
225 9473
226 9474
227 9521
228 9562
229 9594
230 9628
231 9630
232 9712
233 9805
234 9848
235 9866
236 9915
237 9975
238 9982
239 10003
240 10032
241 10078
242 10135
243 10159
244 10204
245 10212
246 10233
247 10235
248 10281
249 10307
250 10386
251 10400
252 10401
253 10439
254 10460
255 10490
256 10498
257 10541
258 10566
259 10572
260 10636
261 10664
262 10714
263 10731
264 10786
265 10845
266 10909
267 10930
268 10974
269 10998
270 11075
271 11102
272 11117
273 11151
274 11201
275 11249
276 11307
277 11328
278 11350
279 11414
280 11500
281 11522
282 11582
283 11585
284 11665
285 11724
286 11755
287 11796
288 11844
289 11910
290 12010
291 12060
292 12123
293 12159
294 12260
295 12316
296 12317
297 12329
298 12417
299 12451
300 12472
301 12555
302 12561
303 12573
304 12651
305 12675
306 12757
307 12850
308 12852
309 12889
310 12956
311 12975
312 13010
313 13044
314 13050
315 13124
316 13226
317 13238
318 13310
319 13345
320 13392
321 13402
322 13435
323 13513
324 13604
325 13623
326 13675
327 13740
328 13769
329 13795
330 13832
331 13836
332 13850
333 13949
334 13986
335 14009
336 14082
337 14142
338 14197
339 14224
340 14317
341 14320
342 14340
343 14369
344 14469
345 14474
346 14487
347 14519
348 14529
349 14579
350 14599
351 14649
352 14672
353 14697
354 14706
355 14732
356 14756
357 14810
358 14838
359 14849
360 14882
361 14939
362 14978
363 14988
364 15039
365 15091
366 15182
367 15190
368 15198
369 15237
370 15277
371 15324
372 15388
373 15459
374 15574
375 15628
376 15634
377 15647
378 15693
379 15740
380 15761
381 15777
382 15782
383 15789
384 15878
385 15922
386 15942
387 15977
388 16020
389 16065
390 16085
391 16148
392 16178
393 16192
394 16225
395 16265
396 16295
397 16302
398 16303
399 16361
400 16387
401 16448
402 16467
403 16493
404 16583
405 16664
406 16674
407 16743
408 16787
409 16845
410 16853
411 16873
412 16898
413 16948
414 16952
415 17052
416 17058
417 17134
418 17163
419 17221
420 17245
421 17316
422 17337
423 17399
424 17432
425 17535
426 17587
427 17587
428 17640
429 17749
430 17786
431 17796
432 17817
433 17838
434 17907
435 18017
436 18017
437 18026
438 18061
439 18148
440 18224
441 18256
442 18324
443 18347
444 18418
445 18484
446 18557
447 18564
448 18608
449 18647
450 18657
451 18691
452 18721
453 18752
454 18777
455 18825
456 18839
457 18871
458 18954
459 19009
460 19012
461 19030
462 19038
463 19040
464 19102
465 19148
466 19231
467 19239
468 19246
469 19299
470 19318
471 19361
472 19365
473 19462
474 19503
475 19556
476 19641
477 19660
478 19694
479 19702
480 19752
481 19803
482 19856
483 19953
484 20068
485 20124
486 20199
487 20211
488 20228
489 20298
490 20385
491 20446
492 20487
493 20507
494 20589
495 20620
496 20644
497 20747
498 20846
499 20862
500 20944
501 20973
502 20996
503 21048
504 21061
505 21126
506 21186
507 21190
508 21267
509 21372
510 21398
511 21472
512 21528
513 21561
514 21594
515 21594
516 21656
517 21660
518 21733
519 21816
520 21873
521 21944
522 21986
523 22055
524 22122
525 22174
526 22191
527 22240
528 22298
529 22298
530 22343
531 22401
532 22448
533 22485
534 22517
535 22572
536 22669
537 22733
538 22813
539 22847
540 22931
541 22950
542 22980
543 23038
544 23039
545 23087
546 23135
547 23221
548 23307
549 23354
550 23387
551 23452
552 23550
553 23642
554 23649
555 23654
556 23660
557 23712
558 23771
559 23803
560 23811
561 23936
562 23971
563 24010
564 24048
565 24065
566 24118
567 24151
568 24169
569 24255
570 24296
571 24301
572 24328
573 24366
574 24408
575 24466
576 24485
577 24501
578 24554
579 24593
580 24689
581 24714
582 24775
583 24799
584 24879
585 24903
586 24931
587 24965
588 25070
589 25096
590 25175
591 25245
592 25284
593 25327
594 25375
595 25463
596 25541
597 25583
598 25626
599 25710
600 25765
601 25849
602 25890
603 25907
604 25937
605 25938
606 26037
607 26119
608 26176
609 26248
610 26285
611 26335
612 26341
613 26444
614 26453
615 26475
616 26534
617 26591
618 26618
619 26679
620 26720
621 26769
622 26800
623 26886
624 26912
625 26930
626 26934
627 26979
628 27074
629 27088
630 27125
631 27134
632 27167
633 27177
634 27259
635 27313
636 27320
637 27347
638 27348
639 27366
640 27415
641 27442
642 27467
643 27492
644 27524
645 27542
646 27638
647 27638
648 27654
649 27715
650 27739
651 27763
652 27828
653 27842
654 27886
655 27937
656 28048
657 28064
658 28111
659 28113
660 28131
661 28182
662 28213
663 28303
664 28341
665 28379
666 28457
667 28481
668 28531
669 28531
670 28566
671 28603
672 28689
673 28760
674 28868
675 28880
676 28959
677 28980
678 28998
679 29052
680 29099
681 29107
682 29143
683 29206
684 29251
685 29327
686 29352
687 29356
688 29452
689 29467
690 29505
691 29588
692 29617
693 29631
694 29716
695 29744
696 29799
697 29821
698 29875
699 29962
700 30006
701 30090
702 30118
703 30176
704 30195
705 30242
706 30255
707 30306
708 30336
709 30366
710 30382
711 30414
712 30443
713 30514
714 30535
715 30540
716 30577
717 30585
718 30660
719 30662
720 30695
721 30738
722 30751
723 30791
724 30813
725 30847
726 30871
727 30941
728 30968
729 31014
730 31032
731 31085
732 31101
733 31115
734 31116
735 31119
736 31150
737 31150
738 31163
739 31217
740 31235
741 31247
742 31259
743 31281
744 31295
745 31312
746 31349
747 31364
748 31443
749 31494
750 31569
751 31637
752 31764
753 31806
754 31821
755 31848
756 31848
757 31862
758 31884
759 31933
760 31968
761 32003
762 32030
763 32082
764 32130
765 32202
766 32282
767 32317
768 32324
769 32394
770 32397
771 32520
772 32600
773 32629
774 32745
775 32822
776 32891
777 32923
778 32944
779 32978
780 33035
781 33058
782 33061
783 33066
784 33066
785 33135
786 33136
787 33197
788 33249
789 33295
790 33320
791 33376
792 33388
793 33429
794 33432
795 33486
796 33534
797 33601
798 33601
799 33643
800 33648
801 33727
802 33745
803 33834
804 33845
805 33877
806 33965
807 34012
808 34027
809 34043
810 34059
811 34096
812 34162
813 34226
814 34310
815 34362
816 34403
817 34450
818 34517
819 34548
820 34625
821 34671
822 34700
823 34729
824 34730
825 34837
826 34840
827 34925
828 34959
829 35045
830 35064
831 35085
832 35125
833 35132
834 35220
835 35268
836 35311
837 35325
838 35405
839 35439
840 35504
841 35519
842 35614
843 35694
844 35710
845 35758
846 35851
847 35882
848 35885
849 35911
850 35977
851 36025
852 36066
853 36157
854 36184
855 36218
856 36259
857 36277
858 36295
859 36307
860 36408
861 36493
862 36494
863 36499
864 36566
865 36587
866 36645
867 36746
868 36774
869 36774
870 36818
871 36869
872 36910
873 36957
874 36988
875 37060
876 37090
877 37184
878 37193
879 37195
880 37224
881 37246
882 37304
883 37359
884 37372
885 37418
886 37421
887 37509
888 37547
889 37619
890 37663
891 37703
892 37760
893 37788
894 37841
895 37875
896 37897
897 37915
898 37960
899 37975
900 38040
901 38107
902 38133
903 38159
904 38224
905 38253
906 38263
907 38299
908 38309
909 38344
910 38431
911 38436
912 38508
913 38549
914 38598
915 38643
916 38673
917 38727
918 38773
919 38865
920 38877
921 38978
922 39035
923 39049
924 39092
925 39117
926 39118
927 39186
928 39246
929 39295
930 39306
931 39309
932 39348
933 39375
934 39446
935 39545
936 39576
937 39653
938 39684
939 39792
940 39859
941 39958
942 40017
943 40054
944 40087
945 40160
946 40250
947 40315
948 40376
949 40461
950 40485
951 40500
952 40554
953 40578
954 40597
955 40700
956 40734
957 40802
958 40805
959 40908
960 40943
961 40990
962 40995
963 41069
964 41070
965 41145
966 41240
967 41244
968 41323
969 41391
970 41391
971 41448
972 41493
973 41509
974 41599
975 41600
976 41620
977 41625
978 41660
979 41691
980 41715
981 41748
982 41749
983 41759
984 41773
985 41774
986 41811
987 41851
988 41868
989 41939
990 41944
991 42031
992 42038
993 42085
994 42101
995 42156
996 42178
997 42183
998 42267
999 42302
1000 42320
1001 42374
1002 42397
1003 42508
1004 42549
1005 42558
1006 42620
1007 42630
1008 42646
1009 42693
1010 42738
1011 42766
1012 42821
1013 42872
1014 42888
1015 42934
1016 42935
1017 42940
1018 42962
1019 43040
1020 43053
1021 43064
1022 43110
1023 43135
1024 43163
1025 43177
1026 43219
1027 43236
1028 43322
1029 43415
1030 43446
1031 43475
1032 43529
1033 43548
1034 43566
1035 43567
1036 43598
1037 43648
1038 43683
1039 43753
1040 43829
1041 43883
1042 43938
1043 43954
1044 43976
1045 43990
1046 44045
1047 44066
1048 44101
1049 44162
1050 44254
1051 44330
1052 44354
1053 44388
1054 44402
1055 44418
1056 44456
1057 44525
1058 44583
1059 44592
1060 44678
1061 44691
1062 44704
1063 44715
1064 44732
1065 44755
1066 44806
1067 44807
1068 44914
1069 44959
1070 44969
1071 45019
1072 45030
1073 45065
1074 45145
1075 45226
1076 45277
1077 45304
1078 45354
1079 45358
1080 45389
1081 45450
1082 45470
1083 45531
1084 45540
1085 45569
1086 45647
1087 45688
1088 45694
1089 45696
1090 45756
1091 45821
1092 45835
1093 45895
1094 45958
1095 45989
1096 46036
1097 46070
1098 46133
1099 46167
1100 46232
1101 46280
1102 46348
1103 46377
1104 46396
1105 46397
1106 46455
1107 46469
1108 46507
1109 46516
1110 46547
1111 46597
1112 46641
1113 46676
1114 46682
1115 46763
1116 46827
1117 46839
1118 46891
1119 46903
1120 46935
1121 46986
1122 46989
1123 47008
1124 47028
1125 47039
1126 47040
1127 47072
1128 47084
1129 47132
1130 47156
1131 47226
1132 47331
1133 47354
1134 47404
1135 47446
1136 47465
1137 47495
1138 47521
1139 47558
1140 47577
1141 47603
1142 47622
1143 47667
1144 47695
1145 47738
1146 47763
1147 47781
1148 47836
1149 47935
1150 47975
1151 47990
1152 48017
1153 48095
1154 48128
1155 48181
1156 48222
1157 48297
1158 48325
1159 48404
1160 48416
1161 48434
1162 48451
1163 48454
1164 48512
1165 48550
1166 48551
1167 48567
1168 48567
1169 48648
1170 48678
1171 48686
1172 48741
1173 48743
1174 48807
1175 48849
1176 48849
1177 48865
1178 48912
1179 48935
1180 48938
1181 49002
1182 49040
1183 49087
1184 49167
1185 49205
1186 49246
1187 49272
1188 49296
1189 49353
1190 49422
1191 49444
1192 49453
1193 49518
1194 49558
1195 49618
1196 49651
1197 49742
1198 49791
1199 49822
1200 49858
1201 49901
1202 49904
1203 49925
1204 49990
1205 49995
1206 50005
1207 50013
1208 50042
1209 50044
1210 50078
1211 50137
1212 50174
1213 50244
1214 50328
1215 50377
1216 50377
1217 50399
1218 50419
1219 50449
1220 50502
1221 50510
1222 50592
1223 50674
1224 50727
1225 50751
1226 50855
1227 50957
1228 50986
1229 51010
1230 51047
1231 51129
1232 51152
1233 51184
1234 51232
1235 51351
1236 51414
1237 51481
1238 51534
1239 51559
1240 51601
1241 51681
1242 51736
1243 51741
1244 51758
1245 51785
1246 51806
1247 51831
1248 51917
1249 52011
1250 52055
1251 52107
1252 52182
1253 52243
1254 52245
1255 52302
1256 52369
1257 52426
1258 52459
1259 52473
1260 52531
1261 52583
1262 52596
1263 52622
1264 52694
1265 52747
1266 52822
1267 52885
1268 52887
1269 52938
1270 53027
1271 53057
1272 53103
1273 53141
1274 53204
1275 53255
1276 53262
1277 53266
1278 53304
1279 53358
1280 53375
1281 53449
1282 53568
1283 53618
1284 53647
1285 53648
1286 53684
1287 53751
1288 53812
1289 53820
1290 53843
1291 53899
1292 53911
1293 53940
1294 54030
1295 54054
1296 54123
1297 54152
1298 54179
1299 54222
1300 54284
1301 54299
1302 54340
1303 54400
1304 54432
1305 54480
1306 54549
1307 54619
1308 54709
1309 54715
1310 54757
1311 54763
1312 54783
1313 54793
1314 54812
1315 54888
1316 54991
1317 55062
1318 55092
1319 55147
1320 55231
1321 55355
1322 55427
1323 55444
1324 55492
1325 55512
1326 55564
1327 55662
1328 55670
1329 55782
1330 55801
1331 55871
1332 55947
1333 55973
1334 55989
1335 56010
1336 56049
1337 56082
1338 56095
1339 56143
1340 56192
1341 56253
1342 56255
1343 56304
1344 56341
1345 56367
1346 56409
1347 56504
1348 56573
1349 56625
1350 56658
1351 56684
1352 56767
1353 56794
1354 56818
1355 56927
1356 56948
1357 56992
1358 57018
1359 57066
1360 57081
1361 57093
1362 57151
1363 57154
1364 57175
1365 57190
1366 57207
1367 57236
1368 57254
1369 57336
1370 57342
1371 57352
1372 57392
1373 57444
1374 57453
1375 57456
1376 57462
1377 57489
1378 57530
1379 57572
1380 57589
1381 57660
1382 57669
1383 57695
1384 57716
1385 57747
1386 57819
1387 57857
1388 57921
1389 57929
1390 57979
1391 58016
1392 58078
1393 58102
1394 58176
1395 58192
1396 58287
1397 58316
1398 58321
1399 58404
1400 58442
1401 58446
1402 58462
1403 58491
1404 58497
1405 58516
1406 58521
1407 58535
1408 58563
1409 58591
1410 58625
1411 58651
1412 58662
1413 58678
1414 58682
1415 58692
1416 58728
1417 58808
1418 58836
1419 58865
1420 58887
1421 58952
1422 58986
1423 59043
1424 59056
1425 59058
1426 59069
1427 59145
1428 59174
1429 59182
1430 59259
1431 59346
1432 59360
1433 59393
1434 59432
1435 59456
1436 59468
1437 59576
1438 59586
1439 59597
1440 59637
1441 59650
1442 59739
1443 59758
1444 59824
1445 59850
1446 59853
1447 59911
1448 59955
1449 59957
1450 59984
1451 59991
1452 60016
1453 60017
1454 60037
1455 60083
1456 60166
1457 60194
1458 60208
1459 60260
1460 60315
1461 60342
1462 60382
1463 60473
1464 60482
1465 60512
1466 60513
1467 60548
1468 60594
1469 60674
1470 60714
1471 60747
1472 60803
1473 60830
1474 60874
1475 60959
1476 60978
1477 60981
1478 60983
1479 61010
1480 61024
1481 61058
1482 61080
1483 61095
1484 61117
1485 61157
1486 61174
1487 61228
1488 61287
1489 61336
1490 61376
1491 61467
1492 61479
1493 61563
1494 61593
1495 61638
1496 61679
1497 61742
1498 61812
1499 61917
1500 61984
1501 62047
1502 62105
1503 62134
1504 62206
1505 62286
1506 62291
1507 62364
1508 62388
1509 62477
1510 62542
1511 62610
1512 62657
1513 62732
1514 62739
1515 62766
1516 62785
1517 62866
1518 62900
1519 62962
1520 63051
1521 63077
1522 63090
1523 63138
1524 63140
1525 63190
1526 63271
1527 63290
1528 63295
1529 63344
1530 63457
1531 63557
1532 63609
1533 63649
1534 63711
1535 63725
1536 63738
1537 63845
1538 63863
1539 63880
1540 63909
1541 63951
1542 63980
1543 64058
1544 64156
1545 64180
1546 64244
1547 64276
1548 64281
1549 64287
1550 64345
1551 64349
1552 64423
1553 64457
1554 64490
1555 64518
1556 64535
1557 64563
1558 64578
1559 64626
1560 64723
1561 64781
1562 64832
1563 64850
1564 64928
1565 65004
1566 65058
1567 65127
1568 65195
1569 65227
1570 65300
1571 65377
1572 65418
1573 65432
1574 65460
1575 65542
1576 65552
1577 65598
1578 65623
1579 65665
1580 65760
1581 65855
1582 65886
1583 65899
1584 65906
1585 65944
1586 66030
1587 66051
1588 66100
1589 66166
1590 66169
1591 66211
1592 66250
1593 66258
1594 66279
1595 66299
1596 66383
1597 66458
1598 66487
1599 66510
1600 70029
;
param nested_upperbound := 
1 45
2 77
3 130
4 175
5 227
6 282
7 350
8 375
9 455
10 531
11 575
12 620
13 627
14 688
15 716
16 775
17 876
18 905
19 926
20 1023
21 1058
22 1113
23 1175
24 1200
25 1203
26 1264
27 1316
28 1347
29 1401
30 1427
31 1474
32 1476
33 1542
34 1570
35 1575
36 1613
37 1651
38 1671
39 1725
40 1748
41 1816
42 1855
43 1859
44 1941
45 1971
46 1979
47 2034
48 2121
49 2152
50 2189
51 2201
52 2278
53 2325
54 2331
55 2360
56 2459
57 2473
58 2507
59 2510
60 2583
61 2592
62 2606
63 2661
64 2726
65 2774
66 2841
67 2857
68 2941
69 2950
70 2968
71 3044
72 3083
73 3155
74 3228
75 3278
76 3327
77 3358
78 3373
79 3382
80 3422
81 3432
82 3441
83 3447
84 3505
85 3625
86 3651
87 3696
88 3703
89 3712
90 3787
91 3810
92 3854
93 3878
94 3986
95 4006
96 4041
97 4142
98 4192
99 4240
100 4258
101 4278
102 4304
103 4332
104 4342
105 4345
106 4351
107 4418
108 4435
109 4475
110 4519
111 4526
112 4533
113 4601
114 4623
115 4633
116 4701
117 4806
118 4864
119 4899
120 4921
121 4928
122 4969
123 4975
124 5020
125 5073
126 5076
127 5094
128 5158
129 5176
130 5241
131 5263
132 5275
133 5276
134 5294
135 5311
136 5340
137 5387
138 5450
139 5468
140 5515
141 5548
142 5645
143 5686
144 5730
145 5737
146 5739
147 5773
148 5790
149 5840
150 5916
151 5957
152 6016
153 6041
154 6077
155 6119
156 6175
157 6228
158 6271
159 6303
160 6353
161 6356
162 6438
163 6512
164 6515
165 6554
166 6626
167 6704
168 6788
169 6794
170 6807
171 6856
172 6923
173 6961
174 7027
175 7055
176 7154
177 7175
178 7266
179 7358
180 7415
181 7445
182 7487
183 7506
184 7527
185 7537
186 7603
187 7707
188 7789
189 7890
190 7899
191 7927
192 7986
193 8073
194 8138
195 8186
196 8233
197 8278
198 8338
199 8371
200 8423
201 8489
202 8500
203 8541
204 8591
205 8625
206 8692
207 8726
208 8795
209 8864
210 8891
211 8939
212 8942
213 8980
214 9004
215 9083
216 9158
217 9174
218 9205
219 9230
220 9301
221 9328
222 9363
223 9416
224 9496
225 9500
226 9560
227 9568
228 9587
229 9649
230 9704
231 9741
232 9753
233 9818
234 9873
235 9922
236 9966
237 10065
238 10117
239 10144
240 10149
241 10161
242 10168
243 10193
244 10267
245 10293
246 10299
247 10355
248 10459
249 10468
250 10515
251 10564
252 10574
253 10653
254 10681
255 10714
256 10738
257 10795
258 10838
259 10848
260 10917
261 10974
262 11013
263 11063
264 11125
265 11175
266 11212
267 11234
268 11258
269 11267
270 11281
271 11315
272 11330
273 11389
274 11475
275 11490
276 11559
277 11600
278 11647
279 11671
280 11738
281 11772
282 11800
283 11876
284 11932
285 11943
286 11966
287 11986
288 12040
289 12068
290 12074
291 12178
292 12232
293 12294
294 12395
295 12403
296 12450
297 12470
298 12520
299 12589
300 12638
301 12703
302 12772
303 12830
304 12836
305 12845
306 12862
307 12867
308 12899
309 12974
310 13019
311 13080
312 13104
313 13113
314 13159
315 13224
316 13280
317 13325
318 13402
319 13439
320 13472
321 13521
322 13585
323 13614
324 13667
325 13674
326 13714
327 13752
328 13785
329 13837
330 13865
331 13942
332 13960
333 14034
334 14099
335 14157
336 14239
337 14263
338 14359
339 14408
340 14433
341 14449
342 14469
343 14487
344 14509
345 14560
346 14611
347 14715
348 14736
349 14756
350 14758
351 14796
352 14814
353 14899
354 14933
355 14943
356 15019
357 15037
358 15073
359 15103
360 15118
361 15214
362 15252
363 15282
364 15353
365 15424
366 15451
367 15461
368 15495
369 15512
370 15638
371 15650
372 15716
373 15747
374 15864
375 15887
376 15919
377 15951
378 16017
379 16034
380 16058
381 16099
382 16115
383 16133
384 16207
385 16270
386 16312
387 16345
388 16405
389 16429
390 16465
391 16488
392 16534
393 16553
394 16569
395 16573
396 16597
397 16662
398 16719
399 16741
400 16758
401 16780
402 16834
403 16851
404 16878
405 16887
406 16949
407 16981
408 17048
409 17060
410 17138
411 17198
412 17294
413 17358
414 17386
415 17426
416 17511
417 17513
418 17613
419 17622
420 17654
421 17678
422 17709
423 17774
424 17831
425 17850
426 17918
427 17968
428 17977
429 18032
430 18032
431 18043
432 18106
433 18213
434 18242
435 18367
436 18454
437 18463
438 18476
439 18506
440 18536
441 18542
442 18584
443 18585
444 18626
445 18667
446 18669
447 18673
448 18777
449 18829
450 18887
451 18928
452 18934
453 18967
454 18981
455 18996
456 19036
457 19127
458 19192
459 19241
460 19322
461 19351
462 19362
463 19418
464 19495
465 19516
466 19526
467 19537
468 19633
469 19646
470 19662
471 19720
472 19724
473 19787
474 19823
475 19851
476 19905
477 19920
478 19981
479 20050
480 20134
481 20194
482 20253
483 20354
484 20454
485 20462
486 20542
487 20636
488 20671
489 20753
490 20841
491 20891
492 20901
493 20930
494 21018
495 21124
496 21174
497 21198
498 21244
499 21268
500 21365
501 21392
502 21420
503 21451
504 21468
505 21528
506 21581
507 21662
508 21721
509 21750
510 21815
511 21874
512 21916
513 21957
514 22051
515 22080
516 22127
517 22161
518 22179
519 22272
520 22294
521 22333
522 22385
523 22419
524 22465
525 22512
526 22559
527 22624
528 22669
529 22722
530 22740
531 22747
532 22751
533 22799
534 22878
535 22966
536 23045
537 23108
538 23161
539 23226
540 23244
541 23293
542 23312
543 23357
544 23432
545 23457
546 23463
547 23500
548 23556
549 23584
550 23615
551 23684
552 23709
553 23775
554 23783
555 23809
556 23850
557 23860
558 23863
559 23882
560 23915
561 23976
562 23995
563 24028
564 24087
565 24099
566 24118
567 24194
568 24251
569 24307
570 24330
571 24399
572 24437
573 24498
574 24549
575 24561
576 24609
577 24627
578 24682
579 24707
580 24800
581 24848
582 24903
583 24987
584 25005
585 25019
586 25058
587 25093
588 25101
589 25159
590 25211
591 25269
592 25379
593 25394
594 25407
595 25478
596 25589
597 25632
598 25702
599 25737
600 25812
601 25868
602 25917
603 25919
604 25982
605 26019
606 26114
607 26141
608 26243
609 26284
610 26374
611 26408
612 26409
613 26527
614 26575
615 26627
616 26687
617 26730
618 26767
619 26831
620 26909
621 26932
622 26974
623 27001
624 27027
625 27076
626 27125
627 27169
628 27202
629 27239
630 27273
631 27306
632 27370
633 27430
634 27518
635 27542
636 27570
637 27619
638 27663
639 27670
640 27714
641 27722
642 27771
643 27827
644 27866
645 27889
646 27926
647 28027
648 28088
649 28129
650 28228
651 28277
652 28284
653 28299
654 28306
655 28358
656 28470
657 28502
658 28552
659 28583
660 28610
661 28666
662 28731
663 28787
664 28869
665 28874
666 28946
667 28977
668 29012
669 29047
670 29092
671 29124
672 29141
673 29186
674 29301
675 29400
676 29501
677 29554
678 29611
679 29675
680 29700
681 29767
682 29864
683 29942
684 30030
685 30054
686 30073
687 30115
688 30130
689 30143
690 30145
691 30220
692 30243
693 30285
694 30346
695 30351
696 30407
697 30422
698 30461
699 30506
700 30615
701 30622
702 30627
703 30668
704 30687
705 30775
706 30778
707 30877
708 30891
709 30893
710 30948
711 30985
712 31031
713 31102
714 31182
715 31230
716 31330
717 31370
718 31420
719 31446
720 31514
721 31533
722 31608
723 31614
724 31651
725 31666
726 31677
727 31732
728 31779
729 31806
730 31829
731 31861
732 31926
733 32018
734 32042
735 32074
736 32167
737 32169
738 32184
739 32196
740 32234
741 32276
742 32367
743 32374
744 32438
745 32502
746 32523
747 32592
748 32683
749 32715
750 32737
751 32783
752 32836
753 32862
754 32884
755 32921
756 32928
757 32936
758 32941
759 32952
760 32995
761 33019
762 33042
763 33111
764 33118
765 33178
766 33249
767 33305
768 33396
769 33398
770 33450
771 33462
772 33536
773 33573
774 33575
775 33582
776 33591
777 33640
778 33691
779 33700
780 33739
781 33771
782 33816
783 33936
784 33988
785 34035
786 34088
787 34167
788 34226
789 34243
790 34267
791 34359
792 34398
793 34422
794 34472
795 34537
796 34588
797 34656
798 34705
799 34817
800 34886
801 34973
802 35017
803 35023
804 35047
805 35076
806 35161
807 35208
808 35223
809 35266
810 35271
811 35314
812 35315
813 35404
814 35419
815 35463
816 35511
817 35517
818 35581
819 35594
820 35677
821 35690
822 35731
823 35794
824 35806
825 35901
826 35911
827 35979
828 36081
829 36137
830 36180
831 36188
832 36276
833 36339
834 36413
835 36470
836 36540
837 36560
838 36607
839 36619
840 36622
841 36671
842 36738
843 36740
844 36741
845 36792
846 36866
847 36899
848 36910
849 36942
850 37023
851 37077
852 37085
853 37190
854 37269
855 37272
856 37280
857 37307
858 37345
859 37354
860 37404
861 37444
862 37493
863 37495
864 37586
865 37630
866 37654
867 37768
868 37800
869 37855
870 37912
871 37925
872 37935
873 37978
874 38036
875 38094
876 38173
877 38205
878 38283
879 38303
880 38321
881 38421
882 38435
883 38475
884 38516
885 38619
886 38620
887 38644
888 38660
889 38728
890 38785
891 38834
892 38899
893 38969
894 38993
895 39067
896 39133
897 39166
898 39207
899 39227
900 39237
901 39246
902 39295
903 39332
904 39391
905 39415
906 39458
907 39526
908 39623
909 39675
910 39711
911 39728
912 39792
913 39821
914 39901
915 39963
916 40044
917 40055
918 40100
919 40128
920 40165
921 40222
922 40264
923 40279
924 40378
925 40387
926 40423
927 40464
928 40546
929 40584
930 40677
931 40695
932 40780
933 40859
934 40934
935 41021
936 41052
937 41117
938 41165
939 41187
940 41196
941 41205
942 41211
943 41231
944 41237
945 41295
946 41308
947 41369
948 41439
949 41453
950 41498
951 41510
952 41600
953 41635
954 41724
955 41734
956 41745
957 41760
958 41799
959 41800
960 41865
961 41909
962 42001
963 42036
964 42041
965 42123
966 42129
967 42170
968 42266
969 42298
970 42417
971 42491
972 42600
973 42615
974 42646
975 42654
976 42680
977 42752
978 42773
979 42843
980 42890
981 42912
982 42935
983 43003
984 43037
985 43077
986 43091
987 43139
988 43165
989 43257
990 43270
991 43376
992 43407
993 43470
994 43476
995 43503
996 43505
997 43528
998 43599
999 43609
1000 43637
1001 43686
1002 43695
1003 43758
1004 43767
1005 43776
1006 43779
1007 43847
1008 43859
1009 43859
1010 43894
1011 43928
1012 43971
1013 44041
1014 44070
1015 44117
1016 44149
1017 44151
1018 44157
1019 44242
1020 44278
1021 44284
1022 44353
1023 44377
1024 44411
1025 44451
1026 44536
1027 44569
1028 44618
1029 44647
1030 44703
1031 44739
1032 44767
1033 44792
1034 44828
1035 44853
1036 44886
1037 44955
1038 45001
1039 45047
1040 45098
1041 45187
1042 45241
1043 45287
1044 45290
1045 45291
1046 45337
1047 45366
1048 45391
1049 45397
1050 45406
1051 45465
1052 45515
1053 45557
1054 45602
1055 45653
1056 45768
1057 45870
1058 45936
1059 45960
1060 46024
1061 46046
1062 46090
1063 46107
1064 46188
1065 46211
1066 46222
1067 46293
1068 46373
1069 46435
1070 46503
1071 46507
1072 46513
1073 46560
1074 46625
1075 46673
1076 46705
1077 46708
1078 46736
1079 46792
1080 46862
1081 46898
1082 46900
1083 46957
1084 46961
1085 46998
1086 47081
1087 47097
1088 47176
1089 47204
1090 47296
1091 47360
1092 47391
1093 47423
1094 47440
1095 47468
1096 47562
1097 47571
1098 47661
1099 47693
1100 47767
1101 47836
1102 47927
1103 47978
1104 48070
1105 48126
1106 48157
1107 48195
1108 48262
1109 48281
1110 48308
1111 48421
1112 48443
1113 48461
1114 48510
1115 48548
1116 48618
1117 48655
1118 48693
1119 48740
1120 48744
1121 48822
1122 48909
1123 48909
1124 48912
1125 48936
1126 48960
1127 49030
1128 49095
1129 49154
1130 49198
1131 49233
1132 49331
1133 49344
1134 49405
1135 49438
1136 49506
1137 49537
1138 49555
1139 49602
1140 49608
1141 49714
1142 49720
1143 49820
1144 49882
1145 49918
1146 49922
1147 49993
1148 50029
1149 50079
1150 50129
1151 50141
1152 50171
1153 50228
1154 50311
1155 50383
1156 50423
1157 50465
1158 50491
1159 50567
1160 50629
1161 50655
1162 50662
1163 50704
1164 50782
1165 50791
1166 50799
1167 50800
1168 50829
1169 50936
1170 50940
1171 50977
1172 51094
1173 51157
1174 51218
1175 51266
1176 51318
1177 51387
1178 51462
1179 51537
1180 51583
1181 51607
1182 51646
1183 51694
1184 51784
1185 51794
1186 51826
1187 51922
1188 51946
1189 51980
1190 52040
1191 52120
1192 52138
1193 52154
1194 52180
1195 52226
1196 52233
1197 52288
1198 52326
1199 52381
1200 52438
1201 52446
1202 52465
1203 52476
1204 52537
1205 52660
1206 52719
1207 52747
1208 52817
1209 52836
1210 52899
1211 52936
1212 52962
1213 53024
1214 53067
1215 53141
1216 53155
1217 53183
1218 53185
1219 53213
1220 53216
1221 53262
1222 53308
1223 53361
1224 53454
1225 53468
1226 53528
1227 53585
1228 53596
1229 53670
1230 53671
1231 53754
1232 53849
1233 53911
1234 53951
1235 54052
1236 54121
1237 54219
1238 54272
1239 54326
1240 54400
1241 54415
1242 54482
1243 54573
1244 54609
1245 54637
1246 54663
1247 54688
1248 54711
1249 54779
1250 54806
1251 54814
1252 54921
1253 54924
1254 54925
1255 54954
1256 54992
1257 55095
1258 55137
1259 55170
1260 55211
1261 55319
1262 55319
1263 55385
1264 55431
1265 55475
1266 55554
1267 55596
1268 55642
1269 55681
1270 55691
1271 55758
1272 55776
1273 55779
1274 55860
1275 55909
1276 55959
1277 56000
1278 56018
1279 56064
1280 56136
1281 56220
1282 56315
1283 56367
1284 56453
1285 56513
1286 56563
1287 56637
1288 56643
1289 56648
1290 56650
1291 56694
1292 56770
1293 56787
1294 56817
1295 56899
1296 56972
1297 57001
1298 57059
1299 57139
1300 57144
1301 57174
1302 57283
1303 57301
1304 57335
1305 57342
1306 57357
1307 57401
1308 57402
1309 57421
1310 57426
1311 57518
1312 57578
1313 57586
1314 57619
1315 57657
1316 57696
1317 57698
1318 57748
1319 57861
1320 57943
1321 58065
1322 58158
1323 58203
1324 58212
1325 58283
1326 58300
1327 58376
1328 58402
1329 58419
1330 58461
1331 58465
1332 58544
1333 58578
1334 58613
1335 58672
1336 58722
1337 58725
1338 58740
1339 58768
1340 58800
1341 58847
1342 58862
1343 58946
1344 58950
1345 58980
1346 58982
1347 58994
1348 59072
1349 59163
1350 59203
1351 59254
1352 59274
1353 59311
1354 59318
1355 59333
1356 59335
1357 59394
1358 59427
1359 59435
1360 59504
1361 59558
1362 59652
1363 59696
1364 59705
1365 59731
1366 59828
1367 59897
1368 59928
1369 59933
1370 59979
1371 60080
1372 60100
1373 60137
1374 60143
1375 60237
1376 60274
1377 60275
1378 60353
1379 60406
1380 60527
1381 60528
1382 60529
1383 60614
1384 60654
1385 60679
1386 60712
1387 60769
1388 60773
1389 60792
1390 60866
1391 60880
1392 60899
1393 60902
1394 60938
1395 60965
1396 61004
1397 61010
1398 61032
1399 61087
1400 61171
1401 61199
1402 61265
1403 61336
1404 61442
1405 61497
1406 61556
1407 61598
1408 61654
1409 61743
1410 61827
1411 61859
1412 61899
1413 61987
1414 62014
1415 62131
1416 62148
1417 62185
1418 62201
1419 62296
1420 62336
1421 62442
1422 62524
1423 62572
1424 62641
1425 62661
1426 62711
1427 62762
1428 62799
1429 62897
1430 62957
1431 62974
1432 63015
1433 63076
1434 63111
1435 63153
1436 63187
1437 63241
1438 63309
1439 63367
1440 63419
1441 63429
1442 63494
1443 63518
1444 63568
1445 63597
1446 63657
1447 63676
1448 63724
1449 63773
1450 63819
1451 63867
1452 63875
1453 63922
1454 63970
1455 63984
1456 64069
1457 64098
1458 64161
1459 64218
1460 64242
1461 64307
1462 64353
1463 64363
1464 64433
1465 64441
1466 64490
1467 64546
1468 64590
1469 64605
1470 64647
1471 64697
1472 64755
1473 64763
1474 64792
1475 64902
1476 64949
1477 65013
1478 65051
1479 65072
1480 65117
1481 65178
1482 65252
1483 65288
1484 65317
1485 65337
1486 65383
1487 65467
1488 65542
1489 65577
1490 65643
1491 65670
1492 65724
1493 65802
1494 65831
1495 65869
1496 65907
1497 65908
1498 65922
1499 65926
1500 65961
1501 66049
1502 66084
1503 66113
1504 66174
1505 66177
1506 66192
1507 66217
1508 66290
1509 66353
1510 66429
1511 66490
1512 66494
1513 66596
1514 66648
1515 66674
1516 66713
1517 66789
1518 66804
1519 66811
1520 66922
1521 66928
1522 66928
1523 66963
1524 67006
1525 67079
1526 67111
1527 67112
1528 67122
1529 67149
1530 67150
1531 67258
1532 67284
1533 67294
1534 67325
1535 67388
1536 67458
1537 67527
1538 67539
1539 67552
1540 67601
1541 67626
1542 67660
1543 67706
1544 67752
1545 67763
1546 67861
1547 67861
1548 67931
1549 67955
1550 68038
1551 68075
1552 68076
1553 68086
1554 68088
1555 68112
1556 68184
1557 68214
1558 68218
1559 68251
1560 68272
1561 68343
1562 68393
1563 68452
1564 68561
1565 68644
1566 68658
1567 68750
1568 68783
1569 68819
1570 68842
1571 68930
1572 68992
1573 69027
1574 69032
1575 69080
1576 69084
1577 69153
1578 69157
1579 69176
1580 69232
1581 69282
1582 69299
1583 69361
1584 69380
1585 69417
1586 69470
1587 69532
1588 69559
1589 69580
1590 69664
1591 69673
1592 69783
1593 69826
1594 69860
1595 69882
1596 69901
1597 69967
1598 70003
1599 70010
1600 70029
;
param cost_a := 
1 0.686437
2 0.851250
3 0.390220
4 0.590865
5 0.491862
6 0.466814
7 0.299445
8 0.810065
9 0.165386
10 0.239106
11 0.368685
12 0.941728
13 0.904765
14 0.056278
15 0.722773
16 0.726482
17 0.920583
18 0.556290
19 0.723844
20 0.299135
21 0.077922
22 0.293608
23 0.070749
24 0.503665
25 0.490028
26 0.868902
27 0.768798
28 0.836703
29 0.667452
30 0.484851
31 0.915568
32 0.086660
33 0.940409
34 0.591356
35 0.847213
36 0.545137
37 0.205114
38 0.952401
39 0.507029
40 0.445646
41 0.596594
42 0.604504
43 0.934230
44 0.031697
45 0.461002
46 0.783151
47 0.525695
48 0.372139
49 0.989698
50 0.968778
51 0.197160
52 0.726223
53 0.085380
54 0.747848
55 0.762637
56 0.914166
57 0.457314
58 0.197219
59 0.762043
60 0.771055
61 0.588200
62 0.981498
63 0.596841
64 0.352774
65 0.079487
66 0.303219
67 0.182180
68 0.122197
69 0.964942
70 0.264663
71 0.391376
72 0.872190
73 0.884051
74 0.087827
75 0.354713
76 0.639073
77 0.527333
78 0.995483
79 0.179426
80 0.325992
81 0.504891
82 0.381467
83 0.881372
84 0.190204
85 0.747564
86 0.192295
87 0.261261
88 0.751642
89 0.726756
90 0.204894
91 0.119458
92 0.052162
93 0.174587
94 0.116655
95 0.583260
96 0.535699
97 0.600193
98 0.064261
99 0.419169
100 0.129149
101 0.731089
102 0.356639
103 0.020068
104 0.382087
105 0.060204
106 0.845110
107 0.293361
108 0.770527
109 0.949734
110 0.460248
111 0.930980
112 0.485733
113 0.232225
114 0.020150
115 0.515838
116 0.213659
117 0.957270
118 0.458769
119 0.611659
120 0.563941
121 0.859010
122 0.135662
123 0.394263
124 0.929396
125 0.265093
126 0.869934
127 0.512264
128 0.647835
129 0.532025
130 0.791373
131 0.713777
132 0.397560
133 0.674864
134 0.020714
135 0.343092
136 0.786214
137 0.660934
138 0.578639
139 0.097441
140 0.089762
141 0.857772
142 0.779609
143 0.438831
144 0.064164
145 0.364781
146 0.691787
147 0.779573
148 0.686897
149 0.416029
150 0.038256
151 0.002507
152 0.588783
153 0.718457
154 0.177461
155 0.038074
156 0.808671
157 0.485203
158 0.532213
159 0.100225
160 0.344332
161 0.038046
162 0.036808
163 0.781861
164 0.782483
165 0.185979
166 0.840763
167 0.527801
168 0.069200
169 0.138646
170 0.645352
171 0.039473
172 0.229034
173 0.483937
174 0.655574
175 0.920370
176 0.556977
177 0.748249
178 0.205400
179 0.344954
180 0.491975
181 0.265942
182 0.658058
183 0.726075
184 0.034027
185 0.511296
186 0.195829
187 0.267114
188 0.188969
189 0.691745
190 0.595289
191 0.914917
192 0.515864
193 0.265470
194 0.034083
195 0.578252
196 0.411485
197 0.129384
198 0.394305
199 0.543873
200 0.294705
201 0.525354
202 0.415238
203 0.808436
204 0.350680
205 0.232979
206 0.404639
207 0.549366
208 0.960521
209 0.356513
210 0.042976
211 0.181440
212 0.376721
213 0.971519
214 0.108944
215 0.388191
216 0.607951
217 0.073627
218 0.717305
219 0.178425
220 0.848863
221 0.667227
222 0.891524
223 0.397972
224 0.131401
225 0.446245
226 0.993876
227 0.225461
228 0.183662
229 0.352105
230 0.704644
231 0.998274
232 0.760691
233 0.345767
234 0.879734
235 0.250983
236 0.958641
237 0.001245
238 0.722442
239 0.103429
240 0.239579
241 0.017233
242 0.280360
243 0.109275
244 0.078759
245 0.451511
246 0.322296
247 0.368197
248 0.299520
249 0.409539
250 0.162824
251 0.116074
252 0.283038
253 0.064169
254 0.983491
255 0.137342
256 0.330982
257 0.247643
258 0.649925
259 0.192394
260 0.518672
261 0.440077
262 0.943027
263 0.220218
264 0.404696
265 0.780374
266 0.510125
267 0.362652
268 0.959980
269 0.746013
270 0.698406
271 0.861470
272 0.045143
273 0.387436
274 0.758156
275 0.603203
276 0.699534
277 0.460746
278 0.697257
279 0.528919
280 0.408663
281 0.479194
282 0.331118
283 0.287370
284 0.388820
285 0.599441
286 0.803626
287 0.389760
288 0.768493
289 0.372840
290 0.054926
291 0.723060
292 0.355752
293 0.724983
294 0.380782
295 0.596128
296 0.459107
297 0.078531
298 0.365939
299 0.529073
300 0.976411
301 0.304830
302 0.080391
303 0.751159
304 0.682183
305 0.179099
306 0.502627
307 0.846179
308 0.328332
309 0.221971
310 0.677883
311 0.176619
312 0.826544
313 0.236914
314 0.132114
315 0.629071
316 0.402692
317 0.498601
318 0.543874
319 0.853203
320 0.204433
321 0.411510
322 0.626433
323 0.515287
324 0.402742
325 0.541089
326 0.591475
327 0.154597
328 0.356436
329 0.221548
330 0.453350
331 0.017186
332 0.905821
333 0.464846
334 0.789340
335 0.746393
336 0.327422
337 0.634735
338 0.396592
339 0.033077
340 0.916304
341 0.307679
342 0.580285
343 0.270960
344 0.565839
345 0.919267
346 0.570332
347 0.923596
348 0.086825
349 0.190227
350 0.795339
351 0.689350
352 0.348695
353 0.940403
354 0.442754
355 0.649425
356 0.635113
357 0.732079
358 0.903055
359 0.401348
360 0.884587
361 0.835772
362 0.333573
363 0.716444
364 0.733793
365 0.282154
366 0.683930
367 0.514750
368 0.497113
369 0.252982
370 0.100323
371 0.924404
372 0.400493
373 0.771952
374 0.669785
375 0.884966
376 0.541003
377 0.583151
378 0.978281
379 0.165237
380 0.165594
381 0.250256
382 0.937934
383 0.796043
384 0.953332
385 0.873938
386 0.788850
387 0.767065
388 0.044983
389 0.407889
390 0.100001
391 0.404196
392 0.592138
393 0.355675
394 0.981264
395 0.130027
396 0.595129
397 0.651119
398 0.575219
399 0.314952
400 0.764807
401 0.764182
402 0.222446
403 0.650010
404 0.077852
405 0.532294
406 0.488058
407 0.914984
408 0.598551
409 0.893883
410 0.499864
411 0.176369
412 0.012109
413 0.596319
414 0.780023
415 0.329751
416 0.155337
417 0.064784
418 0.952236
419 0.499743
420 0.640148
421 0.951550
422 0.375472
423 0.128011
424 0.443608
425 0.436939
426 0.892920
427 0.616058
428 0.085374
429 0.123721
430 0.491294
431 0.144328
432 0.729131
433 0.355977
434 0.740837
435 0.762799
436 0.229273
437 0.001468
438 0.430285
439 0.040645
440 0.797326
441 0.163282
442 0.823769
443 0.473659
444 0.584732
445 0.932075
446 0.448077
447 0.478028
448 0.069414
449 0.154445
450 0.268875
451 0.147657
452 0.693100
453 0.276015
454 0.533458
455 0.019674
456 0.724733
457 0.619544
458 0.445272
459 0.878805
460 0.822339
461 0.978884
462 0.191920
463 0.136273
464 0.231558
465 0.148885
466 0.673523
467 0.542438
468 0.993607
469 0.969329
470 0.572299
471 0.934821
472 0.938774
473 0.637760
474 0.166873
475 0.384283
476 0.613604
477 0.441553
478 0.526319
479 0.481974
480 0.630749
481 0.673852
482 0.419081
483 0.608374
484 0.240054
485 0.331002
486 0.440922
487 0.843041
488 0.197738
489 0.240851
490 0.503690
491 0.709899
492 0.257627
493 0.541821
494 0.933189
495 0.207710
496 0.824182
497 0.921892
498 0.999579
499 0.549071
500 0.491686
501 0.734664
502 0.747733
503 0.723594
504 0.347220
505 0.036399
506 0.507638
507 0.412128
508 0.037168
509 0.733478
510 0.446372
511 0.908700
512 0.687787
513 0.393944
514 0.973415
515 0.555541
516 0.829968
517 0.859826
518 0.729954
519 0.763906
520 0.506614
521 0.598690
522 0.280578
523 0.979540
524 0.738151
525 0.753359
526 0.482168
527 0.956549
528 0.487492
529 0.088036
530 0.830025
531 0.427028
532 0.200352
533 0.487026
534 0.875172
535 0.696208
536 0.900137
537 0.339047
538 0.069507
539 0.854010
540 0.688692
541 0.035618
542 0.126907
543 0.173781
544 0.345005
545 0.926255
546 0.188582
547 0.867600
548 0.523571
549 0.406237
550 0.749920
551 0.684956
552 0.832386
553 0.364444
554 0.443770
555 0.877712
556 0.817663
557 0.989285
558 0.381546
559 0.809150
560 0.598144
561 0.919995
562 0.828728
563 0.958537
564 0.576474
565 0.938570
566 0.535296
567 0.265035
568 0.308423
569 0.824396
570 0.054309
571 0.665885
572 0.232791
573 0.639110
574 0.863296
575 0.313727
576 0.555682
577 0.573499
578 0.053334
579 0.306492
580 0.142381
581 0.571252
582 0.769605
583 0.830738
584 0.798392
585 0.246137
586 0.474936
587 0.405392
588 0.818275
589 0.129676
590 0.464285
591 0.417782
592 0.146736
593 0.025668
594 0.883297
595 0.367435
596 0.930977
597 0.205888
598 0.798034
599 0.175535
600 0.646671
601 0.358072
602 0.625650
603 0.579054
604 0.351952
605 0.592804
606 0.467252
607 0.008434
608 0.964677
609 0.430160
610 0.584364
611 0.446376
612 0.767733
613 0.519999
614 0.429365
615 0.582616
616 0.625550
617 0.901519
618 0.277972
619 0.115762
620 0.641981
621 0.878235
622 0.618267
623 0.308088
624 0.205580
625 0.073767
626 0.025985
627 0.872876
628 0.552861
629 0.941848
630 0.299708
631 0.966219
632 0.133446
633 0.930722
634 0.142319
635 0.466379
636 0.183061
637 0.647594
638 0.656487
639 0.853653
640 0.001199
641 0.733073
642 0.372205
643 0.852332
644 0.489800
645 0.738544
646 0.443277
647 0.563735
648 0.537641
649 0.101153
650 0.037405
651 0.105416
652 0.832184
653 0.331631
654 0.800942
655 0.776540
656 0.646476
657 0.769398
658 0.604581
659 0.493047
660 0.083229
661 0.717426
662 0.570185
663 0.678604
664 0.161558
665 0.446095
666 0.641678
667 0.958493
668 0.003917
669 0.450754
670 0.694353
671 0.883445
672 0.221582
673 0.462013
674 0.377132
675 0.509079
676 0.406617
677 0.040732
678 0.551282
679 0.973978
680 0.416570
681 0.141499
682 0.326785
683 0.255578
684 0.885216
685 0.798831
686 0.303979
687 0.037905
688 0.108487
689 0.079649
690 0.703318
691 0.098875
692 0.139304
693 0.653545
694 0.610020
695 0.817180
696 0.578332
697 0.759133
698 0.573068
699 0.310010
700 0.169766
701 0.990279
702 0.279496
703 0.342646
704 0.902060
705 0.190278
706 0.975057
707 0.499681
708 0.873105
709 0.825023
710 0.721342
711 0.174932
712 0.707652
713 0.508001
714 0.467091
715 0.723305
716 0.811863
717 0.870436
718 0.267909
719 0.622703
720 0.215708
721 0.709178
722 0.813763
723 0.717738
724 0.188459
725 0.302909
726 0.717613
727 0.559369
728 0.215886
729 0.964053
730 0.781203
731 0.515736
732 0.299816
733 0.289213
734 0.685497
735 0.709327
736 0.881536
737 0.185279
738 0.253427
739 0.934259
740 0.000094
741 0.581325
742 0.601577
743 0.524842
744 0.574875
745 0.788172
746 0.135124
747 0.682705
748 0.948889
749 0.738022
750 0.446781
751 0.024669
752 0.045045
753 0.825794
754 0.755719
755 0.087180
756 0.672237
757 0.781840
758 0.566349
759 0.215485
760 0.671401
761 0.932438
762 0.739570
763 0.676882
764 0.713767
765 0.349992
766 0.150531
767 0.967251
768 0.654360
769 0.759123
770 0.557126
771 0.128704
772 0.403346
773 0.647832
774 0.222426
775 0.463580
776 0.306181
777 0.834683
778 0.221906
779 0.316143
780 0.020559
781 0.763467
782 0.222803
783 0.598213
784 0.843986
785 0.036048
786 0.848124
787 0.458617
788 0.380376
789 0.152114
790 0.531751
791 0.938695
792 0.337394
793 0.101317
794 0.033827
795 0.617272
796 0.118330
797 0.348777
798 0.517005
799 0.128342
800 0.713100
801 0.869200
802 0.284371
803 0.033387
804 0.202578
805 0.217860
806 0.948785
807 0.847601
808 0.968735
809 0.178444
810 0.941080
811 0.055455
812 0.450162
813 0.298297
814 0.870996
815 0.705884
816 0.998371
817 0.610816
818 0.329947
819 0.651049
820 0.074829
821 0.052796
822 0.268629
823 0.684981
824 0.681998
825 0.511254
826 0.095203
827 0.749554
828 0.543751
829 0.079788
830 0.121214
831 0.005138
832 0.141315
833 0.968769
834 0.932609
835 0.911867
836 0.270488
837 0.596683
838 0.682162
839 0.534904
840 0.314199
841 0.691696
842 0.187308
843 0.073157
844 0.921533
845 0.753014
846 0.073839
847 0.115827
848 0.250173
849 0.960886
850 0.031089
851 0.354776
852 0.363792
853 0.582077
854 0.538224
855 0.423100
856 0.779225
857 0.094435
858 0.183892
859 0.191415
860 0.530338
861 0.649645
862 0.932984
863 0.233255
864 0.456331
865 0.107542
866 0.394418
867 0.269607
868 0.731776
869 0.708368
870 0.312820
871 0.219995
872 0.934009
873 0.501090
874 0.144671
875 0.023657
876 0.190580
877 0.916436
878 0.685919
879 0.649245
880 0.165263
881 0.362542
882 0.293281
883 0.685100
884 0.825726
885 0.429108
886 0.285361
887 0.594546
888 0.089249
889 0.212751
890 0.622457
891 0.131787
892 0.564978
893 0.421698
894 0.945325
895 0.543851
896 0.702012
897 0.282274
898 0.503406
899 0.032681
900 0.712168
901 0.852611
902 0.421933
903 0.518845
904 0.664644
905 0.150779
906 0.145062
907 0.034464
908 0.146805
909 0.525032
910 0.748580
911 0.077862
912 0.851192
913 0.933153
914 0.140980
915 0.986043
916 0.383379
917 0.255841
918 0.965597
919 0.823510
920 0.488673
921 0.445887
922 0.279226
923 0.447061
924 0.767669
925 0.210367
926 0.814077
927 0.286081
928 0.791534
929 0.037343
930 0.830105
931 0.976487
932 0.337439
933 0.711575
934 0.233726
935 0.303855
936 0.242899
937 0.015501
938 0.776590
939 0.947403
940 0.124828
941 0.082258
942 0.754570
943 0.271383
944 0.924955
945 0.856758
946 0.702272
947 0.884058
948 0.927809
949 0.328856
950 0.122365
951 0.876842
952 0.550806
953 0.629405
954 0.301689
955 0.567296
956 0.828035
957 0.725478
958 0.747557
959 0.199562
960 0.100159
961 0.315344
962 0.727877
963 0.404456
964 0.982439
965 0.606721
966 0.817630
967 0.288814
968 0.211165
969 0.963664
970 0.241978
971 0.809822
972 0.465911
973 0.927891
974 0.162689
975 0.594952
976 0.730774
977 0.859649
978 0.879764
979 0.591733
980 0.192411
981 0.401208
982 0.214129
983 0.874009
984 0.075936
985 0.142832
986 0.099898
987 0.592432
988 0.191854
989 0.266597
990 0.646212
991 0.436833
992 0.308010
993 0.557667
994 0.628803
995 0.076765
996 0.770112
997 0.005651
998 0.540425
999 0.863859
1000 0.072696
1001 0.270436
1002 0.966959
1003 0.615805
1004 0.329478
1005 0.557369
1006 0.162440
1007 0.556617
1008 0.807863
1009 0.935963
1010 0.271489
1011 0.461510
1012 0.876937
1013 0.844253
1014 0.691525
1015 0.747061
1016 0.871601
1017 0.447746
1018 0.579866
1019 0.658500
1020 0.497581
1021 0.667366
1022 0.492262
1023 0.835816
1024 0.492839
1025 0.055087
1026 0.589589
1027 0.389047
1028 0.320524
1029 0.278938
1030 0.768396
1031 0.180440
1032 0.696882
1033 0.780825
1034 0.458674
1035 0.297381
1036 0.754645
1037 0.191124
1038 0.688675
1039 0.704790
1040 0.608209
1041 0.323260
1042 0.341801
1043 0.789392
1044 0.021520
1045 0.029490
1046 0.324518
1047 0.950587
1048 0.782865
1049 0.875860
1050 0.626965
1051 0.553831
1052 0.262871
1053 0.489839
1054 0.989353
1055 0.442277
1056 0.472806
1057 0.548350
1058 0.087462
1059 0.801102
1060 0.749882
1061 0.706965
1062 0.819471
1063 0.486278
1064 0.974529
1065 0.322772
1066 0.414073
1067 0.965738
1068 0.971738
1069 0.593918
1070 0.686245
1071 0.775706
1072 0.464340
1073 0.728117
1074 0.842274
1075 0.868653
1076 0.630701
1077 0.960394
1078 0.779544
1079 0.421679
1080 0.972592
1081 0.667111
1082 0.839323
1083 0.585271
1084 0.821101
1085 0.468821
1086 0.452203
1087 0.282286
1088 0.399252
1089 0.078757
1090 0.066067
1091 0.515608
1092 0.919563
1093 0.736759
1094 0.165380
1095 0.710325
1096 0.723126
1097 0.370230
1098 0.078313
1099 0.402431
1100 0.963817
1101 0.144180
1102 0.624646
1103 0.090885
1104 0.807099
1105 0.801708
1106 0.482598
1107 0.293553
1108 0.547445
1109 0.154254
1110 0.446658
1111 0.789890
1112 0.451714
1113 0.257742
1114 0.511223
1115 0.694388
1116 0.507898
1117 0.206201
1118 0.946251
1119 0.384680
1120 0.599467
1121 0.088752
1122 0.231368
1123 0.406832
1124 0.935131
1125 0.488829
1126 0.883796
1127 0.297728
1128 0.842122
1129 0.956254
1130 0.853155
1131 0.800594
1132 0.278203
1133 0.153342
1134 0.262672
1135 0.204594
1136 0.633420
1137 0.865392
1138 0.851484
1139 0.513044
1140 0.577172
1141 0.774008
1142 0.516689
1143 0.837200
1144 0.859514
1145 0.818391
1146 0.866504
1147 0.823685
1148 0.097656
1149 0.115285
1150 0.677304
1151 0.053519
1152 0.669472
1153 0.772508
1154 0.597544
1155 0.199340
1156 0.895366
1157 0.514000
1158 0.360485
1159 0.294786
1160 0.718196
1161 0.836088
1162 0.155363
1163 0.756153
1164 0.087997
1165 0.435173
1166 0.663059
1167 0.801307
1168 0.224100
1169 0.886301
1170 0.587556
1171 0.634485
1172 0.861778
1173 0.010078
1174 0.308382
1175 0.207971
1176 0.493889
1177 0.042176
1178 0.541956
1179 0.532811
1180 0.490064
1181 0.615140
1182 0.631189
1183 0.390556
1184 0.816784
1185 0.676510
1186 0.282888
1187 0.896711
1188 0.891284
1189 0.800251
1190 0.241460
1191 0.683917
1192 0.880535
1193 0.900245
1194 0.525104
1195 0.509033
1196 0.503606
1197 0.125117
1198 0.457134
1199 0.843166
1200 0.111573
1201 0.702921
1202 0.800251
1203 0.477349
1204 0.503655
1205 0.712208
1206 0.845548
1207 0.368913
1208 0.591632
1209 0.182782
1210 0.320721
1211 0.864772
1212 0.646629
1213 0.574923
1214 0.463399
1215 0.067687
1216 0.453195
1217 0.550144
1218 0.555708
1219 0.460242
1220 0.255162
1221 0.029550
1222 0.635119
1223 0.968612
1224 0.906104
1225 0.837601
1226 0.984343
1227 0.434371
1228 0.134268
1229 0.749630
1230 0.359467
1231 0.967441
1232 0.297682
1233 0.500683
1234 0.740721
1235 0.876938
1236 0.439719
1237 0.271298
1238 0.684214
1239 0.819041
1240 0.858699
1241 0.342545
1242 0.115688
1243 0.462140
1244 0.777197
1245 0.008219
1246 0.638741
1247 0.349423
1248 0.037543
1249 0.446282
1250 0.130222
1251 0.737667
1252 0.059559
1253 0.084688
1254 0.564404
1255 0.008400
1256 0.574921
1257 0.048474
1258 0.645245
1259 0.783728
1260 0.899569
1261 0.545510
1262 0.932515
1263 0.133992
1264 0.721453
1265 0.537548
1266 0.722725
1267 0.238093
1268 0.565432
1269 0.751240
1270 0.989772
1271 0.549638
1272 0.250488
1273 0.010537
1274 0.202897
1275 0.933265
1276 0.776480
1277 0.017378
1278 0.820984
1279 0.365339
1280 0.168487
1281 0.071866
1282 0.712458
1283 0.641860
1284 0.866345
1285 0.806117
1286 0.668942
1287 0.103810
1288 0.275329
1289 0.807715
1290 0.568572
1291 0.676297
1292 0.090975
1293 0.029242
1294 0.601273
1295 0.522732
1296 0.976871
1297 0.119587
1298 0.293534
1299 0.338902
1300 0.108825
1301 0.270756
1302 0.864124
1303 0.754216
1304 0.002107
1305 0.850657
1306 0.704931
1307 0.468489
1308 0.910575
1309 0.987849
1310 0.512511
1311 0.632547
1312 0.927278
1313 0.388499
1314 0.796152
1315 0.579551
1316 0.725718
1317 0.998788
1318 0.157198
1319 0.331326
1320 0.659272
1321 0.677790
1322 0.872080
1323 0.340120
1324 0.683348
1325 0.816326
1326 0.917923
1327 0.681083
1328 0.280648
1329 0.826578
1330 0.654825
1331 0.384413
1332 0.254519
1333 0.635233
1334 0.922832
1335 0.788476
1336 0.908651
1337 0.739712
1338 0.324320
1339 0.706352
1340 0.753493
1341 0.032520
1342 0.943964
1343 0.828149
1344 0.470537
1345 0.463025
1346 0.708647
1347 0.130036
1348 0.425231
1349 0.688982
1350 0.008621
1351 0.128355
1352 0.547565
1353 0.171868
1354 0.088921
1355 0.603288
1356 0.896475
1357 0.690618
1358 0.076478
1359 0.921441
1360 0.690003
1361 0.987581
1362 0.333582
1363 0.310347
1364 0.017755
1365 0.218556
1366 0.122269
1367 0.380269
1368 0.855476
1369 0.055504
1370 0.326935
1371 0.849805
1372 0.373676
1373 0.686048
1374 0.213893
1375 0.811698
1376 0.873021
1377 0.568119
1378 0.906792
1379 0.973886
1380 0.988815
1381 0.631148
1382 0.425792
1383 0.128186
1384 0.085171
1385 0.666907
1386 0.776037
1387 0.635165
1388 0.006587
1389 0.923661
1390 0.677438
1391 0.968635
1392 0.570429
1393 0.406529
1394 0.102992
1395 0.336805
1396 0.368411
1397 0.094948
1398 0.836763
1399 0.089560
1400 0.598470
1401 0.214919
1402 0.775391
1403 0.032422
1404 0.770526
1405 0.849198
1406 0.678405
1407 0.897664
1408 0.220405
1409 0.532871
1410 0.522838
1411 0.071661
1412 0.425803
1413 0.064743
1414 0.536576
1415 0.244945
1416 0.146471
1417 0.566740
1418 0.372562
1419 0.937589
1420 0.407887
1421 0.844028
1422 0.742430
1423 0.857390
1424 0.313473
1425 0.337817
1426 0.153345
1427 0.771982
1428 0.605028
1429 0.420806
1430 0.185751
1431 0.018382
1432 0.794326
1433 0.462007
1434 0.012441
1435 0.934609
1436 0.560926
1437 0.983180
1438 0.590813
1439 0.377892
1440 0.952048
1441 0.343373
1442 0.160339
1443 0.092618
1444 0.729950
1445 0.721061
1446 0.346265
1447 0.008566
1448 0.990541
1449 0.715159
1450 0.308219
1451 0.586088
1452 0.924069
1453 0.656650
1454 0.978864
1455 0.079785
1456 0.304503
1457 0.711881
1458 0.512935
1459 0.065875
1460 0.978834
1461 0.066533
1462 0.610920
1463 0.770804
1464 0.280819
1465 0.906075
1466 0.394377
1467 0.649819
1468 0.915762
1469 0.553985
1470 0.991284
1471 0.294061
1472 0.453772
1473 0.993303
1474 0.940051
1475 0.093423
1476 0.128462
1477 0.080074
1478 0.939732
1479 0.149744
1480 0.166422
1481 0.059003
1482 0.361719
1483 0.721088
1484 0.369844
1485 0.512158
1486 0.294577
1487 0.982716
1488 0.140486
1489 0.610787
1490 0.718952
1491 0.113997
1492 0.567767
1493 0.498376
1494 0.703363
1495 0.662890
1496 0.607076
1497 0.809766
1498 0.274427
1499 0.800756
1500 0.746452
1501 0.726717
1502 0.846487
1503 0.460149
1504 0.900633
1505 0.584514
1506 0.795825
1507 0.446864
1508 0.581014
1509 0.877264
1510 0.933575
1511 0.434899
1512 0.668396
1513 0.561246
1514 0.269157
1515 0.289126
1516 0.362463
1517 0.826216
1518 0.562480
1519 0.415355
1520 0.097759
1521 0.993821
1522 0.738385
1523 0.811087
1524 0.400497
1525 0.910265
1526 0.280722
1527 0.182656
1528 0.813851
1529 0.127152
1530 0.236156
1531 0.905591
1532 0.141461
1533 0.309933
1534 0.439240
1535 0.734890
1536 0.349692
1537 0.677618
1538 0.020512
1539 0.020558
1540 0.528778
1541 0.860464
1542 0.178269
1543 0.751136
1544 0.341258
1545 0.364075
1546 0.582416
1547 0.034062
1548 0.383239
1549 0.848859
1550 0.635212
1551 0.626616
1552 0.849804
1553 0.673069
1554 0.138921
1555 0.854820
1556 0.830452
1557 0.605643
1558 0.714341
1559 0.700038
1560 0.463800
1561 0.291814
1562 0.576860
1563 0.994174
1564 0.052831
1565 0.949978
1566 0.008163
1567 0.544237
1568 0.082795
1569 0.892571
1570 0.061860
1571 0.605665
1572 0.893444
1573 0.796691
1574 0.710310
1575 0.441208
1576 0.535589
1577 0.201987
1578 0.777558
1579 0.738285
1580 0.089074
1581 0.483825
1582 0.609784
1583 0.412608
1584 0.435021
1585 0.539003
1586 0.509842
1587 0.799518
1588 0.159838
1589 0.629307
1590 0.506408
1591 0.426844
1592 0.921749
1593 0.254929
1594 0.040970
1595 0.474241
1596 0.232703
1597 0.575320
1598 0.637320
1599 0.653825
1600 0.199340
;
param cost_b := 
1 -0.169104
2 -0.294469
3 0.466414
4 -0.269249
5 0.243551
6 -0.395555
7 -0.738826
8 -0.462892
9 0.794573
10 0.078170
11 -0.385400
12 0.232083
13 0.113157
14 0.456672
15 -0.868855
16 0.990248
17 0.023150
18 0.494125
19 -0.804532
20 -0.415654
21 0.244193
22 -0.061029
23 0.229207
24 -0.685608
25 -0.815980
26 -0.394909
27 -0.253231
28 0.701242
29 0.871638
30 -0.133616
31 -0.573736
32 0.146110
33 0.545115
34 -0.615649
35 -0.683116
36 -0.726712
37 -0.263277
38 -0.880084
39 0.432175
40 -0.166690
41 0.107988
42 -0.756721
43 0.901272
44 -0.468838
45 0.336762
46 -0.613779
47 0.295511
48 0.620164
49 0.522655
50 0.726020
51 0.811443
52 0.295179
53 0.114873
54 -0.840403
55 0.122961
56 -0.211161
57 -0.531158
58 -0.349409
59 -0.303000
60 0.606583
61 -0.171318
62 -0.533902
63 0.635377
64 -0.849980
65 -0.988350
66 -0.607941
67 -0.877503
68 0.441431
69 0.469416
70 -0.787167
71 -0.109945
72 -0.642485
73 0.063518
74 0.310443
75 0.352732
76 0.662697
77 0.246006
78 0.271147
79 -0.640996
80 0.742116
81 0.532168
82 0.260053
83 0.234003
84 -0.598933
85 0.842930
86 0.185966
87 0.081795
88 -0.560114
89 0.685292
90 -0.223317
91 0.592638
92 0.260263
93 0.638429
94 0.637642
95 -0.132144
96 -0.080055
97 0.633473
98 0.260424
99 0.541404
100 0.500485
101 0.480793
102 -0.623989
103 0.286633
104 -0.272797
105 -0.033175
106 0.225183
107 -0.646798
108 0.746369
109 -0.276621
110 -0.063315
111 0.608400
112 0.857907
113 -0.512551
114 0.493332
115 0.867989
116 0.165254
117 -0.636020
118 0.549493
119 0.543234
120 0.907690
121 0.324124
122 -0.227770
123 0.862285
124 -0.392027
125 -0.727098
126 -0.767005
127 -0.238860
128 -0.039902
129 0.001675
130 0.739318
131 -0.746958
132 -0.186586
133 0.742088
134 0.749559
135 0.084263
136 0.195231
137 -0.048690
138 -0.751580
139 -0.657274
140 -0.642876
141 0.627450
142 0.415857
143 -0.433883
144 -0.245664
145 0.935701
146 -0.628526
147 -0.690563
148 -0.820597
149 0.980289
150 0.066126
151 0.731531
152 -0.929805
153 -0.933876
154 0.873366
155 0.076192
156 -0.920666
157 0.263452
158 -0.772992
159 0.498869
160 -0.861263
161 -0.562192
162 -0.457323
163 -0.661263
164 -0.375546
165 0.741611
166 -0.850301
167 0.903293
168 -0.606187
169 0.675533
170 0.786896
171 0.051895
172 0.475518
173 0.790720
174 -0.833469
175 0.870071
176 -0.076051
177 -0.471075
178 0.368201
179 -0.999922
180 -0.401994
181 0.483152
182 0.654963
183 -0.953572
184 0.731772
185 -0.940275
186 -0.476993
187 0.874870
188 0.788975
189 0.600887
190 -0.948515
191 0.432432
192 0.345275
193 0.543831
194 -0.392956
195 -0.311027
196 -0.183735
197 -0.479071
198 0.665635
199 0.343511
200 0.314574
201 0.136940
202 -0.006856
203 -0.369480
204 -0.027828
205 -0.332316
206 -0.438051
207 -0.419460
208 -0.778479
209 0.422212
210 -0.859155
211 -0.804945
212 0.029518
213 0.966060
214 -0.369644
215 -0.144769
216 0.027020
217 -0.457571
218 0.918669
219 -0.277233
220 0.048720
221 -0.025345
222 0.191485
223 0.395127
224 -0.953678
225 0.996495
226 -0.659881
227 -0.597210
228 -0.865543
229 0.183356
230 -0.963563
231 0.374931
232 0.545517
233 0.687934
234 -0.247482
235 -0.347080
236 0.453539
237 0.922057
238 -0.756798
239 -0.817807
240 -0.657318
241 0.413259
242 0.886756
243 0.464840
244 0.628741
245 0.807277
246 0.998933
247 0.664964
248 0.565800
249 -0.287566
250 -0.648379
251 0.632753
252 -0.195589
253 -0.410587
254 0.417901
255 0.686242
256 -0.050022
257 0.102704
258 -0.326251
259 0.559681
260 0.960839
261 -0.280300
262 0.766260
263 0.758694
264 -0.994070
265 -0.239351
266 -0.136928
267 -0.497123
268 0.236541
269 -0.613962
270 -0.760282
271 0.767536
272 0.758106
273 -0.325491
274 -0.319275
275 -0.578794
276 -0.703196
277 0.534654
278 -0.917306
279 -0.344322
280 -0.813898
281 -0.168633
282 -0.942909
283 0.823603
284 0.754164
285 -0.123464
286 0.224931
287 0.907183
288 -0.390886
289 -0.739119
290 0.484043
291 -0.891860
292 -0.692434
293 0.610462
294 0.825652
295 0.717965
296 -0.128927
297 -0.231858
298 -0.977321
299 -0.934566
300 0.400844
301 0.376533
302 -0.150541
303 -0.921129
304 0.983761
305 0.483836
306 -0.802227
307 0.125623
308 -0.356838
309 0.668400
310 0.185541
311 0.779234
312 0.881342
313 -0.274744
314 0.412680
315 -0.716810
316 -0.112874
317 0.179193
318 0.804001
319 0.569862
320 0.867081
321 -0.288068
322 -0.568390
323 0.705367
324 0.613544
325 -0.896896
326 0.349010
327 0.858834
328 -0.746132
329 0.759985
330 0.876588
331 -0.454041
332 0.970536
333 0.873020
334 0.899160
335 0.114532
336 0.460792
337 -0.093400
338 0.702700
339 0.853417
340 0.566506
341 -0.813856
342 -0.901297
343 0.878210
344 -0.701121
345 -0.964488
346 0.758588
347 -0.866399
348 0.608958
349 -0.646630
350 -0.103881
351 0.955105
352 -0.494866
353 -0.699066
354 0.926922
355 0.544675
356 0.505244
357 0.462924
358 0.974531
359 -0.341210
360 0.772793
361 0.946140
362 -0.130301
363 -0.857005
364 0.679750
365 -0.491702
366 -0.035364
367 -0.850548
368 -0.155510
369 -0.925988
370 0.303698
371 0.919190
372 -0.704379
373 0.004271
374 -0.799704
375 0.657786
376 0.457888
377 -0.780100
378 0.778839
379 0.465546
380 0.863428
381 -0.303540
382 0.243769
383 0.221043
384 -0.657156
385 0.800337
386 -0.639099
387 -0.651753
388 0.523937
389 0.199913
390 0.996925
391 0.299724
392 0.320787
393 0.564637
394 0.853508
395 0.528889
396 -0.932617
397 -0.626153
398 -0.684099
399 -0.032236
400 -0.740237
401 0.256628
402 -0.248470
403 0.778529
404 -0.310446
405 0.293571
406 0.103950
407 0.288412
408 0.266673
409 0.696480
410 0.625782
411 -0.548723
412 -0.366029
413 -0.541877
414 0.176380
415 0.761513
416 0.594736
417 0.860344
418 0.585546
419 -0.480717
420 0.598809
421 -0.785045
422 -0.843001
423 0.514625
424 -0.990476
425 0.915719
426 -0.862569
427 0.266242
428 -0.013232
429 -0.205521
430 -0.354118
431 -0.946312
432 0.709522
433 0.050096
434 0.234853
435 -0.325242
436 0.114958
437 0.599136
438 -0.625861
439 -0.390358
440 0.101598
441 0.620219
442 -0.312749
443 -0.443848
444 -0.310196
445 -0.523051
446 0.601029
447 0.814459
448 0.147468
449 0.399308
450 -0.767392
451 -0.462479
452 -0.079292
453 -0.149090
454 -0.797253
455 -0.332678
456 -0.424417
457 -0.949581
458 0.806996
459 -0.353888
460 -0.545616
461 -0.474799
462 0.476068
463 0.496545
464 0.746346
465 -0.397438
466 -0.959602
467 -0.281007
468 0.310893
469 -0.794574
470 0.116496
471 0.579612
472 -0.974582
473 0.138622
474 0.470886
475 -0.474431
476 0.678023
477 0.583207
478 -0.126718
479 0.320326
480 0.745506
481 -0.250729
482 0.875605
483 0.019394
484 0.632526
485 -0.194185
486 -0.977447
487 -0.838065
488 -0.111072
489 0.640393
490 -0.551282
491 0.892064
492 -0.203672
493 0.025100
494 -0.190578
495 0.687158
496 -0.338335
497 0.202493
498 -0.312730
499 0.835018
500 -0.076418
501 0.052491
502 -0.866724
503 -0.263772
504 -0.364057
505 0.518729
506 -0.355996
507 0.911728
508 0.575216
509 0.888492
510 0.685222
511 0.030463
512 -0.650503
513 -0.872917
514 -0.110325
515 0.829910
516 0.390819
517 0.761600
518 -0.560206
519 -0.273279
520 -0.438519
521 -0.610324
522 0.806743
523 0.373578
524 0.671151
525 0.073926
526 -0.386342
527 -0.356224
528 0.643975
529 0.118417
530 0.821841
531 -0.533638
532 0.347347
533 -0.437266
534 0.557817
535 0.687953
536 -0.893675
537 -0.956344
538 0.105366
539 -0.176883
540 -0.816057
541 -0.340336
542 0.194175
543 -0.865517
544 0.446825
545 0.910507
546 -0.250205
547 -0.343215
548 -0.349108
549 0.849517
550 -0.256594
551 -0.710028
552 -0.998162
553 -0.003565
554 0.013351
555 0.510950
556 -0.851608
557 -0.995450
558 -0.988205
559 0.159065
560 0.608816
561 -0.734209
562 0.346468
563 0.420043
564 0.839604
565 0.747825
566 0.362031
567 0.230679
568 -0.261021
569 0.075051
570 0.244613
571 0.293081
572 0.758368
573 -0.730719
574 -0.470155
575 -0.523833
576 0.782763
577 0.005988
578 0.971741
579 -0.543885
580 0.012419
581 -0.080800
582 0.037706
583 -0.970129
584 0.138446
585 0.610353
586 0.471572
587 0.313565
588 -0.328368
589 -0.100779
590 -0.495251
591 -0.801650
592 -0.331687
593 -0.011228
594 0.022408
595 0.423872
596 0.321684
597 -0.610416
598 0.293193
599 -0.949785
600 -0.416325
601 0.675245
602 0.444510
603 0.587694
604 -0.388466
605 -0.147446
606 -0.391773
607 0.339857
608 -0.361738
609 -0.861225
610 -0.418616
611 -0.966535
612 0.293330
613 0.420770
614 0.110250
615 -0.796409
616 0.768561
617 -0.240994
618 0.724200
619 -0.414819
620 0.074484
621 0.668237
622 0.768886
623 0.523996
624 -0.680907
625 -0.969725
626 0.456058
627 -0.000876
628 0.137113
629 -0.821376
630 0.807291
631 -0.378314
632 0.991170
633 0.733150
634 0.527828
635 0.644430
636 0.656130
637 -0.629425
638 0.312754
639 0.392525
640 -0.183518
641 0.548982
642 -0.021026
643 -0.960464
644 0.659429
645 -0.144980
646 0.142137
647 -0.273602
648 0.412162
649 -0.349885
650 0.188191
651 0.649271
652 -0.412698
653 -0.223631
654 0.070929
655 -0.833563
656 -0.160496
657 -0.625358
658 0.168751
659 0.022566
660 -0.976907
661 -0.939914
662 0.653053
663 0.570417
664 0.977205
665 0.649845
666 0.726173
667 -0.505483
668 -0.059556
669 -0.071934
670 0.725028
671 -0.863670
672 0.035426
673 -0.074444
674 0.565023
675 0.204307
676 0.530779
677 0.056984
678 -0.738062
679 -0.499247
680 0.511070
681 -0.909543
682 0.036507
683 0.879785
684 -0.225403
685 0.070529
686 -0.351691
687 -0.488656
688 0.026383
689 -0.175721
690 -0.291093
691 -0.915862
692 -0.902039
693 -0.130877
694 -0.972540
695 0.397247
696 -0.654854
697 0.750285
698 0.186817
699 -0.123678
700 0.480322
701 0.381898
702 -0.171813
703 -0.646418
704 0.233552
705 0.186745
706 -0.511851
707 0.470681
708 0.927375
709 -0.956115
710 -0.165095
711 0.504590
712 -0.978991
713 0.534620
714 0.329941
715 -0.074686
716 0.414602
717 -0.070531
718 -0.788067
719 -0.731818
720 0.652621
721 -0.436868
722 -0.507296
723 0.052740
724 0.615893
725 -0.257526
726 -0.651725
727 0.092863
728 -0.772032
729 -0.032328
730 -0.729536
731 -0.064624
732 -0.268348
733 -0.883162
734 0.410700
735 0.203583
736 0.613963
737 -0.440487
738 -0.567277
739 0.640833
740 0.366607
741 -0.355256
742 -0.328262
743 -0.425478
744 -0.005222
745 -0.855933
746 -0.398962
747 0.634902
748 0.611872
749 0.673546
750 -0.571618
751 -0.773237
752 0.147595
753 -0.529829
754 -0.249518
755 -0.389883
756 0.986729
757 0.224309
758 0.921086
759 0.050126
760 -0.972848
761 -0.165756
762 -0.853448
763 -0.458857
764 0.576858
765 -0.971764
766 0.826743
767 0.676070
768 0.773916
769 0.507264
770 -0.500931
771 0.969293
772 -0.010721
773 -0.448614
774 -0.996135
775 -0.923259
776 -0.108367
777 0.144486
778 -0.475545
779 -0.971116
780 0.138322
781 -0.198060
782 0.946660
783 -0.524134
784 0.220234
785 -0.817144
786 0.142196
787 -0.358325
788 -0.820143
789 -0.569635
790 0.206186
791 -0.866597
792 0.476323
793 0.741299
794 0.993847
795 -0.203994
796 -0.947338
797 -0.021208
798 -0.095540
799 -0.241271
800 0.563066
801 -0.737188
802 0.215640
803 0.598514
804 0.064278
805 -0.329494
806 0.276418
807 0.855680
808 -0.440040
809 0.185492
810 0.575010
811 -0.330915
812 0.214556
813 -0.361413
814 -0.498346
815 -0.580171
816 0.296223
817 -0.089378
818 0.696382
819 -0.003105
820 -0.881530
821 0.308647
822 -0.228262
823 -0.640436
824 0.005096
825 0.769659
826 0.029039
827 0.416877
828 0.144498
829 -0.537739
830 0.096322
831 -0.721465
832 0.824678
833 0.970409
834 0.066767
835 -0.323530
836 0.421617
837 -0.458071
838 0.341528
839 0.197789
840 -0.338583
841 -0.402396
842 -0.627859
843 0.875936
844 -0.420633
845 -0.060073
846 -0.690758
847 0.454843
848 0.884211
849 -0.001649
850 -0.254080
851 0.372911
852 -0.168538
853 -0.025997
854 -0.354811
855 0.516299
856 0.964140
857 -0.430532
858 0.037177
859 -0.135726
860 -0.241236
861 -0.565615
862 -0.075041
863 -0.442213
864 -0.386840
865 0.598644
866 0.431542
867 0.606597
868 -0.564317
869 -0.379165
870 -0.404186
871 -0.212828
872 0.132776
873 0.230901
874 0.861608
875 -0.009014
876 0.406028
877 0.399906
878 0.654986
879 -0.062879
880 -0.192026
881 -0.760148
882 -0.182582
883 -0.159731
884 -0.433539
885 -0.218616
886 -0.200174
887 -0.481240
888 0.869468
889 0.071633
890 -0.303100
891 0.272281
892 0.953595
893 -0.342380
894 0.057448
895 -0.340761
896 -0.303670
897 -0.876691
898 0.528402
899 0.841846
900 -0.708655
901 0.690013
902 -0.943001
903 0.873135
904 -0.195544
905 0.742990
906 -0.432626
907 -0.951334
908 -0.849592
909 -0.976454
910 0.227218
911 -0.453641
912 0.992882
913 -0.058667
914 -0.318805
915 -0.588499
916 -0.956080
917 0.888491
918 0.476125
919 0.410607
920 -0.026846
921 0.457719
922 -0.575166
923 -0.813956
924 -0.225726
925 0.204141
926 -0.512190
927 0.324437
928 0.346532
929 0.483964
930 0.486325
931 0.869929
932 0.203066
933 0.258043
934 0.178057
935 -0.531041
936 -0.247672
937 0.520949
938 0.307968
939 -0.569578
940 -0.669516
941 -0.405204
942 0.236825
943 -0.794520
944 -0.741592
945 -0.265119
946 -0.663622
947 0.556748
948 0.565353
949 -0.385435
950 -0.092453
951 -0.363938
952 0.460504
953 0.269610
954 0.572089
955 0.275987
956 0.064846
957 0.740835
958 -0.263885
959 -0.879046
960 0.745242
961 -0.336006
962 -0.664167
963 0.742668
964 0.175610
965 0.688650
966 0.796496
967 -0.839770
968 0.911513
969 -0.781391
970 0.397217
971 -0.453070
972 0.483287
973 -0.101865
974 -0.044449
975 -0.604337
976 -0.940778
977 -0.858060
978 -0.326204
979 0.024253
980 -0.912649
981 0.499866
982 0.507552
983 0.130866
984 0.091848
985 -0.853219
986 0.739776
987 -0.403577
988 0.626206
989 -0.201510
990 -0.656216
991 0.927274
992 -0.179282
993 -0.646020
994 -0.219997
995 -0.737704
996 -0.431427
997 0.042964
998 0.928109
999 0.924334
1000 0.514702
1001 -0.749280
1002 -0.934312
1003 0.240929
1004 0.317655
1005 0.312640
1006 -0.330085
1007 0.236740
1008 0.757086
1009 0.113218
1010 0.718353
1011 0.652681
1012 -0.993822
1013 -0.805572
1014 0.329003
1015 0.027010
1016 0.168167
1017 -0.218566
1018 0.258160
1019 -0.124046
1020 0.548044
1021 -0.149591
1022 -0.965014
1023 0.937082
1024 -0.019010
1025 -0.236388
1026 0.930433
1027 0.623145
1028 -0.600199
1029 0.805629
1030 -0.370916
1031 0.802437
1032 -0.143863
1033 -0.281953
1034 0.109391
1035 0.199215
1036 0.568588
1037 0.394497
1038 -0.131169
1039 -0.613605
1040 -0.887388
1041 -0.040012
1042 0.998839
1043 0.695243
1044 0.921750
1045 0.252492
1046 0.164163
1047 0.939879
1048 0.941351
1049 0.288811
1050 0.298040
1051 -0.748982
1052 0.536548
1053 0.368160
1054 -0.061342
1055 -0.280105
1056 -0.816870
1057 -0.100196
1058 0.259980
1059 0.172215
1060 -0.533615
1061 -0.102571
1062 0.066757
1063 0.055367
1064 -0.948325
1065 0.743145
1066 0.950620
1067 0.048080
1068 -0.211238
1069 0.345448
1070 -0.130664
1071 0.208428
1072 0.675003
1073 -0.568076
1074 0.767732
1075 -0.136338
1076 0.948794
1077 0.009488
1078 -0.720752
1079 0.624769
1080 -0.596593
1081 0.399270
1082 0.527912
1083 -0.426387
1084 0.200823
1085 -0.015226
1086 -0.324585
1087 0.840056
1088 0.048605
1089 -0.212757
1090 -0.680362
1091 0.927900
1092 -0.952826
1093 0.168778
1094 0.826874
1095 -0.748899
1096 -0.693828
1097 0.127011
1098 -0.456037
1099 0.038913
1100 0.259897
1101 0.584817
1102 0.195147
1103 0.279732
1104 0.475902
1105 0.983783
1106 -0.010746
1107 -0.081204
1108 0.739262
1109 -0.557114
1110 0.157432
1111 0.250658
1112 0.431108
1113 0.046442
1114 -0.870811
1115 0.842823
1116 0.137841
1117 0.028997
1118 0.805533
1119 0.871114
1120 0.104465
1121 0.593137
1122 0.239862
1123 -0.217602
1124 -0.345910
1125 -0.066067
1126 -0.307501
1127 -0.604193
1128 -0.566236
1129 0.432150
1130 -0.975380
1131 -0.281489
1132 -0.477963
1133 0.983516
1134 -0.162893
1135 0.354458
1136 -0.274918
1137 0.616770
1138 0.293567
1139 -0.395564
1140 -0.891868
1141 -0.030394
1142 -0.684402
1143 -0.196109
1144 0.282838
1145 0.887033
1146 -0.511140
1147 -0.175567
1148 0.267414
1149 -0.783158
1150 0.639466
1151 -0.106334
1152 -0.530424
1153 -0.615672
1154 -0.382654
1155 0.417779
1156 0.115332
1157 -0.650861
1158 -0.235446
1159 0.418691
1160 -0.225249
1161 -0.285629
1162 -0.841929
1163 -0.321120
1164 0.337896
1165 -0.144320
1166 -0.881962
1167 -0.961370
1168 0.551962
1169 -0.776459
1170 -0.206192
1171 0.595279
1172 0.712192
1173 0.811594
1174 -0.413977
1175 -0.095168
1176 -0.209169
1177 0.986977
1178 -0.151513
1179 -0.294754
1180 0.417144
1181 0.992139
1182 0.709244
1183 -0.116035
1184 -0.519381
1185 0.571501
1186 -0.018143
1187 -0.468604
1188 -0.975403
1189 -0.791963
1190 -0.883680
1191 0.737013
1192 0.108113
1193 0.817007
1194 0.254339
1195 0.965801
1196 0.231185
1197 0.932136
1198 -0.498283
1199 -0.614445
1200 0.398231
1201 -0.938580
1202 0.057266
1203 -0.985991
1204 0.235143
1205 0.372996
1206 0.461179
1207 0.133260
1208 0.415635
1209 0.320463
1210 -0.519584
1211 0.215525
1212 -0.157391
1213 -0.866395
1214 -0.558390
1215 0.916206
1216 -0.652381
1217 -0.480079
1218 0.840298
1219 -0.638602
1220 -0.599746
1221 -0.838326
1222 0.796919
1223 0.771864
1224 0.983331
1225 0.782356
1226 0.408475
1227 0.363361
1228 -0.928302
1229 0.254280
1230 -0.993743
1231 -0.046282
1232 0.882417
1233 -0.181698
1234 -0.818417
1235 -0.052774
1236 -0.497420
1237 0.369669
1238 0.294319
1239 0.593088
1240 -0.434632
1241 0.518952
1242 -0.124890
1243 0.800182
1244 0.886233
1245 -0.517673
1246 0.554177
1247 0.826902
1248 -0.889820
1249 0.150708
1250 -0.896989
1251 -0.539308
1252 -0.518750
1253 0.336831
1254 0.767215
1255 -0.574921
1256 0.754372
1257 -0.938285
1258 -0.879251
1259 0.328607
1260 -0.288667
1261 -0.090750
1262 0.974272
1263 -0.691492
1264 0.666923
1265 -0.873732
1266 -0.318592
1267 -0.099784
1268 0.059971
1269 -0.982247
1270 0.335584
1271 -0.650532
1272 -0.554133
1273 -0.870207
1274 0.265682
1275 0.710328
1276 -0.164423
1277 0.614287
1278 -0.300712
1279 -0.580641
1280 -0.812657
1281 -0.494059
1282 0.409324
1283 -0.389910
1284 -0.267036
1285 -0.000055
1286 0.059540
1287 -0.457742
1288 -0.513385
1289 -0.665967
1290 -0.252463
1291 0.920478
1292 -0.220610
1293 -0.774498
1294 0.707928
1295 -0.420099
1296 -0.874068
1297 0.608484
1298 0.688392
1299 0.139904
1300 0.780454
1301 -0.509697
1302 -0.811625
1303 0.420548
1304 0.496393
1305 0.567316
1306 0.285760
1307 0.609022
1308 0.300356
1309 0.286397
1310 -0.302024
1311 -0.680803
1312 0.113626
1313 0.083691
1314 0.840981
1315 0.531900
1316 -0.780917
1317 0.924050
1318 -0.887369
1319 -0.662657
1320 -0.844910
1321 -0.845157
1322 -0.006629
1323 0.269188
1324 0.891328
1325 0.521705
1326 -0.412983
1327 0.520940
1328 0.202303
1329 -0.392156
1330 0.054408
1331 0.034394
1332 -0.835701
1333 -0.212096
1334 -0.854140
1335 -0.253067
1336 -0.346660
1337 0.207711
1338 0.081314
1339 -0.612922
1340 -0.185024
1341 0.281274
1342 0.875151
1343 -0.010031
1344 0.338447
1345 -0.967582
1346 -0.217551
1347 0.193719
1348 -0.045857
1349 -0.056113
1350 -0.138269
1351 0.283670
1352 0.379586
1353 -0.978221
1354 -0.644819
1355 -0.653379
1356 -0.186850
1357 0.212053
1358 0.796009
1359 -0.935061
1360 -0.292420
1361 0.079877
1362 -0.483561
1363 -0.882543
1364 0.994175
1365 -0.403405
1366 -0.850462
1367 0.278890
1368 -0.731892
1369 -0.542193
1370 -0.857757
1371 -0.994440
1372 -0.376980
1373 -0.368578
1374 0.313221
1375 0.688626
1376 -0.877035
1377 -0.729645
1378 0.695864
1379 0.505412
1380 -0.993935
1381 0.912560
1382 -0.349486
1383 -0.437355
1384 -0.597862
1385 0.564155
1386 0.076495
1387 -0.827267
1388 -0.421994
1389 -0.418999
1390 -0.839965
1391 -0.739119
1392 -0.343760
1393 0.062227
1394 0.177431
1395 0.661311
1396 0.138435
1397 -0.794239
1398 0.044145
1399 0.205592
1400 -0.249461
1401 -0.473959
1402 0.136561
1403 0.133884
1404 0.437299
1405 -0.995633
1406 0.298545
1407 -0.182947
1408 -0.204713
1409 -0.801256
1410 0.383336
1411 0.763268
1412 0.651303
1413 -0.546500
1414 0.933528
1415 0.683759
1416 -0.883714
1417 -0.722609
1418 -0.249347
1419 0.597791
1420 -0.300331
1421 0.690051
1422 -0.842282
1423 0.878776
1424 -0.980430
1425 -0.201759
1426 -0.916598
1427 -0.114980
1428 -0.037592
1429 -0.084645
1430 0.385547
1431 -0.363413
1432 -0.145870
1433 0.307621
1434 0.012090
1435 -0.721609
1436 -0.514539
1437 0.192697
1438 -0.565695
1439 -0.663810
1440 0.373422
1441 -0.022777
1442 -0.407297
1443 -0.944476
1444 0.535649
1445 0.765608
1446 0.653751
1447 0.697295
1448 -0.828347
1449 -0.067913
1450 -0.031128
1451 0.651760
1452 0.124147
1453 0.077036
1454 0.702950
1455 0.152100
1456 -0.367509
1457 -0.019523
1458 0.754977
1459 0.894806
1460 -0.369774
1461 0.806869
1462 0.632421
1463 -0.001164
1464 -0.245457
1465 0.248231
1466 0.658444
1467 0.210168
1468 0.179701
1469 0.728236
1470 0.814599
1471 0.614885
1472 0.752934
1473 0.455075
1474 0.234329
1475 -0.471768
1476 -0.303656
1477 0.599899
1478 0.349949
1479 0.187644
1480 -0.783913
1481 -0.833099
1482 -0.341490
1483 0.633005
1484 -0.254397
1485 -0.916378
1486 -0.462601
1487 -0.442963
1488 0.577261
1489 0.131589
1490 -0.964153
1491 0.948661
1492 0.994587
1493 -0.418138
1494 0.700495
1495 0.832121
1496 0.129114
1497 -0.150307
1498 -0.086287
1499 0.516456
1500 0.511189
1501 0.514200
1502 0.873618
1503 0.691095
1504 -0.022057
1505 -0.441054
1506 -0.239604
1507 -0.228071
1508 0.648465
1509 -0.019502
1510 -0.913933
1511 -0.070652
1512 -0.667217
1513 -0.243924
1514 0.533817
1515 0.469523
1516 0.820676
1517 0.859370
1518 0.090598
1519 -0.204439
1520 -0.205346
1521 0.935572
1522 0.227718
1523 -0.160688
1524 0.475572
1525 0.643425
1526 -0.264064
1527 0.829924
1528 0.562989
1529 -0.516851
1530 -0.149686
1531 -0.973860
1532 -0.429774
1533 -0.261293
1534 -0.112638
1535 -0.827016
1536 -0.409853
1537 0.917170
1538 0.526217
1539 0.821155
1540 -0.447135
1541 -0.902430
1542 0.515125
1543 0.889228
1544 -0.013434
1545 -0.142894
1546 -0.027069
1547 -0.950630
1548 -0.681171
1549 -0.152446
1550 -0.523122
1551 -0.192205
1552 0.237029
1553 0.547151
1554 -0.085604
1555 0.240945
1556 -0.852669
1557 0.068229
1558 0.606570
1559 0.274477
1560 -0.177207
1561 -0.748378
1562 0.802946
1563 -0.534409
1564 -0.283553
1565 -0.384248
1566 -0.106152
1567 -0.595273
1568 -0.186846
1569 -0.974960
1570 -0.994524
1571 0.098276
1572 -0.158103
1573 -0.252358
1574 0.076137
1575 0.484245
1576 -0.279812
1577 0.863287
1578 -0.187608
1579 -0.554106
1580 -0.632627
1581 -0.167458
1582 0.951252
1583 -0.447935
1584 0.163393
1585 -0.986598
1586 0.628424
1587 -0.865053
1588 -0.664679
1589 0.981343
1590 0.721193
1591 -0.047845
1592 0.394572
1593 -0.641936
1594 -0.607450
1595 0.220923
1596 0.682909
1597 -0.157103
1598 -0.546351
1599 -0.814941
1600 -0.406232
;
