# Optimal value by DCA: 58.783777
data;

param N = 1600;
param capacity := 
1 79
2 91
3 79
4 50
5 76
6 128
7 78
8 102
9 117
10 118
11 71
12 114
13 88
14 78
15 127
16 58
17 124
18 129
19 38
20 94
21 94
22 124
23 102
24 83
25 72
26 127
27 35
28 117
29 105
30 86
31 57
32 88
33 58
34 92
35 111
36 74
37 93
38 51
39 38
40 91
41 66
42 97
43 64
44 51
45 93
46 114
47 99
48 59
49 87
50 81
51 106
52 74
53 100
54 76
55 109
56 127
57 100
58 99
59 48
60 114
61 103
62 61
63 95
64 128
65 96
66 115
67 122
68 63
69 105
70 96
71 107
72 111
73 117
74 92
75 91
76 37
77 116
78 101
79 78
80 105
81 116
82 90
83 110
84 123
85 87
86 66
87 51
88 67
89 87
90 58
91 81
92 115
93 79
94 106
95 105
96 77
97 39
98 120
99 47
100 95
101 92
102 112
103 78
104 97
105 79
106 114
107 88
108 66
109 103
110 82
111 127
112 76
113 98
114 121
115 51
116 65
117 51
118 98
119 54
120 89
121 52
122 117
123 90
124 63
125 43
126 97
127 52
128 42
129 52
130 80
131 106
132 75
133 107
134 80
135 117
136 90
137 86
138 117
139 95
140 100
141 56
142 65
143 85
144 96
145 78
146 93
147 127
148 65
149 80
150 119
151 34
152 86
153 63
154 127
155 116
156 117
157 67
158 65
159 106
160 43
161 126
162 94
163 34
164 94
165 55
166 80
167 96
168 110
169 97
170 65
171 123
172 70
173 78
174 55
175 84
176 70
177 65
178 89
179 66
180 100
181 83
182 84
183 127
184 106
185 71
186 127
187 93
188 127
189 77
190 84
191 125
192 87
193 72
194 81
195 107
196 91
197 127
198 80
199 123
200 40
201 101
202 40
203 107
204 103
205 126
206 101
207 81
208 61
209 105
210 129
211 50
212 99
213 115
214 98
215 115
216 107
217 84
218 87
219 112
220 116
221 77
222 48
223 73
224 52
225 72
226 120
227 72
228 77
229 128
230 106
231 62
232 97
233 89
234 42
235 110
236 72
237 78
238 68
239 49
240 55
241 62
242 59
243 52
244 117
245 109
246 99
247 78
248 97
249 116
250 89
251 82
252 82
253 99
254 124
255 34
256 61
257 126
258 37
259 97
260 129
261 101
262 125
263 89
264 118
265 59
266 112
267 111
268 58
269 89
270 128
271 42
272 85
273 91
274 85
275 63
276 122
277 104
278 71
279 114
280 83
281 77
282 100
283 51
284 65
285 128
286 83
287 72
288 62
289 56
290 121
291 83
292 112
293 71
294 119
295 123
296 78
297 70
298 76
299 124
300 125
301 115
302 114
303 104
304 48
305 51
306 31
307 99
308 66
309 69
310 100
311 92
312 64
313 115
314 58
315 36
316 89
317 123
318 128
319 126
320 107
321 87
322 126
323 126
324 128
325 116
326 68
327 74
328 42
329 94
330 121
331 125
332 86
333 42
334 103
335 83
336 86
337 106
338 44
339 87
340 63
341 45
342 101
343 100
344 70
345 80
346 74
347 127
348 85
349 51
350 95
351 55
352 126
353 38
354 45
355 111
356 128
357 101
358 124
359 103
360 82
361 55
362 62
363 98
364 74
365 113
366 84
367 92
368 79
369 83
370 93
371 127
372 73
373 126
374 56
375 123
376 48
377 73
378 36
379 120
380 31
381 105
382 127
383 63
384 110
385 126
386 87
387 57
388 78
389 106
390 90
391 119
392 54
393 55
394 95
395 63
396 122
397 94
398 49
399 61
400 96
401 91
402 93
403 111
404 76
405 91
406 92
407 100
408 95
409 126
410 88
411 98
412 77
413 128
414 73
415 125
416 86
417 91
418 57
419 123
420 74
421 99
422 101
423 107
424 79
425 98
426 44
427 112
428 67
429 110
430 89
431 120
432 115
433 99
434 50
435 99
436 129
437 70
438 33
439 92
440 122
441 80
442 101
443 78
444 107
445 96
446 62
447 121
448 96
449 105
450 53
451 32
452 40
453 59
454 99
455 51
456 99
457 124
458 89
459 126
460 110
461 59
462 127
463 72
464 122
465 110
466 55
467 100
468 107
469 75
470 90
471 91
472 72
473 88
474 80
475 104
476 124
477 71
478 91
479 56
480 77
481 95
482 90
483 106
484 91
485 101
486 111
487 117
488 77
489 68
490 99
491 109
492 124
493 66
494 103
495 99
496 127
497 126
498 59
499 103
500 111
501 115
502 99
503 60
504 88
505 106
506 83
507 111
508 104
509 88
510 90
511 95
512 35
513 80
514 49
515 87
516 65
517 109
518 129
519 90
520 76
521 107
522 129
523 97
524 105
525 45
526 77
527 55
528 102
529 104
530 52
531 99
532 78
533 112
534 97
535 104
536 97
537 128
538 71
539 60
540 77
541 79
542 112
543 86
544 128
545 91
546 113
547 71
548 72
549 58
550 87
551 93
552 94
553 59
554 37
555 82
556 62
557 108
558 79
559 98
560 107
561 83
562 122
563 104
564 61
565 100
566 123
567 115
568 79
569 104
570 66
571 99
572 102
573 91
574 82
575 93
576 74
577 103
578 88
579 94
580 97
581 45
582 48
583 123
584 119
585 118
586 80
587 65
588 74
589 71
590 126
591 87
592 70
593 106
594 129
595 108
596 99
597 111
598 86
599 124
600 55
601 77
602 79
603 68
604 90
605 92
606 82
607 119
608 58
609 62
610 91
611 50
612 58
613 117
614 61
615 73
616 83
617 68
618 102
619 99
620 67
621 77
622 31
623 80
624 63
625 56
626 88
627 91
628 98
629 96
630 78
631 83
632 56
633 106
634 46
635 121
636 96
637 103
638 123
639 91
640 75
641 117
642 77
643 44
644 119
645 101
646 121
647 64
648 108
649 76
650 89
651 120
652 93
653 76
654 64
655 89
656 82
657 75
658 44
659 108
660 111
661 125
662 80
663 88
664 109
665 97
666 88
667 39
668 78
669 129
670 129
671 125
672 81
673 65
674 125
675 96
676 36
677 128
678 68
679 73
680 63
681 118
682 71
683 80
684 110
685 54
686 96
687 74
688 122
689 101
690 56
691 123
692 113
693 92
694 77
695 102
696 111
697 129
698 97
699 101
700 47
701 69
702 111
703 75
704 96
705 85
706 111
707 79
708 50
709 77
710 85
711 58
712 52
713 107
714 87
715 63
716 53
717 82
718 73
719 120
720 93
721 88
722 50
723 87
724 81
725 95
726 72
727 99
728 105
729 81
730 41
731 99
732 54
733 107
734 86
735 41
736 100
737 95
738 92
739 87
740 43
741 68
742 116
743 89
744 85
745 124
746 61
747 105
748 122
749 76
750 99
751 54
752 127
753 41
754 48
755 39
756 71
757 68
758 82
759 129
760 99
761 66
762 118
763 66
764 99
765 83
766 60
767 76
768 84
769 75
770 80
771 61
772 116
773 73
774 73
775 75
776 45
777 61
778 121
779 95
780 52
781 78
782 111
783 90
784 93
785 86
786 96
787 80
788 97
789 35
790 99
791 68
792 65
793 53
794 118
795 105
796 92
797 124
798 95
799 96
800 113
801 95
802 58
803 119
804 85
805 102
806 42
807 93
808 102
809 59
810 84
811 106
812 96
813 99
814 56
815 64
816 38
817 71
818 65
819 102
820 110
821 111
822 59
823 120
824 68
825 97
826 70
827 117
828 97
829 75
830 98
831 63
832 105
833 87
834 99
835 85
836 66
837 111
838 88
839 115
840 81
841 121
842 70
843 121
844 101
845 70
846 73
847 114
848 47
849 98
850 127
851 116
852 73
853 98
854 64
855 121
856 93
857 69
858 62
859 127
860 46
861 119
862 94
863 71
864 109
865 48
866 70
867 114
868 76
869 76
870 81
871 37
872 124
873 54
874 47
875 66
876 86
877 72
878 69
879 125
880 64
881 98
882 72
883 79
884 42
885 73
886 81
887 66
888 102
889 86
890 84
891 114
892 99
893 114
894 65
895 59
896 83
897 62
898 90
899 121
900 71
901 117
902 118
903 107
904 128
905 88
906 58
907 38
908 122
909 119
910 96
911 100
912 119
913 46
914 83
915 122
916 46
917 54
918 109
919 103
920 73
921 116
922 87
923 41
924 106
925 116
926 66
927 87
928 70
929 111
930 102
931 112
932 46
933 81
934 72
935 69
936 63
937 92
938 57
939 109
940 106
941 90
942 31
943 77
944 110
945 114
946 122
947 81
948 81
949 127
950 115
951 46
952 79
953 86
954 124
955 78
956 85
957 107
958 118
959 71
960 81
961 85
962 73
963 109
964 96
965 78
966 90
967 105
968 81
969 95
970 103
971 105
972 47
973 99
974 54
975 90
976 128
977 84
978 99
979 122
980 71
981 41
982 112
983 117
984 67
985 111
986 65
987 50
988 99
989 127
990 77
991 111
992 69
993 81
994 54
995 98
996 115
997 78
998 126
999 40
1000 45
1001 117
1002 121
1003 87
1004 70
1005 106
1006 124
1007 76
1008 78
1009 58
1010 69
1011 70
1012 103
1013 106
1014 42
1015 114
1016 37
1017 45
1018 67
1019 86
1020 44
1021 98
1022 127
1023 111
1024 108
1025 46
1026 118
1027 91
1028 65
1029 30
1030 115
1031 94
1032 109
1033 98
1034 64
1035 98
1036 120
1037 79
1038 61
1039 64
1040 124
1041 69
1042 106
1043 60
1044 37
1045 108
1046 44
1047 118
1048 118
1049 106
1050 46
1051 103
1052 85
1053 81
1054 99
1055 110
1056 72
1057 81
1058 74
1059 98
1060 129
1061 49
1062 94
1063 93
1064 96
1065 125
1066 48
1067 91
1068 102
1069 81
1070 120
1071 69
1072 94
1073 51
1074 103
1075 99
1076 123
1077 43
1078 45
1079 112
1080 77
1081 51
1082 62
1083 78
1084 119
1085 93
1086 75
1087 112
1088 113
1089 118
1090 68
1091 80
1092 92
1093 60
1094 79
1095 87
1096 79
1097 61
1098 119
1099 55
1100 96
1101 36
1102 75
1103 111
1104 32
1105 91
1106 75
1107 86
1108 49
1109 80
1110 126
1111 116
1112 50
1113 80
1114 92
1115 54
1116 65
1117 83
1118 86
1119 113
1120 39
1121 57
1122 95
1123 96
1124 116
1125 84
1126 94
1127 94
1128 87
1129 72
1130 76
1131 44
1132 112
1133 90
1134 79
1135 65
1136 128
1137 48
1138 72
1139 82
1140 120
1141 105
1142 109
1143 114
1144 111
1145 71
1146 113
1147 52
1148 89
1149 61
1150 61
1151 126
1152 89
1153 124
1154 102
1155 66
1156 118
1157 105
1158 99
1159 124
1160 115
1161 55
1162 127
1163 106
1164 40
1165 53
1166 77
1167 47
1168 67
1169 90
1170 93
1171 83
1172 64
1173 115
1174 36
1175 90
1176 63
1177 69
1178 76
1179 102
1180 70
1181 91
1182 115
1183 115
1184 119
1185 89
1186 118
1187 77
1188 84
1189 82
1190 126
1191 121
1192 49
1193 69
1194 111
1195 106
1196 121
1197 123
1198 50
1199 85
1200 122
1201 106
1202 119
1203 61
1204 74
1205 82
1206 122
1207 98
1208 57
1209 70
1210 85
1211 66
1212 84
1213 61
1214 98
1215 119
1216 70
1217 45
1218 79
1219 105
1220 81
1221 56
1222 94
1223 75
1224 99
1225 57
1226 32
1227 62
1228 76
1229 111
1230 109
1231 58
1232 125
1233 69
1234 111
1235 88
1236 56
1237 62
1238 83
1239 115
1240 64
1241 86
1242 77
1243 85
1244 78
1245 41
1246 76
1247 79
1248 82
1249 128
1250 82
1251 67
1252 62
1253 76
1254 70
1255 60
1256 30
1257 82
1258 60
1259 79
1260 50
1261 79
1262 85
1263 57
1264 31
1265 48
1266 87
1267 39
1268 38
1269 88
1270 69
1271 44
1272 44
1273 118
1274 98
1275 41
1276 31
1277 35
1278 111
1279 72
1280 98
1281 63
1282 128
1283 88
1284 119
1285 52
1286 74
1287 64
1288 72
1289 49
1290 61
1291 122
1292 96
1293 71
1294 53
1295 71
1296 99
1297 66
1298 98
1299 74
1300 83
1301 99
1302 60
1303 102
1304 83
1305 92
1306 82
1307 98
1308 79
1309 83
1310 37
1311 63
1312 84
1313 88
1314 103
1315 100
1316 122
1317 117
1318 79
1319 87
1320 76
1321 35
1322 82
1323 58
1324 79
1325 70
1326 71
1327 76
1328 53
1329 103
1330 105
1331 101
1332 75
1333 66
1334 42
1335 37
1336 73
1337 46
1338 87
1339 40
1340 74
1341 90
1342 41
1343 84
1344 95
1345 55
1346 91
1347 55
1348 82
1349 78
1350 99
1351 86
1352 70
1353 120
1354 123
1355 69
1356 109
1357 88
1358 74
1359 52
1360 61
1361 117
1362 60
1363 68
1364 118
1365 119
1366 88
1367 80
1368 120
1369 94
1370 92
1371 124
1372 60
1373 55
1374 93
1375 67
1376 51
1377 73
1378 53
1379 75
1380 53
1381 67
1382 86
1383 79
1384 41
1385 109
1386 117
1387 92
1388 53
1389 125
1390 67
1391 108
1392 107
1393 82
1394 84
1395 99
1396 89
1397 79
1398 32
1399 64
1400 57
1401 125
1402 121
1403 113
1404 114
1405 97
1406 73
1407 68
1408 119
1409 92
1410 113
1411 83
1412 60
1413 41
1414 114
1415 122
1416 96
1417 65
1418 109
1419 67
1420 107
1421 83
1422 66
1423 110
1424 81
1425 107
1426 101
1427 82
1428 87
1429 85
1430 48
1431 64
1432 84
1433 80
1434 97
1435 103
1436 105
1437 84
1438 70
1439 43
1440 119
1441 113
1442 126
1443 121
1444 127
1445 40
1446 99
1447 93
1448 80
1449 38
1450 35
1451 104
1452 66
1453 80
1454 64
1455 116
1456 125
1457 68
1458 123
1459 120
1460 125
1461 120
1462 70
1463 115
1464 102
1465 54
1466 63
1467 71
1468 99
1469 85
1470 97
1471 57
1472 109
1473 56
1474 59
1475 78
1476 49
1477 96
1478 84
1479 80
1480 125
1481 88
1482 95
1483 78
1484 68
1485 72
1486 103
1487 94
1488 76
1489 60
1490 120
1491 104
1492 53
1493 40
1494 73
1495 85
1496 70
1497 91
1498 121
1499 99
1500 119
1501 82
1502 105
1503 83
1504 58
1505 55
1506 33
1507 96
1508 69
1509 119
1510 102
1511 85
1512 123
1513 117
1514 73
1515 86
1516 91
1517 87
1518 66
1519 78
1520 74
1521 111
1522 106
1523 98
1524 72
1525 103
1526 35
1527 84
1528 49
1529 83
1530 110
1531 108
1532 64
1533 54
1534 55
1535 82
1536 109
1537 93
1538 98
1539 127
1540 110
1541 101
1542 71
1543 121
1544 109
1545 96
1546 92
1547 110
1548 124
1549 58
1550 111
1551 93
1552 44
1553 36
1554 111
1555 44
1556 43
1557 98
1558 67
1559 87
1560 66
1561 126
1562 93
1563 87
1564 120
1565 56
1566 67
1567 79
1568 52
1569 61
1570 110
1571 45
1572 129
1573 46
1574 58
1575 94
1576 75
1577 94
1578 73
1579 51
1580 50
1581 109
1582 32
1583 85
1584 73
1585 94
1586 97
1587 117
1588 118
1589 78
1590 39
1591 67
1592 96
1593 87
1594 73
1595 99
1596 68
1597 84
1598 61
1599 118
1600 108
;
param nested_lowerbound := 
1 25
2 30
3 38
4 55
5 89
6 123
7 125
8 221
9 300
10 395
11 406
12 437
13 452
14 476
15 535
16 556
17 613
18 650
19 684
20 722
21 739
22 751
23 793
24 868
25 925
26 973
27 1002
28 1079
29 1132
30 1140
31 1195
32 1269
33 1317
34 1406
35 1450
36 1464
37 1524
38 1526
39 1559
40 1641
41 1681
42 1704
43 1753
44 1785
45 1817
46 1893
47 1925
48 1982
49 2059
50 2119
51 2123
52 2133
53 2222
54 2248
55 2298
56 2393
57 2493
58 2573
59 2576
60 2685
61 2717
62 2734
63 2824
64 2859
65 2920
66 3002
67 3089
68 3109
69 3136
70 3192
71 3254
72 3303
73 3366
74 3375
75 3420
76 3425
77 3428
78 3527
79 3537
80 3563
81 3606
82 3627
83 3634
84 3756
85 3757
86 3809
87 3811
88 3828
89 3850
90 3881
91 3927
92 3935
93 3978
94 3987
95 4052
96 4092
97 4116
98 4217
99 4256
100 4294
101 4306
102 4328
103 4393
104 4490
105 4547
106 4553
107 4637
108 4695
109 4791
110 4856
111 4939
112 4960
113 4994
114 5051
115 5066
116 5110
117 5150
118 5232
119 5242
120 5302
121 5322
122 5377
123 5382
124 5386
125 5396
126 5405
127 5409
128 5450
129 5471
130 5547
131 5600
132 5611
133 5716
134 5769
135 5816
136 5833
137 5847
138 5854
139 5932
140 6025
141 6053
142 6116
143 6180
144 6203
145 6219
146 6285
147 6337
148 6365
149 6426
150 6542
151 6571
152 6612
153 6628
154 6677
155 6790
156 6801
157 6823
158 6870
159 6899
160 6906
161 7000
162 7069
163 7070
164 7087
165 7122
166 7125
167 7202
168 7292
169 7313
170 7340
171 7370
172 7404
173 7436
174 7475
175 7546
176 7586
177 7635
178 7708
179 7708
180 7715
181 7751
182 7816
183 7875
184 7911
185 7933
186 8047
187 8052
188 8098
189 8130
190 8149
191 8210
192 8286
193 8298
194 8298
195 8327
196 8336
197 8366
198 8435
199 8467
200 8503
201 8511
202 8545
203 8588
204 8668
205 8692
206 8755
207 8791
208 8846
209 8931
210 8972
211 8976
212 8978
213 9060
214 9155
215 9204
216 9218
217 9230
218 9276
219 9372
220 9393
221 9400
222 9437
223 9500
224 9508
225 9536
226 9624
227 9643
228 9654
229 9729
230 9763
231 9811
232 9880
233 9910
234 9928
235 9934
236 9953
237 10004
238 10052
239 10087
240 10096
241 10137
242 10161
243 10193
244 10232
245 10281
246 10326
247 10381
248 10381
249 10494
250 10559
251 10578
252 10583
253 10634
254 10695
255 10728
256 10744
257 10864
258 10867
259 10941
260 10969
261 11044
262 11079
263 11132
264 11227
265 11256
266 11339
267 11350
268 11376
269 11419
270 11473
271 11474
272 11517
273 11584
274 11662
275 11664
276 11756
277 11758
278 11782
279 11812
280 11849
281 11864
282 11954
283 12003
284 12043
285 12045
286 12080
287 12102
288 12153
289 12193
290 12240
291 12305
292 12406
293 12441
294 12481
295 12584
296 12588
297 12621
298 12680
299 12684
300 12697
301 12784
302 12864
303 12900
304 12923
305 12973
306 12988
307 13070
308 13116
309 13171
310 13265
311 13331
312 13344
313 13453
314 13478
315 13484
316 13551
317 13619
318 13697
319 13791
320 13866
321 13902
322 13953
323 13975
324 14036
325 14053
326 14065
327 14070
328 14078
329 14083
330 14092
331 14123
332 14161
333 14167
334 14177
335 14258
336 14303
337 14310
338 14325
339 14325
340 14347
341 14350
342 14376
343 14443
344 14512
345 14539
346 14551
347 14608
348 14634
349 14682
350 14741
351 14779
352 14896
353 14915
354 14949
355 14955
356 15035
357 15083
358 15153
359 15169
360 15202
361 15235
362 15271
363 15341
364 15402
365 15495
366 15562
367 15573
368 15593
369 15674
370 15717
371 15721
372 15748
373 15841
374 15845
375 15938
376 15974
377 16042
378 16075
379 16114
380 16132
381 16229
382 16346
383 16379
384 16458
385 16565
386 16610
387 16627
388 16692
389 16789
390 16790
391 16820
392 16829
393 16882
394 16918
395 16946
396 17007
397 17068
398 17104
399 17118
400 17150
401 17205
402 17285
403 17300
404 17305
405 17384
406 17413
407 17423
408 17472
409 17483
410 17509
411 17545
412 17566
413 17680
414 17687
415 17799
416 17884
417 17895
418 17948
419 17971
420 17980
421 18037
422 18081
423 18166
424 18233
425 18313
426 18355
427 18459
428 18520
429 18591
430 18638
431 18662
432 18772
433 18793
434 18826
435 18919
436 18983
437 19038
438 19048
439 19094
440 19191
441 19227
442 19297
443 19316
444 19332
445 19386
446 19426
447 19491
448 19549
449 19572
450 19583
451 19599
452 19617
453 19627
454 19704
455 19715
456 19806
457 19864
458 19885
459 19958
460 20007
461 20036
462 20061
463 20108
464 20116
465 20164
466 20194
467 20217
468 20280
469 20304
470 20385
471 20437
472 20491
473 20550
474 20561
475 20572
476 20634
477 20667
478 20757
479 20765
480 20806
481 20857
482 20941
483 20981
484 20999
485 21063
486 21139
487 21251
488 21322
489 21341
490 21413
491 21436
492 21496
493 21541
494 21637
495 21694
496 21759
497 21772
498 21776
499 21800
500 21910
501 21957
502 22048
503 22069
504 22112
505 22200
506 22214
507 22285
508 22319
509 22350
510 22438
511 22468
512 22480
513 22542
514 22560
515 22569
516 22586
517 22627
518 22694
519 22720
520 22774
521 22861
522 22928
523 22984
524 23021
525 23053
526 23106
527 23111
528 23184
529 23239
530 23280
531 23309
532 23334
533 23399
534 23417
535 23428
536 23519
537 23558
538 23609
539 23631
540 23707
541 23756
542 23827
543 23848
544 23882
545 23945
546 23951
547 23995
548 24011
549 24045
550 24083
551 24118
552 24134
553 24188
554 24212
555 24219
556 24246
557 24334
558 24358
559 24386
560 24406
561 24437
562 24533
563 24594
564 24618
565 24670
566 24674
567 24706
568 24758
569 24813
570 24878
571 24949
572 25048
573 25064
574 25112
575 25114
576 25156
577 25174
578 25204
579 25239
580 25323
581 25347
582 25385
583 25414
584 25434
585 25551
586 25577
587 25590
588 25635
589 25673
590 25728
591 25742
592 25773
593 25854
594 25875
595 25904
596 25971
597 26050
598 26076
599 26153
600 26196
601 26207
602 26263
603 26313
604 26387
605 26442
606 26507
607 26544
608 26559
609 26605
610 26688
611 26726
612 26751
613 26820
614 26850
615 26888
616 26902
617 26963
618 27038
619 27061
620 27081
621 27135
622 27150
623 27156
624 27160
625 27198
626 27260
627 27261
628 27285
629 27379
630 27409
631 27476
632 27483
633 27547
634 27588
635 27688
636 27706
637 27771
638 27798
639 27814
640 27825
641 27892
642 27935
643 27963
644 27975
645 28067
646 28082
647 28109
648 28165
649 28208
650 28223
651 28318
652 28356
653 28414
654 28457
655 28537
656 28546
657 28586
658 28591
659 28655
660 28687
661 28810
662 28830
663 28912
664 28932
665 29023
666 29099
667 29124
668 29148
669 29210
670 29328
671 29427
672 29457
673 29508
674 29575
675 29648
676 29661
677 29665
678 29678
679 29733
680 29748
681 29789
682 29842
683 29847
684 29915
685 29938
686 29988
687 30040
688 30094
689 30148
690 30183
691 30230
692 30249
693 30331
694 30384
695 30442
696 30474
697 30511
698 30538
699 30597
700 30643
701 30673
702 30702
703 30719
704 30724
705 30767
706 30786
707 30793
708 30836
709 30857
710 30926
711 30945
712 30965
713 31029
714 31065
715 31089
716 31121
717 31160
718 31209
719 31279
720 31335
721 31417
722 31462
723 31530
724 31531
725 31579
726 31600
727 31672
728 31728
729 31789
730 31799
731 31840
732 31873
733 31904
734 31909
735 31945
736 32010
737 32100
738 32172
739 32234
740 32264
741 32297
742 32362
743 32437
744 32456
745 32464
746 32472
747 32554
748 32618
749 32688
750 32721
751 32755
752 32841
753 32874
754 32890
755 32927
756 32930
757 32984
758 33034
759 33041
760 33053
761 33095
762 33152
763 33164
764 33197
765 33244
766 33285
767 33329
768 33331
769 33401
770 33440
771 33470
772 33502
773 33522
774 33542
775 33556
776 33571
777 33614
778 33700
779 33745
780 33783
781 33795
782 33850
783 33910
784 33941
785 33953
786 34040
787 34115
788 34196
789 34211
790 34219
791 34249
792 34277
793 34318
794 34390
795 34417
796 34507
797 34529
798 34614
799 34682
800 34722
801 34722
802 34747
803 34847
804 34877
805 34924
806 34966
807 35014
808 35020
809 35038
810 35051
811 35117
812 35159
813 35251
814 35300
815 35350
816 35386
817 35386
818 35394
819 35495
820 35502
821 35574
822 35594
823 35602
824 35669
825 35720
826 35769
827 35837
828 35874
829 35892
830 35931
831 35977
832 36039
833 36068
834 36163
835 36215
836 36244
837 36289
838 36374
839 36430
840 36509
841 36550
842 36568
843 36580
844 36653
845 36695
846 36737
847 36773
848 36779
849 36868
850 36910
851 36963
852 36976
853 37002
854 37052
855 37061
856 37139
857 37174
858 37177
859 37205
860 37216
861 37239
862 37289
863 37308
864 37311
865 37345
866 37396
867 37396
868 37429
869 37451
870 37490
871 37507
872 37584
873 37586
874 37599
875 37635
876 37706
877 37748
878 37754
879 37871
880 37924
881 37943
882 37990
883 38001
884 38010
885 38058
886 38104
887 38112
888 38131
889 38208
890 38231
891 38340
892 38347
893 38380
894 38440
895 38440
896 38498
897 38515
898 38586
899 38698
900 38711
901 38771
902 38835
903 38881
904 39004
905 39081
906 39122
907 39140
908 39158
909 39259
910 39259
911 39308
912 39348
913 39357
914 39394
915 39480
916 39505
917 39508
918 39557
919 39624
920 39697
921 39787
922 39804
923 39827
924 39919
925 40034
926 40043
927 40045
928 40057
929 40157
930 40182
931 40225
932 40238
933 40314
934 40356
935 40383
936 40395
937 40472
938 40478
939 40530
940 40534
941 40546
942 40572
943 40600
944 40681
945 40746
946 40753
947 40755
948 40809
949 40909
950 40967
951 40978
952 41046
953 41076
954 41148
955 41151
956 41152
957 41167
958 41234
959 41242
960 41266
961 41301
962 41311
963 41385
964 41469
965 41482
966 41506
967 41567
968 41607
969 41670
970 41759
971 41816
972 41844
973 41868
974 41914
975 41982
976 42088
977 42142
978 42203
979 42255
980 42259
981 42281
982 42387
983 42483
984 42535
985 42563
986 42620
987 42667
988 42766
989 42807
990 42819
991 42923
992 42928
993 42998
994 43005
995 43076
996 43126
997 43190
998 43228
999 43256
1000 43295
1001 43318
1002 43437
1003 43468
1004 43494
1005 43529
1006 43609
1007 43680
1008 43754
1009 43786
1010 43841
1011 43909
1012 43998
1013 44076
1014 44095
1015 44187
1016 44219
1017 44228
1018 44259
1019 44312
1020 44322
1021 44377
1022 44408
1023 44458
1024 44488
1025 44528
1026 44571
1027 44601
1028 44632
1029 44658
1030 44677
1031 44707
1032 44795
1033 44855
1034 44911
1035 44966
1036 44996
1037 45012
1038 45020
1039 45055
1040 45112
1041 45127
1042 45139
1043 45151
1044 45184
1045 45261
1046 45264
1047 45320
1048 45345
1049 45407
1050 45450
1051 45508
1052 45516
1053 45539
1054 45591
1055 45593
1056 45612
1057 45690
1058 45736
1059 45758
1060 45862
1061 45902
1062 45993
1063 46040
1064 46058
1065 46072
1066 46102
1067 46154
1068 46199
1069 46242
1070 46272
1071 46338
1072 46381
1073 46417
1074 46448
1075 46477
1076 46532
1077 46574
1078 46616
1079 46671
1080 46746
1081 46775
1082 46795
1083 46856
1084 46902
1085 46980
1086 47019
1087 47044
1088 47092
1089 47111
1090 47113
1091 47162
1092 47190
1093 47204
1094 47282
1095 47349
1096 47366
1097 47380
1098 47404
1099 47411
1100 47504
1101 47515
1102 47567
1103 47601
1104 47630
1105 47654
1106 47714
1107 47756
1108 47760
1109 47815
1110 47923
1111 48019
1112 48028
1113 48066
1114 48148
1115 48176
1116 48222
1117 48261
1118 48272
1119 48354
1120 48369
1121 48416
1122 48417
1123 48501
1124 48579
1125 48624
1126 48714
1127 48732
1128 48786
1129 48788
1130 48823
1131 48827
1132 48829
1133 48902
1134 48968
1135 48974
1136 49093
1137 49133
1138 49190
1139 49220
1140 49259
1141 49335
1142 49382
1143 49423
1144 49490
1145 49498
1146 49605
1147 49624
1148 49647
1149 49661
1150 49682
1151 49752
1152 49755
1153 49847
1154 49931
1155 49932
1156 49970
1157 50001
1158 50011
1159 50019
1160 50111
1161 50127
1162 50244
1163 50286
1164 50293
1165 50310
1166 50342
1167 50372
1168 50420
1169 50430
1170 50453
1171 50495
1172 50559
1173 50572
1174 50579
1175 50609
1176 50612
1177 50657
1178 50678
1179 50773
1180 50820
1181 50910
1182 50984
1183 51014
1184 51024
1185 51060
1186 51064
1187 51103
1188 51135
1189 51198
1190 51241
1191 51290
1192 51305
1193 51353
1194 51406
1195 51416
1196 51523
1197 51596
1198 51644
1199 51695
1200 51808
1201 51896
1202 51964
1203 52015
1204 52064
1205 52087
1206 52094
1207 52190
1208 52232
1209 52281
1210 52353
1211 52359
1212 52407
1213 52444
1214 52469
1215 52552
1216 52597
1217 52636
1218 52678
1219 52761
1220 52787
1221 52790
1222 52853
1223 52858
1224 52881
1225 52894
1226 52898
1227 52941
1228 52968
1229 53043
1230 53109
1231 53162
1232 53180
1233 53246
1234 53317
1235 53401
1236 53440
1237 53449
1238 53497
1239 53554
1240 53586
1241 53595
1242 53614
1243 53651
1244 53670
1245 53674
1246 53720
1247 53762
1248 53765
1249 53827
1250 53878
1251 53916
1252 53964
1253 54018
1254 54072
1255 54119
1256 54131
1257 54155
1258 54189
1259 54258
1260 54289
1261 54319
1262 54327
1263 54371
1264 54373
1265 54417
1266 54458
1267 54495
1268 54498
1269 54571
1270 54614
1271 54619
1272 54641
1273 54690
1274 54695
1275 54706
1276 54715
1277 54721
1278 54722
1279 54784
1280 54867
1281 54889
1282 54996
1283 55018
1284 55024
1285 55049
1286 55122
1287 55161
1288 55226
1289 55236
1290 55296
1291 55342
1292 55431
1293 55456
1294 55488
1295 55525
1296 55596
1297 55605
1298 55686
1299 55717
1300 55755
1301 55839
1302 55859
1303 55863
1304 55886
1305 55922
1306 55983
1307 56051
1308 56098
1309 56141
1310 56170
1311 56212
1312 56295
1313 56375
1314 56466
1315 56516
1316 56537
1317 56635
1318 56667
1319 56704
1320 56718
1321 56744
1322 56825
1323 56851
1324 56863
1325 56873
1326 56921
1327 56953
1328 56986
1329 57046
1330 57099
1331 57125
1332 57141
1333 57166
1334 57204
1335 57222
1336 57267
1337 57270
1338 57301
1339 57338
1340 57361
1341 57438
1342 57455
1343 57487
1344 57495
1345 57500
1346 57536
1347 57571
1348 57621
1349 57641
1350 57650
1351 57721
1352 57753
1353 57809
1354 57884
1355 57907
1356 57917
1357 57982
1358 58048
1359 58080
1360 58114
1361 58129
1362 58130
1363 58141
1364 58250
1365 58300
1366 58342
1367 58374
1368 58476
1369 58503
1370 58557
1371 58628
1372 58669
1373 58719
1374 58812
1375 58861
1376 58908
1377 58948
1378 58997
1379 59032
1380 59040
1381 59070
1382 59110
1383 59172
1384 59200
1385 59212
1386 59266
1387 59316
1388 59326
1389 59332
1390 59346
1391 59370
1392 59460
1393 59468
1394 59502
1395 59591
1396 59674
1397 59698
1398 59700
1399 59751
1400 59767
1401 59866
1402 59895
1403 59973
1404 59998
1405 60011
1406 60057
1407 60068
1408 60117
1409 60132
1410 60220
1411 60240
1412 60258
1413 60266
1414 60280
1415 60317
1416 60364
1417 60380
1418 60390
1419 60454
1420 60531
1421 60563
1422 60590
1423 60619
1424 60626
1425 60710
1426 60785
1427 60854
1428 60908
1429 60970
1430 61005
1431 61032
1432 61067
1433 61125
1434 61215
1435 61308
1436 61314
1437 61362
1438 61385
1439 61390
1440 61484
1441 61597
1442 61606
1443 61716
1444 61824
1445 61830
1446 61833
1447 61914
1448 61986
1449 61992
1450 61997
1451 62024
1452 62049
1453 62080
1454 62121
1455 62210
1456 62253
1457 62274
1458 62345
1459 62356
1460 62477
1461 62483
1462 62500
1463 62572
1464 62665
1465 62711
1466 62759
1467 62797
1468 62815
1469 62834
1470 62866
1471 62884
1472 62896
1473 62926
1474 62941
1475 62962
1476 62996
1477 63011
1478 63083
1479 63144
1480 63195
1481 63230
1482 63289
1483 63292
1484 63300
1485 63315
1486 63343
1487 63352
1488 63417
1489 63469
1490 63558
1491 63629
1492 63652
1493 63670
1494 63680
1495 63733
1496 63754
1497 63832
1498 63836
1499 63837
1500 63858
1501 63883
1502 63883
1503 63952
1504 64009
1505 64012
1506 64045
1507 64064
1508 64098
1509 64169
1510 64254
1511 64272
1512 64367
1513 64383
1514 64424
1515 64432
1516 64513
1517 64591
1518 64628
1519 64643
1520 64704
1521 64714
1522 64728
1523 64819
1524 64863
1525 64900
1526 64909
1527 64975
1528 65014
1529 65069
1530 65075
1531 65079
1532 65081
1533 65108
1534 65138
1535 65179
1536 65224
1537 65303
1538 65383
1539 65508
1540 65568
1541 65636
1542 65668
1543 65765
1544 65858
1545 65890
1546 65979
1547 66049
1548 66099
1549 66137
1550 66199
1551 66278
1552 66289
1553 66298
1554 66350
1555 66378
1556 66384
1557 66441
1558 66488
1559 66571
1560 66575
1561 66658
1562 66743
1563 66823
1564 66935
1565 66949
1566 67002
1567 67017
1568 67047
1569 67076
1570 67086
1571 67111
1572 67175
1573 67206
1574 67223
1575 67286
1576 67311
1577 67324
1578 67359
1579 67392
1580 67441
1581 67550
1582 67577
1583 67580
1584 67627
1585 67680
1586 67691
1587 67745
1588 67794
1589 67848
1590 67867
1591 67911
1592 68006
1593 68007
1594 68027
1595 68113
1596 68181
1597 68189
1598 68250
1599 68254
1600 68646
;
param nested_upperbound := 
1 27
2 69
3 130
4 134
5 201
6 283
7 297
8 314
9 383
10 431
11 497
12 587
13 658
14 684
15 780
16 787
17 851
18 902
19 920
20 971
21 1029
22 1122
23 1159
24 1202
25 1248
26 1249
27 1275
28 1390
29 1406
30 1467
31 1521
32 1564
33 1584
34 1648
35 1648
36 1708
37 1718
38 1764
39 1800
40 1844
41 1894
42 1945
43 1985
44 2027
45 2044
46 2124
47 2134
48 2139
49 2143
50 2162
51 2219
52 2274
53 2329
54 2381
55 2463
56 2539
57 2582
58 2610
59 2648
60 2722
61 2787
62 2799
63 2854
64 2975
65 3035
66 3052
67 3101
68 3158
69 3171
70 3245
71 3286
72 3309
73 3417
74 3473
75 3557
76 3567
77 3678
78 3741
79 3748
80 3797
81 3897
82 3926
83 3986
84 4052
85 4123
86 4152
87 4202
88 4233
89 4268
90 4289
91 4325
92 4347
93 4382
94 4453
95 4455
96 4488
97 4514
98 4522
99 4564
100 4627
101 4663
102 4688
103 4729
104 4793
105 4823
106 4911
107 4985
108 5040
109 5120
110 5129
111 5240
112 5275
113 5334
114 5454
115 5502
116 5548
117 5565
118 5567
119 5595
120 5657
121 5677
122 5727
123 5771
124 5782
125 5812
126 5899
127 5905
128 5934
129 5967
130 5990
131 5991
132 5999
133 6002
134 6024
135 6065
136 6143
137 6218
138 6294
139 6341
140 6401
141 6401
142 6440
143 6445
144 6505
145 6523
146 6527
147 6566
148 6611
149 6614
150 6647
151 6678
152 6759
153 6782
154 6784
155 6790
156 7005
157 7062
158 7120
159 7152
160 7166
161 7239
162 7241
163 7247
164 7330
165 7352
166 7425
167 7428
168 7466
169 7552
170 7564
171 7603
172 7667
173 7674
174 7707
175 7712
176 7762
177 7777
178 7823
179 7869
180 7893
181 7915
182 7969
183 7975
184 8054
185 8102
186 8217
187 8241
188 8306
189 8314
190 8372
191 8375
192 8407
193 8465
194 8513
195 8567
196 8571
197 8665
198 8727
199 8819
200 8851
201 8952
202 8967
203 9013
204 9018
205 9113
206 9178
207 9205
208 9227
209 9230
210 9290
211 9333
212 9368
213 9481
214 9571
215 9623
216 9649
217 9682
218 9753
219 9837
220 9853
221 9898
222 9906
223 9967
224 9986
225 9991
226 10021
227 10090
228 10103
229 10174
230 10256
231 10283
232 10288
233 10292
234 10299
235 10393
236 10397
237 10424
238 10486
239 10518
240 10520
241 10526
242 10573
243 10601
244 10710
245 10716
246 10723
247 10765
248 10770
249 10827
250 10849
251 10912
252 10937
253 11004
254 11099
255 11128
256 11177
257 11299
258 11334
259 11396
260 11421
261 11515
262 11625
263 11631
264 11710
265 11739
266 11742
267 11837
268 11866
269 11876
270 11887
271 11907
272 11961
273 11995
274 12076
275 12123
276 12200
277 12261
278 12262
279 12367
280 12447
281 12464
282 12483
283 12484
284 12510
285 12546
286 12578
287 12640
288 12652
289 12657
290 12673
291 12679
292 12700
293 12755
294 12860
295 12979
296 13046
297 13092
298 13164
299 13183
300 13219
301 13268
302 13285
303 13293
304 13310
305 13336
306 13361
307 13370
308 13411
309 13421
310 13458
311 13521
312 13569
313 13605
314 13606
315 13636
316 13683
317 13696
318 13699
319 13804
320 13886
321 13919
322 13964
323 14023
324 14037
325 14144
326 14200
327 14270
328 14298
329 14319
330 14324
331 14392
332 14411
333 14431
334 14530
335 14533
336 14613
337 14656
338 14678
339 14680
340 14702
341 14732
342 14821
343 14896
344 14929
345 14976
346 15029
347 15149
348 15195
349 15210
350 15227
351 15256
352 15305
353 15343
354 15371
355 15373
356 15500
357 15598
358 15703
359 15731
360 15751
361 15761
362 15799
363 15799
364 15801
365 15808
366 15825
367 15834
368 15843
369 15909
370 15917
371 16007
372 16052
373 16144
374 16145
375 16233
376 16270
377 16288
378 16297
379 16400
380 16412
381 16420
382 16448
383 16504
384 16549
385 16620
386 16677
387 16694
388 16715
389 16806
390 16838
391 16904
392 16945
393 16990
394 17000
395 17002
396 17065
397 17097
398 17143
399 17197
400 17266
401 17356
402 17379
403 17448
404 17466
405 17516
406 17574
407 17588
408 17592
409 17643
410 17690
411 17735
412 17805
413 17813
414 17882
415 17943
416 18025
417 18071
418 18121
419 18166
420 18235
421 18309
422 18320
423 18371
424 18426
425 18445
426 18477
427 18588
428 18594
429 18607
430 18660
431 18704
432 18800
433 18859
434 18900
435 18961
436 19060
437 19125
438 19133
439 19158
440 19248
441 19274
442 19297
443 19361
444 19378
445 19390
446 19434
447 19507
448 19552
449 19595
450 19625
451 19644
452 19680
453 19728
454 19777
455 19826
456 19863
457 19873
458 19895
459 19964
460 20050
461 20055
462 20180
463 20218
464 20281
465 20296
466 20312
467 20319
468 20330
469 20383
470 20466
471 20522
472 20524
473 20578
474 20640
475 20708
476 20779
477 20844
478 20856
479 20863
480 20889
481 20954
482 20968
483 21016
484 21046
485 21098
486 21163
487 21274
488 21340
489 21368
490 21422
491 21529
492 21651
493 21692
494 21730
495 21768
496 21819
497 21832
498 21845
499 21886
500 21947
501 22061
502 22119
503 22134
504 22165
505 22218
506 22238
507 22349
508 22423
509 22437
510 22476
511 22514
512 22524
513 22562
514 22602
515 22662
516 22688
517 22700
518 22825
519 22862
520 22894
521 22896
522 22967
523 23006
524 23044
525 23060
526 23112
527 23123
528 23206
529 23259
530 23308
531 23318
532 23346
533 23403
534 23480
535 23549
536 23581
537 23692
538 23716
539 23766
540 23793
541 23801
542 23861
543 23896
544 23900
545 23965
546 24033
547 24073
548 24136
549 24147
550 24190
551 24193
552 24274
553 24281
554 24306
555 24384
556 24416
557 24433
558 24452
559 24478
560 24496
561 24558
562 24669
563 24768
564 24786
565 24868
566 24877
567 24974
568 25034
569 25062
570 25079
571 25151
572 25208
573 25248
574 25277
575 25301
576 25363
577 25456
578 25528
579 25601
580 25647
581 25654
582 25688
583 25704
584 25714
585 25727
586 25751
587 25758
588 25790
589 25825
590 25901
591 25902
592 25953
593 25990
594 26114
595 26187
596 26282
597 26339
598 26397
599 26489
600 26516
601 26564
602 26588
603 26655
604 26709
605 26798
606 26799
607 26826
608 26858
609 26884
610 26902
611 26949
612 26970
613 26977
614 26990
615 27038
616 27080
617 27108
618 27200
619 27273
620 27284
621 27300
622 27315
623 27322
624 27355
625 27378
626 27420
627 27431
628 27505
629 27550
630 27581
631 27634
632 27641
633 27677
634 27720
635 27811
636 27872
637 27965
638 28070
639 28154
640 28177
641 28211
642 28215
643 28249
644 28308
645 28378
646 28436
647 28444
648 28494
649 28535
650 28599
651 28663
652 28725
653 28732
654 28756
655 28783
656 28828
657 28890
658 28931
659 28997
660 29004
661 29023
662 29049
663 29081
664 29178
665 29222
666 29274
667 29306
668 29318
669 29367
670 29400
671 29429
672 29503
673 29551
674 29632
675 29682
676 29687
677 29791
678 29811
679 29834
680 29855
681 29945
682 29997
683 30033
684 30087
685 30133
686 30141
687 30182
688 30237
689 30304
690 30315
691 30335
692 30344
693 30420
694 30457
695 30462
696 30480
697 30597
698 30626
699 30634
700 30668
701 30715
702 30734
703 30768
704 30860
705 30933
706 30981
707 31018
708 31057
709 31099
710 31101
711 31144
712 31189
713 31208
714 31259
715 31261
716 31270
717 31297
718 31336
719 31446
720 31475
721 31552
722 31565
723 31645
724 31648
725 31661
726 31700
727 31706
728 31759
729 31791
730 31818
731 31880
732 31921
733 31982
734 32057
735 32080
736 32108
737 32154
738 32241
739 32316
740 32338
741 32373
742 32419
743 32468
744 32546
745 32573
746 32585
747 32643
748 32732
749 32734
750 32759
751 32779
752 32866
753 32874
754 32920
755 32929
756 32972
757 33007
758 33054
759 33119
760 33122
761 33129
762 33155
763 33201
764 33229
765 33311
766 33342
767 33344
768 33404
769 33431
770 33495
771 33555
772 33587
773 33609
774 33660
775 33734
776 33742
777 33778
778 33870
779 33913
780 33946
781 34013
782 34110
783 34118
784 34151
785 34227
786 34303
787 34329
788 34383
789 34393
790 34485
791 34522
792 34534
793 34536
794 34559
795 34600
796 34666
797 34673
798 34703
799 34751
800 34858
801 34943
802 34960
803 34986
804 35018
805 35113
806 35135
807 35159
808 35200
809 35231
810 35239
811 35278
812 35279
813 35364
814 35369
815 35400
816 35436
817 35470
818 35524
819 35608
820 35692
821 35778
822 35818
823 35824
824 35866
825 35959
826 36002
827 36041
828 36077
829 36092
830 36154
831 36216
832 36316
833 36320
834 36322
835 36327
836 36329
837 36358
838 36414
839 36528
840 36599
841 36686
842 36754
843 36774
844 36823
845 36883
846 36941
847 36951
848 36973
849 36982
850 37012
851 37079
852 37104
853 37110
854 37169
855 37272
856 37320
857 37348
858 37374
859 37477
860 37498
861 37590
862 37606
863 37657
864 37677
865 37685
866 37725
867 37835
868 37870
869 37914
870 37986
871 38020
872 38078
873 38079
874 38090
875 38133
876 38188
877 38244
878 38301
879 38362
880 38393
881 38490
882 38497
883 38519
884 38547
885 38603
886 38645
887 38708
888 38800
889 38817
890 38828
891 38838
892 38925
893 38971
894 38982
895 39038
896 39039
897 39040
898 39068
899 39155
900 39169
901 39170
902 39224
903 39292
904 39413
905 39486
906 39534
907 39549
908 39647
909 39653
910 39663
911 39664
912 39739
913 39742
914 39813
915 39898
916 39920
917 39951
918 39976
919 40079
920 40137
921 40244
922 40319
923 40356
924 40403
925 40452
926 40482
927 40528
928 40577
929 40612
930 40661
931 40771
932 40776
933 40777
934 40839
935 40856
936 40858
937 40914
938 40958
939 40983
940 41000
941 41008
942 41028
943 41053
944 41098
945 41153
946 41185
947 41207
948 41266
949 41383
950 41453
951 41493
952 41503
953 41551
954 41590
955 41591
956 41654
957 41703
958 41761
959 41786
960 41827
961 41849
962 41859
963 41952
964 41986
965 41986
966 42076
967 42161
968 42192
969 42234
970 42255
971 42332
972 42367
973 42452
974 42482
975 42483
976 42520
977 42527
978 42575
979 42652
980 42709
981 42723
982 42737
983 42756
984 42813
985 42913
986 42967
987 43006
988 43027
989 43148
990 43178
991 43283
992 43331
993 43333
994 43347
995 43381
996 43439
997 43505
998 43525
999 43560
1000 43592
1001 43653
1002 43708
1003 43783
1004 43816
1005 43856
1006 43882
1007 43954
1008 44016
1009 44018
1010 44024
1011 44030
1012 44078
1013 44089
1014 44113
1015 44227
1016 44260
1017 44297
1018 44302
1019 44360
1020 44368
1021 44389
1022 44503
1023 44508
1024 44562
1025 44577
1026 44672
1027 44760
1028 44794
1029 44804
1030 44813
1031 44818
1032 44896
1033 44966
1034 44968
1035 45009
1036 45023
1037 45049
1038 45054
1039 45056
1040 45133
1041 45178
1042 45246
1043 45294
1044 45319
1045 45394
1046 45399
1047 45435
1048 45475
1049 45517
1050 45538
1051 45605
1052 45661
1053 45686
1054 45710
1055 45719
1056 45750
1057 45814
1058 45829
1059 45877
1060 45929
1061 45972
1062 46058
1063 46059
1064 46084
1065 46174
1066 46179
1067 46180
1068 46203
1069 46244
1070 46350
1071 46385
1072 46470
1073 46518
1074 46523
1075 46552
1076 46635
1077 46655
1078 46662
1079 46685
1080 46758
1081 46793
1082 46835
1083 46900
1084 46964
1085 46997
1086 47036
1087 47072
1088 47117
1089 47150
1090 47193
1091 47205
1092 47223
1093 47264
1094 47304
1095 47350
1096 47429
1097 47459
1098 47489
1099 47513
1100 47539
1101 47550
1102 47599
1103 47681
1104 47708
1105 47739
1106 47807
1107 47808
1108 47855
1109 47931
1110 48027
1111 48133
1112 48144
1113 48156
1114 48248
1115 48263
1116 48279
1117 48307
1118 48380
1119 48467
1120 48484
1121 48531
1122 48598
1123 48678
1124 48687
1125 48756
1126 48846
1127 48849
1128 48862
1129 48929
1130 48941
1131 48964
1132 48991
1133 49033
1134 49082
1135 49114
1136 49127
1137 49171
1138 49199
1139 49256
1140 49296
1141 49356
1142 49388
1143 49488
1144 49536
1145 49541
1146 49643
1147 49645
1148 49700
1149 49760
1150 49798
1151 49884
1152 49926
1153 49963
1154 50054
1155 50082
1156 50110
1157 50194
1158 50225
1159 50328
1160 50337
1161 50366
1162 50448
1163 50471
1164 50478
1165 50490
1166 50517
1167 50528
1168 50595
1169 50617
1170 50693
1171 50746
1172 50784
1173 50787
1174 50788
1175 50805
1176 50807
1177 50848
1178 50902
1179 50903
1180 50967
1181 51027
1182 51112
1183 51142
1184 51207
1185 51209
1186 51301
1187 51361
1188 51422
1189 51483
1190 51512
1191 51566
1192 51600
1193 51656
1194 51755
1195 51768
1196 51823
1197 51912
1198 51915
1199 51955
1200 52037
1201 52131
1202 52247
1203 52253
1204 52299
1205 52376
1206 52454
1207 52529
1208 52532
1209 52559
1210 52612
1211 52652
1212 52658
1213 52714
1214 52749
1215 52826
1216 52831
1217 52861
1218 52934
1219 53033
1220 53084
1221 53091
1222 53129
1223 53148
1224 53224
1225 53230
1226 53241
1227 53249
1228 53316
1229 53404
1230 53485
1231 53518
1232 53578
1233 53579
1234 53674
1235 53748
1236 53769
1237 53795
1238 53843
1239 53862
1240 53924
1241 53980
1242 53984
1243 53997
1244 54064
1245 54070
1246 54078
1247 54099
1248 54168
1249 54223
1250 54261
1251 54317
1252 54318
1253 54389
1254 54445
1255 54460
1256 54481
1257 54553
1258 54557
1259 54591
1260 54603
1261 54645
1262 54720
1263 54755
1264 54776
1265 54777
1266 54843
1267 54845
1268 54872
1269 54902
1270 54926
1271 54944
1272 54963
1273 55025
1274 55039
1275 55067
1276 55097
1277 55132
1278 55159
1279 55230
1280 55305
1281 55317
1282 55355
1283 55398
1284 55435
1285 55474
1286 55503
1287 55535
1288 55587
1289 55596
1290 55641
1291 55702
1292 55776
1293 55843
1294 55866
1295 55891
1296 55895
1297 55941
1298 55997
1299 56009
1300 56033
1301 56112
1302 56137
1303 56200
1304 56230
1305 56264
1306 56312
1307 56370
1308 56371
1309 56418
1310 56433
1311 56462
1312 56520
1313 56605
1314 56681
1315 56718
1316 56721
1317 56722
1318 56723
1319 56754
1320 56798
1321 56799
1322 56838
1323 56861
1324 56917
1325 56958
1326 57016
1327 57035
1328 57054
1329 57125
1330 57140
1331 57241
1332 57255
1333 57308
1334 57350
1335 57356
1336 57403
1337 57425
1338 57499
1339 57510
1340 57522
1341 57578
1342 57587
1343 57626
1344 57691
1345 57714
1346 57782
1347 57824
1348 57894
1349 57941
1350 58026
1351 58062
1352 58130
1353 58212
1354 58299
1355 58312
1356 58381
1357 58386
1358 58451
1359 58463
1360 58507
1361 58586
1362 58627
1363 58684
1364 58728
1365 58828
1366 58843
1367 58881
1368 58978
1369 59011
1370 59092
1371 59153
1372 59170
1373 59174
1374 59228
1375 59278
1376 59305
1377 59346
1378 59381
1379 59441
1380 59471
1381 59497
1382 59577
1383 59633
1384 59651
1385 59681
1386 59777
1387 59806
1388 59837
1389 59858
1390 59893
1391 59949
1392 60036
1393 60111
1394 60149
1395 60167
1396 60243
1397 60256
1398 60281
1399 60316
1400 60337
1401 60399
1402 60447
1403 60482
1404 60538
1405 60554
1406 60577
1407 60611
1408 60677
1409 60757
1410 60781
1411 60800
1412 60832
1413 60838
1414 60844
1415 60944
1416 60954
1417 61008
1418 61068
1419 61105
1420 61186
1421 61210
1422 61213
1423 61266
1424 61274
1425 61315
1426 61346
1427 61419
1428 61443
1429 61496
1430 61497
1431 61511
1432 61537
1433 61593
1434 61599
1435 61666
1436 61733
1437 61776
1438 61833
1439 61869
1440 61891
1441 61931
1442 61964
1443 61970
1444 62076
1445 62105
1446 62153
1447 62171
1448 62250
1449 62258
1450 62284
1451 62297
1452 62342
1453 62367
1454 62386
1455 62423
1456 62486
1457 62536
1458 62652
1459 62772
1460 62785
1461 62808
1462 62842
1463 62951
1464 62964
1465 62995
1466 63035
1467 63106
1468 63196
1469 63235
1470 63301
1471 63323
1472 63358
1473 63414
1474 63419
1475 63432
1476 63449
1477 63486
1478 63516
1479 63578
1480 63642
1481 63683
1482 63761
1483 63809
1484 63822
1485 63837
1486 63920
1487 63972
1488 64005
1489 64057
1490 64172
1491 64188
1492 64225
1493 64246
1494 64253
1495 64298
1496 64351
1497 64361
1498 64364
1499 64449
1500 64552
1501 64606
1502 64671
1503 64672
1504 64692
1505 64706
1506 64718
1507 64807
1508 64866
1509 64903
1510 64977
1511 65021
1512 65101
1513 65120
1514 65188
1515 65222
1516 65273
1517 65314
1518 65364
1519 65414
1520 65470
1521 65522
1522 65612
1523 65639
1524 65655
1525 65710
1526 65719
1527 65759
1528 65792
1529 65807
1530 65843
1531 65884
1532 65911
1533 65945
1534 65974
1535 65986
1536 66006
1537 66067
1538 66085
1539 66166
1540 66168
1541 66189
1542 66228
1543 66337
1544 66435
1545 66445
1546 66524
1547 66549
1548 66601
1549 66643
1550 66645
1551 66686
1552 66728
1553 66746
1554 66754
1555 66798
1556 66834
1557 66912
1558 66963
1559 67017
1560 67077
1561 67093
1562 67168
1563 67237
1564 67354
1565 67368
1566 67403
1567 67436
1568 67452
1569 67468
1570 67481
1571 67487
1572 67545
1573 67579
1574 67624
1575 67671
1576 67693
1577 67765
1578 67777
1579 67814
1580 67857
1581 67885
1582 67891
1583 67956
1584 68029
1585 68105
1586 68111
1587 68134
1588 68212
1589 68228
1590 68266
1591 68307
1592 68312
1593 68331
1594 68333
1595 68431
1596 68455
1597 68479
1598 68536
1599 68561
1600 68646
;
param cost_a := 
1 0.502798
2 0.795643
3 0.989543
4 0.561400
5 0.514679
6 0.421090
7 0.511813
8 0.432941
9 0.423638
10 0.983830
11 0.296806
12 0.846790
13 0.059223
14 0.868046
15 0.606536
16 0.040501
17 0.891183
18 0.168045
19 0.676576
20 0.829879
21 0.561991
22 0.417103
23 0.793704
24 0.183069
25 0.419915
26 0.369061
27 0.607921
28 0.929457
29 0.680675
30 0.373997
31 0.326870
32 0.004602
33 0.846678
34 0.882509
35 0.488567
36 0.297436
37 0.357547
38 0.200019
39 0.899918
40 0.924804
41 0.134159
42 0.793213
43 0.063881
44 0.610899
45 0.710611
46 0.225105
47 0.997216
48 0.795471
49 0.024519
50 0.163408
51 0.763623
52 0.134732
53 0.655781
54 0.868800
55 0.313659
56 0.192635
57 0.367412
58 0.125318
59 0.333203
60 0.347782
61 0.209284
62 0.724569
63 0.756306
64 0.262484
65 0.196587
66 0.358561
67 0.396140
68 0.675528
69 0.669529
70 0.112915
71 0.789351
72 0.789027
73 0.879320
74 0.682850
75 0.834465
76 0.122224
77 0.127645
78 0.958774
79 0.134128
80 0.401458
81 0.912870
82 0.746453
83 0.123763
84 0.845487
85 0.005911
86 0.098666
87 0.085881
88 0.089208
89 0.192186
90 0.040898
91 0.009594
92 0.966298
93 0.573302
94 0.373059
95 0.959006
96 0.442638
97 0.823094
98 0.722362
99 0.161995
100 0.157382
101 0.637366
102 0.109416
103 0.422501
104 0.287350
105 0.805166
106 0.970249
107 0.694800
108 0.802943
109 0.861641
110 0.851404
111 0.737324
112 0.630084
113 0.158501
114 0.863392
115 0.686469
116 0.772712
117 0.407854
118 0.439720
119 0.157388
120 0.084163
121 0.318634
122 0.004372
123 0.089179
124 0.103286
125 0.852094
126 0.800015
127 0.005916
128 0.192466
129 0.873787
130 0.372411
131 0.662870
132 0.129723
133 0.574202
134 0.043371
135 0.188857
136 0.315889
137 0.968693
138 0.135309
139 0.820969
140 0.860363
141 0.069573
142 0.734818
143 0.157107
144 0.005265
145 0.949195
146 0.400898
147 0.524524
148 0.637837
149 0.882613
150 0.435342
151 0.579230
152 0.024712
153 0.071851
154 0.138477
155 0.611451
156 0.379249
157 0.111051
158 0.872861
159 0.236414
160 0.444380
161 0.352764
162 0.750696
163 0.197626
164 0.938482
165 0.680332
166 0.347642
167 0.901370
168 0.470563
169 0.879844
170 0.026369
171 0.036525
172 0.383600
173 0.837310
174 0.227617
175 0.212901
176 0.931141
177 0.162737
178 0.454666
179 0.974145
180 0.232334
181 0.562463
182 0.639076
183 0.807856
184 0.584337
185 0.344624
186 0.131170
187 0.885924
188 0.938589
189 0.849834
190 0.708200
191 0.222187
192 0.668729
193 0.350123
194 0.736255
195 0.732365
196 0.172966
197 0.053945
198 0.958909
199 0.322828
200 0.362519
201 0.293499
202 0.316268
203 0.620100
204 0.690260
205 0.752865
206 0.722483
207 0.282118
208 0.070002
209 0.721414
210 0.847964
211 0.005098
212 0.826897
213 0.826689
214 0.664439
215 0.356480
216 0.703213
217 0.514426
218 0.816683
219 0.424753
220 0.921284
221 0.700615
222 0.784121
223 0.981088
224 0.376727
225 0.521460
226 0.288725
227 0.395545
228 0.200049
229 0.951862
230 0.492476
231 0.942216
232 0.183571
233 0.251469
234 0.208394
235 0.363026
236 0.923117
237 0.729630
238 0.623486
239 0.639022
240 0.970219
241 0.196502
242 0.900185
243 0.840815
244 0.830618
245 0.687334
246 0.484724
247 0.696453
248 0.278644
249 0.610404
250 0.006576
251 0.125351
252 0.184573
253 0.376318
254 0.302501
255 0.441010
256 0.873386
257 0.817356
258 0.341897
259 0.223100
260 0.948342
261 0.300281
262 0.667075
263 0.001089
264 0.521621
265 0.374487
266 0.392743
267 0.876952
268 0.896794
269 0.079623
270 0.833387
271 0.043602
272 0.944177
273 0.662760
274 0.445409
275 0.828510
276 0.700175
277 0.424938
278 0.982803
279 0.408623
280 0.105490
281 0.730374
282 0.570795
283 0.703006
284 0.274633
285 0.868864
286 0.801311
287 0.153753
288 0.260444
289 0.462871
290 0.947274
291 0.153555
292 0.942377
293 0.455518
294 0.979669
295 0.769933
296 0.426093
297 0.404199
298 0.251973
299 0.151460
300 0.194440
301 0.836727
302 0.490944
303 0.580432
304 0.196200
305 0.802922
306 0.100951
307 0.559297
308 0.099001
309 0.474279
310 0.750932
311 0.584709
312 0.066596
313 0.707812
314 0.768723
315 0.373499
316 0.648257
317 0.897411
318 0.016921
319 0.258885
320 0.689295
321 0.187036
322 0.667623
323 0.273144
324 0.586788
325 0.214752
326 0.630261
327 0.074540
328 0.723361
329 0.995161
330 0.317457
331 0.361681
332 0.514413
333 0.329936
334 0.958214
335 0.747546
336 0.200484
337 0.262190
338 0.785918
339 0.238309
340 0.306473
341 0.560120
342 0.140559
343 0.478664
344 0.573225
345 0.028847
346 0.830235
347 0.785718
348 0.144537
349 0.606598
350 0.996404
351 0.697618
352 0.863918
353 0.702344
354 0.220531
355 0.310926
356 0.700488
357 0.076761
358 0.696693
359 0.072367
360 0.582183
361 0.756824
362 0.975339
363 0.925917
364 0.266960
365 0.006593
366 0.057862
367 0.795298
368 0.329024
369 0.252723
370 0.489764
371 0.304813
372 0.877085
373 0.082944
374 0.562125
375 0.408044
376 0.255483
377 0.999255
378 0.786758
379 0.204280
380 0.706542
381 0.514785
382 0.459841
383 0.676668
384 0.793808
385 0.434247
386 0.371959
387 0.383905
388 0.300850
389 0.752673
390 0.559455
391 0.278910
392 0.329122
393 0.545533
394 0.422587
395 0.813254
396 0.420892
397 0.505636
398 0.560462
399 0.315233
400 0.729547
401 0.408134
402 0.290847
403 0.302328
404 0.549633
405 0.754703
406 0.034869
407 0.905374
408 0.902751
409 0.161447
410 0.552318
411 0.942144
412 0.352998
413 0.712295
414 0.412625
415 0.382125
416 0.796904
417 0.500642
418 0.079797
419 0.992144
420 0.637884
421 0.926699
422 0.576489
423 0.844065
424 0.513985
425 0.006514
426 0.873051
427 0.101178
428 0.600268
429 0.980837
430 0.921804
431 0.078955
432 0.453437
433 0.887980
434 0.624977
435 0.998742
436 0.406390
437 0.484557
438 0.986636
439 0.119516
440 0.654118
441 0.961462
442 0.254601
443 0.043229
444 0.399968
445 0.309660
446 0.007767
447 0.943323
448 0.752521
449 0.941366
450 0.887417
451 0.263886
452 0.478422
453 0.266881
454 0.007992
455 0.078502
456 0.225247
457 0.365870
458 0.013515
459 0.783197
460 0.431074
461 0.674045
462 0.270195
463 0.126990
464 0.833672
465 0.732251
466 0.803978
467 0.756428
468 0.282289
469 0.514616
470 0.303677
471 0.467037
472 0.438803
473 0.665964
474 0.816002
475 0.215036
476 0.932529
477 0.135860
478 0.658202
479 0.646700
480 0.604278
481 0.197688
482 0.567231
483 0.450666
484 0.640293
485 0.685835
486 0.191223
487 0.230027
488 0.655482
489 0.472571
490 0.709753
491 0.826454
492 0.137902
493 0.738431
494 0.643770
495 0.107659
496 0.112744
497 0.465868
498 0.784238
499 0.152364
500 0.424101
501 0.805684
502 0.630458
503 0.533574
504 0.666591
505 0.529227
506 0.784686
507 0.011257
508 0.526457
509 0.686565
510 0.399087
511 0.399673
512 0.113028
513 0.841803
514 0.014244
515 0.672432
516 0.776506
517 0.851486
518 0.965303
519 0.509949
520 0.916794
521 0.090446
522 0.962581
523 0.479349
524 0.390629
525 0.311726
526 0.477791
527 0.865940
528 0.320597
529 0.953172
530 0.185267
531 0.848249
532 0.399616
533 0.672998
534 0.919462
535 0.225203
536 0.168263
537 0.210135
538 0.415637
539 0.264398
540 0.219902
541 0.322377
542 0.500116
543 0.444500
544 0.859786
545 0.556320
546 0.389608
547 0.912661
548 0.409427
549 0.947820
550 0.346028
551 0.369451
552 0.106244
553 0.440178
554 0.113917
555 0.829148
556 0.401098
557 0.839466
558 0.341954
559 0.282338
560 0.402554
561 0.502415
562 0.558249
563 0.710619
564 0.256820
565 0.671973
566 0.230994
567 0.169804
568 0.386020
569 0.439166
570 0.001717
571 0.768394
572 0.735069
573 0.717077
574 0.327814
575 0.322149
576 0.498663
577 0.363758
578 0.514176
579 0.263479
580 0.214958
581 0.685618
582 0.450665
583 0.025956
584 0.621284
585 0.991292
586 0.302829
587 0.609609
588 0.269797
589 0.648233
590 0.927693
591 0.361752
592 0.597245
593 0.220255
594 0.904596
595 0.180963
596 0.933080
597 0.733944
598 0.782986
599 0.368432
600 0.813918
601 0.935391
602 0.454718
603 0.211229
604 0.949899
605 0.555859
606 0.457849
607 0.086166
608 0.259791
609 0.106037
610 0.512061
611 0.420771
612 0.556721
613 0.563203
614 0.672762
615 0.239491
616 0.725181
617 0.504150
618 0.171596
619 0.258595
620 0.582539
621 0.768897
622 0.285486
623 0.572340
624 0.064537
625 0.616246
626 0.444507
627 0.895846
628 0.914318
629 0.551908
630 0.250802
631 0.096682
632 0.688296
633 0.573462
634 0.136416
635 0.357548
636 0.619747
637 0.483580
638 0.037336
639 0.766539
640 0.702257
641 0.173968
642 0.704186
643 0.429306
644 0.270235
645 0.377180
646 0.106951
647 0.339059
648 0.362452
649 0.321943
650 0.821759
651 0.225689
652 0.257141
653 0.009860
654 0.312159
655 0.434389
656 0.763467
657 0.457331
658 0.635518
659 0.557020
660 0.144192
661 0.216263
662 0.317043
663 0.056054
664 0.928204
665 0.800605
666 0.939631
667 0.481280
668 0.349063
669 0.302996
670 0.397138
671 0.083571
672 0.717029
673 0.486750
674 0.751839
675 0.677850
676 0.697095
677 0.983179
678 0.223752
679 0.499001
680 0.224289
681 0.912683
682 0.020175
683 0.529816
684 0.640107
685 0.280295
686 0.488190
687 0.359181
688 0.580167
689 0.872336
690 0.441061
691 0.051544
692 0.183278
693 0.100556
694 0.471352
695 0.775323
696 0.325837
697 0.303616
698 0.619274
699 0.048249
700 0.813070
701 0.423009
702 0.914174
703 0.411739
704 0.779887
705 0.721457
706 0.050232
707 0.144285
708 0.969151
709 0.306597
710 0.794380
711 0.265369
712 0.063994
713 0.661193
714 0.655075
715 0.566859
716 0.853300
717 0.163391
718 0.865013
719 0.737860
720 0.705799
721 0.706459
722 0.849013
723 0.821900
724 0.618249
725 0.997220
726 0.060214
727 0.261908
728 0.986958
729 0.925847
730 0.373408
731 0.648797
732 0.229447
733 0.556906
734 0.123720
735 0.993571
736 0.454353
737 0.792535
738 0.372050
739 0.890723
740 0.542693
741 0.603340
742 0.065547
743 0.332286
744 0.262405
745 0.911104
746 0.442117
747 0.167272
748 0.390630
749 0.739596
750 0.302327
751 0.280300
752 0.264478
753 0.125763
754 0.640258
755 0.486113
756 0.721053
757 0.503319
758 0.586770
759 0.903233
760 0.021336
761 0.834201
762 0.674298
763 0.180398
764 0.080004
765 0.670603
766 0.081721
767 0.403504
768 0.144622
769 0.581288
770 0.761010
771 0.808629
772 0.982623
773 0.970566
774 0.184268
775 0.568323
776 0.643324
777 0.256842
778 0.880439
779 0.903702
780 0.964731
781 0.659853
782 0.955393
783 0.603970
784 0.191207
785 0.471670
786 0.407235
787 0.707864
788 0.358094
789 0.656291
790 0.260612
791 0.618100
792 0.483168
793 0.936126
794 0.349470
795 0.280277
796 0.082365
797 0.180887
798 0.977086
799 0.261757
800 0.098487
801 0.915378
802 0.675414
803 0.613931
804 0.996641
805 0.107425
806 0.872666
807 0.292854
808 0.538952
809 0.085623
810 0.458717
811 0.648605
812 0.603637
813 0.468852
814 0.012348
815 0.072805
816 0.359807
817 0.365452
818 0.822495
819 0.316610
820 0.149412
821 0.819685
822 0.797594
823 0.258054
824 0.561513
825 0.546605
826 0.912764
827 0.008024
828 0.411647
829 0.403655
830 0.994000
831 0.198196
832 0.660276
833 0.798311
834 0.381703
835 0.092144
836 0.719422
837 0.325805
838 0.352777
839 0.802435
840 0.105315
841 0.369444
842 0.111218
843 0.381861
844 0.997466
845 0.178263
846 0.681502
847 0.886070
848 0.960842
849 0.062723
850 0.157260
851 0.677700
852 0.877860
853 0.818911
854 0.469633
855 0.258749
856 0.020722
857 0.305150
858 0.145386
859 0.778215
860 0.172140
861 0.252163
862 0.424227
863 0.066201
864 0.773775
865 0.888930
866 0.598013
867 0.593482
868 0.246794
869 0.811070
870 0.521351
871 0.147163
872 0.887693
873 0.707078
874 0.923852
875 0.248396
876 0.095100
877 0.089982
878 0.428646
879 0.417227
880 0.129553
881 0.057930
882 0.049969
883 0.312495
884 0.148288
885 0.326975
886 0.404518
887 0.541318
888 0.890865
889 0.342789
890 0.926966
891 0.543026
892 0.118985
893 0.185260
894 0.029413
895 0.406534
896 0.735160
897 0.230912
898 0.387730
899 0.777978
900 0.419922
901 0.132805
902 0.374664
903 0.157047
904 0.636055
905 0.616062
906 0.090233
907 0.865792
908 0.950861
909 0.869376
910 0.464358
911 0.802804
912 0.823785
913 0.938849
914 0.524841
915 0.768480
916 0.296720
917 0.500226
918 0.135708
919 0.663739
920 0.408162
921 0.699067
922 0.316613
923 0.224854
924 0.629856
925 0.405638
926 0.653390
927 0.161207
928 0.195928
929 0.232253
930 0.303042
931 0.610601
932 0.859484
933 0.005558
934 0.683314
935 0.718373
936 0.370480
937 0.074692
938 0.117727
939 0.881912
940 0.821193
941 0.868520
942 0.481303
943 0.781263
944 0.951918
945 0.491074
946 0.260424
947 0.739385
948 0.549534
949 0.864094
950 0.402145
951 0.222199
952 0.205412
953 0.989029
954 0.883966
955 0.398929
956 0.926638
957 0.308067
958 0.084486
959 0.637347
960 0.415827
961 0.894766
962 0.778497
963 0.606372
964 0.249853
965 0.299579
966 0.917033
967 0.300076
968 0.696595
969 0.314014
970 0.283511
971 0.782510
972 0.511343
973 0.699442
974 0.641543
975 0.781864
976 0.750798
977 0.052508
978 0.108154
979 0.435302
980 0.432641
981 0.448838
982 0.198051
983 0.502467
984 0.752426
985 0.320221
986 0.290254
987 0.225936
988 0.547107
989 0.177643
990 0.167822
991 0.721065
992 0.765781
993 0.293571
994 0.774556
995 0.325482
996 0.873274
997 0.301568
998 0.419488
999 0.730098
1000 0.371000
1001 0.859817
1002 0.340628
1003 0.948855
1004 0.972036
1005 0.057365
1006 0.813840
1007 0.263534
1008 0.413664
1009 0.117859
1010 0.860906
1011 0.202801
1012 0.430667
1013 0.175283
1014 0.072738
1015 0.381257
1016 0.046452
1017 0.459673
1018 0.119345
1019 0.634629
1020 0.066611
1021 0.138027
1022 0.167624
1023 0.341321
1024 0.480825
1025 0.306587
1026 0.671147
1027 0.118409
1028 0.394047
1029 0.225412
1030 0.833086
1031 0.221766
1032 0.116700
1033 0.824625
1034 0.474037
1035 0.965342
1036 0.146162
1037 0.793949
1038 0.060957
1039 0.303735
1040 0.968079
1041 0.193131
1042 0.271551
1043 0.395046
1044 0.896130
1045 0.490563
1046 0.680409
1047 0.477596
1048 0.552607
1049 0.250899
1050 0.958805
1051 0.754451
1052 0.069748
1053 0.349688
1054 0.379523
1055 0.183794
1056 0.663034
1057 0.594023
1058 0.411223
1059 0.121034
1060 0.892704
1061 0.972929
1062 0.773779
1063 0.650150
1064 0.688533
1065 0.449688
1066 0.506673
1067 0.177113
1068 0.065447
1069 0.240532
1070 0.376968
1071 0.437330
1072 0.403859
1073 0.900113
1074 0.321509
1075 0.491917
1076 0.208621
1077 0.253866
1078 0.579967
1079 0.554192
1080 0.394307
1081 0.280885
1082 0.730951
1083 0.598148
1084 0.372046
1085 0.458146
1086 0.992860
1087 0.654749
1088 0.534449
1089 0.827874
1090 0.894311
1091 0.499762
1092 0.150191
1093 0.144611
1094 0.755868
1095 0.078438
1096 0.188599
1097 0.896975
1098 0.355499
1099 0.497674
1100 0.197140
1101 0.781375
1102 0.674560
1103 0.745450
1104 0.051004
1105 0.330876
1106 0.739305
1107 0.470121
1108 0.183985
1109 0.872172
1110 0.284815
1111 0.168802
1112 0.793697
1113 0.797082
1114 0.273905
1115 0.994389
1116 0.491643
1117 0.292211
1118 0.202995
1119 0.094900
1120 0.940010
1121 0.171409
1122 0.620072
1123 0.946635
1124 0.182046
1125 0.300364
1126 0.366811
1127 0.534296
1128 0.631693
1129 0.291169
1130 0.737561
1131 0.466511
1132 0.040690
1133 0.676902
1134 0.022339
1135 0.194362
1136 0.207627
1137 0.652263
1138 0.769125
1139 0.423314
1140 0.733498
1141 0.686002
1142 0.562663
1143 0.575594
1144 0.762078
1145 0.874400
1146 0.172650
1147 0.770380
1148 0.370967
1149 0.812231
1150 0.573605
1151 0.243282
1152 0.100485
1153 0.008665
1154 0.581854
1155 0.424451
1156 0.022577
1157 0.470254
1158 0.692022
1159 0.036240
1160 0.760733
1161 0.011653
1162 0.126041
1163 0.556707
1164 0.974425
1165 0.136943
1166 0.132132
1167 0.224335
1168 0.017883
1169 0.960378
1170 0.189367
1171 0.432215
1172 0.773048
1173 0.605150
1174 0.985333
1175 0.876523
1176 0.040339
1177 0.832195
1178 0.840085
1179 0.184486
1180 0.348416
1181 0.308329
1182 0.648993
1183 0.951118
1184 0.615400
1185 0.923941
1186 0.410245
1187 0.161880
1188 0.759047
1189 0.915244
1190 0.989682
1191 0.870002
1192 0.112186
1193 0.234508
1194 0.956318
1195 0.732560
1196 0.352231
1197 0.643973
1198 0.096295
1199 0.588510
1200 0.599901
1201 0.385084
1202 0.581199
1203 0.684726
1204 0.382315
1205 0.994434
1206 0.728563
1207 0.422691
1208 0.289388
1209 0.901270
1210 0.848077
1211 0.608844
1212 0.380037
1213 0.848646
1214 0.816394
1215 0.145682
1216 0.715966
1217 0.931286
1218 0.766631
1219 0.898584
1220 0.815849
1221 0.137941
1222 0.615538
1223 0.114897
1224 0.331506
1225 0.724501
1226 0.082014
1227 0.257200
1228 0.850234
1229 0.526361
1230 0.375015
1231 0.441764
1232 0.423710
1233 0.444493
1234 0.847110
1235 0.846047
1236 0.213951
1237 0.809436
1238 0.621812
1239 0.465716
1240 0.530578
1241 0.140857
1242 0.508519
1243 0.461979
1244 0.511204
1245 0.977585
1246 0.418276
1247 0.044169
1248 0.768015
1249 0.953995
1250 0.986746
1251 0.380331
1252 0.488687
1253 0.143336
1254 0.197711
1255 0.420188
1256 0.738555
1257 0.877082
1258 0.481054
1259 0.750206
1260 0.063478
1261 0.781606
1262 0.033617
1263 0.679577
1264 0.939171
1265 0.649455
1266 0.979470
1267 0.678794
1268 0.152756
1269 0.982242
1270 0.448064
1271 0.059101
1272 0.836139
1273 0.605618
1274 0.704384
1275 0.391429
1276 0.598301
1277 0.664053
1278 0.114645
1279 0.617564
1280 0.024920
1281 0.554099
1282 0.974231
1283 0.104114
1284 0.728756
1285 0.949546
1286 0.061499
1287 0.031458
1288 0.143037
1289 0.010371
1290 0.211722
1291 0.495224
1292 0.352608
1293 0.149582
1294 0.229867
1295 0.526903
1296 0.453907
1297 0.358055
1298 0.079082
1299 0.913116
1300 0.224865
1301 0.057185
1302 0.493635
1303 0.209599
1304 0.269608
1305 0.762631
1306 0.970777
1307 0.706353
1308 0.280401
1309 0.499703
1310 0.495352
1311 0.304506
1312 0.630536
1313 0.911858
1314 0.344188
1315 0.313267
1316 0.176923
1317 0.348556
1318 0.904186
1319 0.066974
1320 0.909929
1321 0.907152
1322 0.618709
1323 0.997582
1324 0.940543
1325 0.435779
1326 0.951277
1327 0.377034
1328 0.261233
1329 0.880103
1330 0.623733
1331 0.366812
1332 0.756921
1333 0.076587
1334 0.347973
1335 0.278580
1336 0.076258
1337 0.158385
1338 0.825992
1339 0.060152
1340 0.200943
1341 0.147173
1342 0.942397
1343 0.975155
1344 0.872119
1345 0.055255
1346 0.816732
1347 0.242583
1348 0.447902
1349 0.916962
1350 0.719838
1351 0.044052
1352 0.274908
1353 0.606867
1354 0.789176
1355 0.791910
1356 0.259161
1357 0.084547
1358 0.002410
1359 0.880467
1360 0.018082
1361 0.831623
1362 0.986754
1363 0.315450
1364 0.785257
1365 0.716505
1366 0.953468
1367 0.633403
1368 0.123526
1369 0.335772
1370 0.352567
1371 0.383090
1372 0.479413
1373 0.038333
1374 0.742234
1375 0.145063
1376 0.683263
1377 0.339482
1378 0.860549
1379 0.613434
1380 0.664440
1381 0.276715
1382 0.974118
1383 0.655431
1384 0.909780
1385 0.447607
1386 0.258802
1387 0.499756
1388 0.545980
1389 0.002337
1390 0.242186
1391 0.283773
1392 0.372940
1393 0.739353
1394 0.205575
1395 0.112480
1396 0.715077
1397 0.672467
1398 0.905253
1399 0.548776
1400 0.591446
1401 0.001079
1402 0.028339
1403 0.064902
1404 0.433028
1405 0.322524
1406 0.448072
1407 0.439038
1408 0.396827
1409 0.176442
1410 0.586447
1411 0.378880
1412 0.241492
1413 0.605858
1414 0.029082
1415 0.795633
1416 0.737913
1417 0.358104
1418 0.967844
1419 0.137202
1420 0.690831
1421 0.630941
1422 0.071182
1423 0.018463
1424 0.843772
1425 0.895230
1426 0.000275
1427 0.059356
1428 0.229633
1429 0.295218
1430 0.001010
1431 0.358127
1432 0.913078
1433 0.440981
1434 0.807495
1435 0.387421
1436 0.548407
1437 0.064804
1438 0.492186
1439 0.305011
1440 0.747866
1441 0.014230
1442 0.890917
1443 0.718796
1444 0.920404
1445 0.399272
1446 0.817989
1447 0.837334
1448 0.999664
1449 0.399721
1450 0.467185
1451 0.672483
1452 0.332545
1453 0.270739
1454 0.168944
1455 0.539857
1456 0.945954
1457 0.460885
1458 0.042139
1459 0.525651
1460 0.449407
1461 0.476462
1462 0.040777
1463 0.854972
1464 0.964934
1465 0.189530
1466 0.451632
1467 0.207190
1468 0.703258
1469 0.694183
1470 0.048217
1471 0.977904
1472 0.126557
1473 0.566635
1474 0.849678
1475 0.284982
1476 0.053089
1477 0.479420
1478 0.770104
1479 0.157731
1480 0.567811
1481 0.558450
1482 0.374397
1483 0.833603
1484 0.205627
1485 0.653936
1486 0.481285
1487 0.415947
1488 0.570199
1489 0.822135
1490 0.472214
1491 0.319172
1492 0.341291
1493 0.784603
1494 0.876747
1495 0.944280
1496 0.507411
1497 0.945152
1498 0.110807
1499 0.888078
1500 0.638057
1501 0.701873
1502 0.143476
1503 0.693499
1504 0.081135
1505 0.292627
1506 0.361243
1507 0.696285
1508 0.136209
1509 0.257083
1510 0.985503
1511 0.914909
1512 0.512979
1513 0.786897
1514 0.079788
1515 0.165954
1516 0.736940
1517 0.767810
1518 0.457594
1519 0.666269
1520 0.610492
1521 0.193475
1522 0.669862
1523 0.306084
1524 0.377762
1525 0.850489
1526 0.713078
1527 0.543843
1528 0.875224
1529 0.737635
1530 0.154596
1531 0.483901
1532 0.677722
1533 0.589526
1534 0.021255
1535 0.152302
1536 0.070815
1537 0.125849
1538 0.040462
1539 0.283711
1540 0.595356
1541 0.242110
1542 0.659875
1543 0.074205
1544 0.919073
1545 0.296280
1546 0.702463
1547 0.339929
1548 0.892381
1549 0.927947
1550 0.538137
1551 0.350767
1552 0.842015
1553 0.472570
1554 0.271317
1555 0.281017
1556 0.446069
1557 0.003151
1558 0.655694
1559 0.735639
1560 0.917825
1561 0.345124
1562 0.253144
1563 0.171038
1564 0.703300
1565 0.067477
1566 0.753124
1567 0.233412
1568 0.468728
1569 0.454111
1570 0.362088
1571 0.085548
1572 0.819229
1573 0.804151
1574 0.759332
1575 0.684582
1576 0.948708
1577 0.098419
1578 0.296373
1579 0.708545
1580 0.273564
1581 0.101491
1582 0.891366
1583 0.408663
1584 0.049079
1585 0.344750
1586 0.438235
1587 0.087193
1588 0.007408
1589 0.155549
1590 0.512095
1591 0.167202
1592 0.189847
1593 0.961110
1594 0.708223
1595 0.931046
1596 0.373642
1597 0.502986
1598 0.101240
1599 0.958389
1600 0.814849
;
param cost_b := 
1 0.103054
2 0.607179
3 0.310803
4 0.616231
5 -0.511737
6 0.741658
7 0.451198
8 -0.894810
9 -0.182005
10 -0.064850
11 -0.542819
12 0.334847
13 0.692220
14 -0.221397
15 0.945934
16 -0.980257
17 0.798092
18 0.062880
19 0.374926
20 -0.187571
21 0.656287
22 0.606945
23 -0.888924
24 0.134725
25 0.534831
26 0.536083
27 -0.474045
28 -0.604772
29 0.686921
30 -0.937318
31 0.245853
32 0.281426
33 -0.667293
34 0.766303
35 0.825142
36 0.122457
37 -0.066570
38 -0.645290
39 0.558262
40 0.549782
41 -0.429072
42 -0.074158
43 -0.965129
44 0.211731
45 0.003335
46 0.947179
47 0.103755
48 0.933289
49 -0.952167
50 0.425410
51 -0.439490
52 0.174239
53 -0.720293
54 -0.715595
55 0.300405
56 0.862970
57 0.422752
58 -0.151158
59 -0.087086
60 0.865310
61 -0.375943
62 -0.159386
63 0.085831
64 -0.583131
65 0.245785
66 0.231083
67 -0.008620
68 -0.256508
69 -0.733733
70 0.884988
71 -0.251413
72 0.466147
73 0.261443
74 0.838958
75 0.324224
76 0.099326
77 0.748642
78 -0.163399
79 0.962117
80 -0.652990
81 -0.306344
82 0.099649
83 -0.075635
84 -0.201731
85 -0.488783
86 -0.477009
87 -0.942395
88 0.656219
89 0.662527
90 0.256820
91 0.878437
92 -0.079283
93 -0.059996
94 -0.670488
95 0.058633
96 0.812157
97 0.187149
98 0.700560
99 0.179831
100 0.992544
101 0.451403
102 -0.279956
103 0.278609
104 0.718965
105 -0.165884
106 0.554156
107 0.227401
108 -0.632499
109 0.469887
110 0.864662
111 0.238438
112 -0.047337
113 -0.182984
114 0.769228
115 0.104352
116 -0.965704
117 -0.181476
118 -0.415381
119 -0.897463
120 0.360531
121 -0.550966
122 0.928440
123 -0.436677
124 0.000882
125 -0.527579
126 -0.163746
127 0.011577
128 -0.830463
129 -0.092907
130 -0.205017
131 0.627740
132 -0.488688
133 -0.034072
134 0.366749
135 0.405421
136 -0.986570
137 -0.320296
138 -0.178276
139 -0.725720
140 0.816359
141 -0.781179
142 -0.890610
143 -0.273950
144 -0.884172
145 0.299438
146 0.454392
147 0.279405
148 0.608963
149 0.052121
150 0.668249
151 -0.993819
152 -0.329046
153 0.749356
154 -0.291626
155 -0.787795
156 -0.798974
157 -0.328516
158 0.354567
159 0.175072
160 0.044931
161 0.164163
162 -0.679221
163 -0.598987
164 -0.175895
165 0.550481
166 -0.753764
167 -0.933586
168 -0.920688
169 -0.002895
170 0.569194
171 0.363802
172 -0.677626
173 -0.809415
174 -0.842912
175 -0.614753
176 0.723823
177 -0.239734
178 0.210240
179 -0.399637
180 -0.935328
181 0.891428
182 0.465993
183 0.448867
184 -0.917105
185 0.817636
186 -0.782963
187 0.569999
188 0.833474
189 -0.339387
190 -0.022631
191 -0.868673
192 -0.464987
193 0.798286
194 -0.785665
195 -0.535194
196 -0.096816
197 0.951542
198 0.725734
199 0.469561
200 -0.766555
201 0.251391
202 -0.869890
203 -0.479641
204 -0.165996
205 0.884715
206 -0.252257
207 0.842870
208 0.101718
209 -0.176250
210 -0.074969
211 -0.671275
212 0.873502
213 0.780000
214 0.861320
215 -0.762758
216 -0.227369
217 -0.998582
218 0.660758
219 0.458517
220 0.681703
221 -0.578958
222 0.303884
223 -0.457133
224 -0.010218
225 -0.435582
226 -0.987809
227 0.560268
228 0.494669
229 -0.948276
230 -0.098215
231 -0.943083
232 0.233035
233 -0.772169
234 -0.144182
235 0.754402
236 -0.305510
237 0.480849
238 -0.995344
239 0.657300
240 -0.961006
241 -0.841394
242 -0.268115
243 0.320232
244 0.190934
245 0.091255
246 0.708760
247 -0.861950
248 -0.104933
249 0.251984
250 0.765777
251 0.840405
252 -0.414763
253 -0.273609
254 -0.232530
255 -0.556463
256 -0.067986
257 -0.655984
258 0.873326
259 0.217705
260 -0.652106
261 0.139737
262 -0.322084
263 0.875718
264 -0.612734
265 0.099469
266 0.262473
267 -0.012231
268 0.595922
269 -0.405664
270 0.961880
271 -0.205078
272 0.335169
273 0.749288
274 0.638795
275 0.454414
276 -0.457692
277 0.744365
278 -0.894160
279 -0.492758
280 0.382445
281 -0.538825
282 -0.531994
283 0.739348
284 0.123902
285 -0.172765
286 -0.533023
287 -0.489983
288 -0.301049
289 0.525724
290 0.727338
291 0.457897
292 0.980075
293 0.390944
294 0.838030
295 0.899419
296 -0.152121
297 -0.004564
298 0.037490
299 0.270056
300 -0.664065
301 -0.241519
302 0.971567
303 0.662323
304 0.280643
305 -0.667446
306 -0.363950
307 -0.176025
308 -0.260326
309 0.707178
310 0.814173
311 0.864909
312 -0.375223
313 -0.355464
314 0.247327
315 0.990469
316 -0.696878
317 -0.114325
318 0.662060
319 -0.994377
320 0.705177
321 -0.194014
322 -0.355665
323 0.875435
324 -0.356693
325 -0.460809
326 0.681042
327 0.525078
328 -0.671642
329 0.154939
330 0.610030
331 -0.037394
332 -0.165216
333 -0.035712
334 -0.941094
335 -0.065296
336 -0.059436
337 0.338451
338 0.896586
339 0.943869
340 0.665735
341 -0.749155
342 -0.105749
343 0.545102
344 -0.626372
345 0.517810
346 -0.564384
347 0.665129
348 -0.844331
349 -0.840092
350 -0.100573
351 -0.175747
352 0.916767
353 0.739728
354 0.158062
355 0.196414
356 -0.716113
357 -0.880069
358 -0.334908
359 0.161084
360 0.435841
361 0.023476
362 -0.084697
363 -0.866154
364 -0.934468
365 -0.240909
366 -0.301133
367 0.391457
368 0.571740
369 -0.451637
370 -0.164020
371 -0.185657
372 -0.935039
373 -0.444292
374 -0.625634
375 0.600554
376 -0.901901
377 0.195507
378 0.261205
379 0.745736
380 0.376147
381 0.061203
382 -0.895721
383 0.715671
384 -0.770464
385 -0.268082
386 0.451463
387 -0.015737
388 0.887385
389 -0.079215
390 0.836701
391 -0.381875
392 0.273472
393 -0.047627
394 0.415650
395 0.150441
396 0.388093
397 0.905574
398 -0.663328
399 -0.890514
400 -0.038556
401 -0.864769
402 -0.016115
403 0.160311
404 -0.487440
405 0.424054
406 -0.679853
407 -0.992561
408 -0.435840
409 -0.196112
410 -0.252002
411 0.050547
412 -0.727827
413 -0.773558
414 0.452881
415 0.327254
416 -0.106775
417 -0.257310
418 0.043225
419 0.784421
420 0.683331
421 -0.766421
422 0.131273
423 0.446494
424 -0.947620
425 -0.038596
426 -0.542342
427 0.176366
428 0.174911
429 0.114401
430 -0.737289
431 -0.665481
432 -0.934303
433 -0.075722
434 -0.923530
435 0.070270
436 -0.114094
437 0.880307
438 0.503209
439 -0.220052
440 0.425360
441 0.499274
442 0.847902
443 -0.408473
444 0.736852
445 -0.823250
446 0.577644
447 -0.461184
448 -0.829687
449 0.155346
450 -0.054367
451 -0.046902
452 0.239406
453 0.555473
454 -0.675752
455 -0.067143
456 0.775818
457 0.840522
458 -0.775260
459 0.421842
460 0.077658
461 0.678740
462 -0.497583
463 0.503736
464 0.169440
465 0.944160
466 -0.925955
467 0.423792
468 0.441974
469 -0.318242
470 -0.988774
471 0.213142
472 0.775884
473 -0.040915
474 -0.267690
475 0.083885
476 -0.669053
477 -0.721995
478 -0.767801
479 -0.261789
480 -0.214287
481 -0.226504
482 0.992814
483 0.928338
484 -0.602571
485 0.843700
486 0.294025
487 0.427739
488 -0.500162
489 -0.239655
490 0.431672
491 0.106398
492 0.164350
493 -0.077029
494 0.600726
495 -0.958069
496 -0.523083
497 0.663216
498 -0.830360
499 0.647261
500 -0.647742
501 0.559307
502 0.667377
503 -0.476688
504 -0.096210
505 -0.747406
506 0.398553
507 0.451418
508 0.494975
509 -0.712561
510 0.755342
511 -0.773086
512 0.464373
513 -0.648159
514 0.076639
515 0.871913
516 0.570155
517 0.939904
518 0.281238
519 -0.452466
520 0.407431
521 -0.123535
522 -0.721368
523 0.990977
524 0.189654
525 0.645225
526 0.052177
527 -0.677740
528 0.325621
529 0.981173
530 0.659232
531 0.947490
532 0.421612
533 0.994140
534 0.937103
535 0.483840
536 0.943627
537 -0.819753
538 -0.806816
539 0.920773
540 0.416249
541 0.084198
542 0.298442
543 -0.394842
544 -0.520079
545 0.857421
546 -0.807305
547 0.626147
548 0.778723
549 0.442289
550 -0.758285
551 0.324333
552 -0.699202
553 -0.890174
554 -0.882397
555 -0.427741
556 0.246254
557 0.017229
558 -0.123328
559 -0.989534
560 -0.391332
561 -0.673144
562 0.348821
563 -0.424027
564 -0.181220
565 0.085493
566 0.542779
567 0.319604
568 -0.319029
569 -0.267771
570 0.998692
571 0.111529
572 0.641952
573 0.738069
574 0.223458
575 -0.588624
576 0.115484
577 -0.147823
578 0.792908
579 -0.482192
580 -0.042947
581 -0.866390
582 -0.276301
583 0.253727
584 -0.111967
585 -0.107238
586 0.566817
587 -0.659882
588 -0.666216
589 0.815320
590 0.518498
591 0.728817
592 -0.201006
593 0.262748
594 0.697379
595 0.431460
596 0.535488
597 0.121166
598 -0.305470
599 0.574386
600 0.412037
601 -0.694266
602 -0.931018
603 -0.277937
604 0.414981
605 -0.002677
606 -0.716919
607 -0.833859
608 -0.086237
609 -0.515993
610 0.821415
611 -0.761146
612 -0.944469
613 0.523003
614 0.671154
615 0.496966
616 0.787253
617 0.421219
618 -0.476432
619 0.371418
620 -0.172358
621 -0.590584
622 0.791923
623 0.320586
624 0.334552
625 0.993793
626 -0.563402
627 -0.191719
628 -0.998496
629 -0.216936
630 -0.101969
631 0.487555
632 -0.596112
633 -0.329216
634 0.772000
635 -0.983736
636 -0.288417
637 -0.699296
638 0.867518
639 0.833881
640 -0.927168
641 0.758338
642 0.183916
643 0.551351
644 -0.670770
645 -0.646116
646 -0.167935
647 0.624856
648 0.391736
649 -0.716623
650 0.248536
651 0.487004
652 -0.279616
653 0.013343
654 -0.014752
655 -0.110529
656 0.153626
657 -0.051956
658 -0.313877
659 0.656385
660 0.953343
661 -0.569483
662 -0.094290
663 0.340996
664 0.673674
665 0.313948
666 0.911956
667 -0.026948
668 -0.651893
669 -0.457403
670 -0.458105
671 -0.971992
672 -0.599910
673 0.817723
674 -0.247853
675 -0.695700
676 -0.104038
677 -0.770838
678 0.735455
679 0.041248
680 -0.487360
681 -0.525144
682 0.591655
683 -0.221734
684 0.946411
685 0.313583
686 0.692034
687 0.946077
688 0.734240
689 0.036460
690 -0.522518
691 0.618990
692 -0.866020
693 0.959327
694 -0.209162
695 0.102661
696 0.371221
697 0.235319
698 -0.224054
699 0.614691
700 0.507960
701 0.280103
702 -0.007678
703 -0.017516
704 0.590510
705 0.380150
706 -0.280273
707 0.028942
708 -0.160032
709 0.361328
710 0.690733
711 0.751587
712 -0.151453
713 0.684848
714 0.671288
715 -0.380948
716 0.476015
717 0.971387
718 -0.929714
719 0.007456
720 0.049385
721 -0.681755
722 -0.918014
723 -0.077325
724 -0.749275
725 0.503748
726 -0.867517
727 0.320126
728 -0.084441
729 -0.909896
730 0.575061
731 0.787975
732 0.498454
733 -0.359562
734 -0.063377
735 0.081849
736 0.217054
737 -0.721439
738 -0.521065
739 0.864985
740 -0.376954
741 0.688724
742 -0.553488
743 0.381469
744 0.846845
745 0.249347
746 -0.745652
747 -0.910031
748 -0.667924
749 -0.657363
750 -0.851626
751 -0.888749
752 0.401643
753 -0.829199
754 -0.582265
755 -0.845744
756 0.876478
757 -0.659726
758 0.963988
759 0.264149
760 0.873335
761 0.418135
762 0.586079
763 -0.096516
764 -0.180868
765 -0.142438
766 0.742475
767 -0.824520
768 -0.187279
769 -0.803905
770 -0.506205
771 -0.734206
772 -0.754312
773 -0.959076
774 -0.150636
775 -0.445198
776 0.541987
777 -0.646986
778 -0.051420
779 -0.694227
780 -0.219215
781 -0.423071
782 0.266479
783 -0.928944
784 -0.105810
785 -0.648738
786 -0.398630
787 -0.417469
788 -0.745492
789 -0.476863
790 0.096393
791 0.322217
792 0.707331
793 -0.388562
794 0.643289
795 0.523532
796 0.554712
797 0.645304
798 -0.524371
799 -0.909242
800 -0.406190
801 0.623041
802 -0.640993
803 -0.370746
804 -0.841788
805 -0.691272
806 -0.970777
807 0.864339
808 0.081063
809 0.090016
810 0.939468
811 0.608434
812 0.375924
813 0.141461
814 -0.584859
815 -0.792992
816 0.421508
817 0.110580
818 -0.750165
819 0.076891
820 -0.292536
821 -0.100315
822 -0.045237
823 0.642110
824 -0.960402
825 -0.531950
826 0.158695
827 0.660554
828 0.837884
829 -0.020087
830 0.292580
831 -0.709966
832 -0.033682
833 0.804196
834 0.023302
835 0.949825
836 0.078108
837 -0.344970
838 -0.768688
839 -0.736271
840 -0.804113
841 0.233778
842 -0.260613
843 -0.817015
844 0.834405
845 0.197291
846 0.986210
847 0.302860
848 -0.735804
849 -0.706882
850 -0.467868
851 0.261881
852 -0.356057
853 0.523724
854 0.503196
855 0.025448
856 -0.156182
857 0.425501
858 -0.080865
859 0.132229
860 0.493039
861 -0.369490
862 0.626727
863 0.266939
864 -0.792149
865 -0.449253
866 0.516816
867 0.575040
868 -0.379905
869 0.198525
870 -0.419820
871 -0.352745
872 0.417146
873 0.085881
874 -0.001358
875 0.323599
876 0.892702
877 -0.427567
878 -0.835836
879 0.518586
880 0.995829
881 -0.423427
882 0.028920
883 0.176089
884 -0.390594
885 -0.592143
886 -0.054614
887 -0.071248
888 0.963085
889 -0.547027
890 0.655672
891 -0.271121
892 0.503950
893 -0.812426
894 0.344542
895 0.492756
896 -0.524111
897 0.233313
898 0.074272
899 0.015672
900 0.980590
901 0.476924
902 0.024783
903 0.468434
904 -0.112261
905 0.165382
906 0.169633
907 0.770891
908 0.851914
909 -0.311966
910 -0.351887
911 0.069336
912 -0.391391
913 -0.961302
914 0.004926
915 0.651254
916 -0.430645
917 -0.254971
918 0.404993
919 0.569482
920 -0.439422
921 0.559124
922 -0.437038
923 0.042523
924 -0.901884
925 -0.799447
926 0.293844
927 -0.628414
928 -0.999822
929 -0.751370
930 -0.310704
931 -0.693990
932 0.519215
933 -0.729709
934 -0.263843
935 0.819495
936 -0.937758
937 0.911964
938 0.930537
939 -0.490470
940 0.667563
941 0.413271
942 0.522355
943 -0.734454
944 -0.287598
945 0.208579
946 0.760159
947 -0.259502
948 -0.304535
949 0.068878
950 0.860486
951 0.144628
952 0.528515
953 -0.843358
954 0.547674
955 -0.219253
956 0.541961
957 -0.678170
958 0.394543
959 0.949372
960 -0.974895
961 -0.114994
962 0.326686
963 0.922558
964 0.379346
965 0.458912
966 -0.001413
967 0.892117
968 -0.418263
969 -0.345120
970 0.992081
971 0.802596
972 0.850960
973 0.067794
974 0.272063
975 0.274523
976 -0.407469
977 -0.961996
978 0.399802
979 -0.675658
980 -0.098285
981 -0.950740
982 -0.057388
983 -0.149223
984 -0.803822
985 -0.284443
986 -0.189826
987 0.806466
988 0.129525
989 -0.508713
990 0.930624
991 -0.721598
992 0.497912
993 -0.799009
994 0.781570
995 0.391534
996 0.277924
997 0.996982
998 0.140544
999 -0.941076
1000 -0.424841
1001 -0.973328
1002 -0.240929
1003 -0.566020
1004 -0.620576
1005 -0.325814
1006 -0.879658
1007 -0.512414
1008 -0.264557
1009 0.898633
1010 0.968189
1011 0.289545
1012 0.869475
1013 0.180561
1014 0.941631
1015 -0.807424
1016 0.464042
1017 -0.304417
1018 -0.406014
1019 -0.716456
1020 0.496513
1021 -0.129119
1022 -0.092146
1023 0.407628
1024 0.468048
1025 0.738175
1026 0.216733
1027 -0.905984
1028 -0.104137
1029 0.634714
1030 0.727421
1031 -0.258296
1032 -0.295111
1033 0.953233
1034 -0.628141
1035 -0.977779
1036 0.303402
1037 -0.141998
1038 -0.644605
1039 -0.664343
1040 0.845561
1041 0.797597
1042 0.897049
1043 0.068292
1044 -0.611115
1045 0.654411
1046 -0.998273
1047 0.608558
1048 -0.578245
1049 -0.146826
1050 -0.089774
1051 0.693459
1052 -0.127815
1053 0.470790
1054 0.767228
1055 0.122624
1056 -0.442683
1057 0.673864
1058 0.628815
1059 -0.373176
1060 0.008284
1061 0.999182
1062 -0.305849
1063 -0.691395
1064 0.203367
1065 -0.498826
1066 -0.304917
1067 0.623009
1068 -0.986324
1069 0.815837
1070 0.804179
1071 0.920925
1072 -0.542946
1073 0.011697
1074 0.703747
1075 0.668635
1076 0.465512
1077 0.387350
1078 0.730992
1079 -0.950677
1080 0.580981
1081 0.410903
1082 -0.246402
1083 0.488460
1084 -0.937652
1085 0.123915
1086 0.584046
1087 -0.340419
1088 -0.695021
1089 -0.750741
1090 0.292966
1091 0.039892
1092 -0.740644
1093 -0.681667
1094 -0.521751
1095 0.412249
1096 0.780696
1097 -0.540626
1098 0.008334
1099 0.774746
1100 -0.417485
1101 -0.682075
1102 0.700454
1103 -0.278231
1104 -0.337561
1105 -0.189126
1106 -0.939524
1107 -0.799229
1108 0.188134
1109 -0.266360
1110 0.391577
1111 0.034114
1112 0.017399
1113 0.835745
1114 -0.503694
1115 -0.283996
1116 0.295934
1117 0.152896
1118 -0.202823
1119 -0.849583
1120 0.521708
1121 0.363446
1122 -0.836083
1123 -0.979732
1124 0.240341
1125 0.115583
1126 0.977657
1127 -0.935536
1128 -0.985089
1129 0.634856
1130 0.697094
1131 -0.943730
1132 -0.157655
1133 0.051134
1134 -0.197298
1135 0.618840
1136 0.231253
1137 0.245139
1138 0.387746
1139 0.832943
1140 -0.861479
1141 -0.053273
1142 -0.959422
1143 -0.005036
1144 0.538365
1145 0.334496
1146 0.872692
1147 -0.368963
1148 -0.304630
1149 0.161785
1150 0.857820
1151 -0.959469
1152 -0.800450
1153 -0.253272
1154 -0.560055
1155 0.830414
1156 0.474216
1157 0.704414
1158 -0.337197
1159 -0.387302
1160 -0.221567
1161 -0.122625
1162 -0.437263
1163 -0.678213
1164 0.981596
1165 -0.399550
1166 -0.347365
1167 -0.042895
1168 0.929488
1169 0.583736
1170 0.512137
1171 0.669172
1172 -0.858943
1173 0.637705
1174 0.371017
1175 0.349002
1176 -0.145580
1177 0.278525
1178 0.758423
1179 -0.063418
1180 0.324137
1181 -0.609709
1182 0.149331
1183 0.956272
1184 0.797625
1185 -0.854843
1186 0.015006
1187 -0.781085
1188 0.525688
1189 -0.199637
1190 -0.679593
1191 0.023506
1192 0.712290
1193 -0.539105
1194 0.538013
1195 -0.613759
1196 0.529430
1197 0.810398
1198 -0.309086
1199 0.449156
1200 0.773965
1201 0.569337
1202 0.155028
1203 -0.846140
1204 0.058689
1205 -0.539979
1206 -0.999439
1207 -0.534513
1208 -0.686695
1209 -0.031606
1210 -0.220640
1211 0.893387
1212 -0.749646
1213 -0.376299
1214 -0.085673
1215 -0.809083
1216 0.225907
1217 0.892798
1218 0.822535
1219 0.809621
1220 0.933626
1221 -0.328657
1222 -0.104152
1223 0.998582
1224 -0.116678
1225 -0.272717
1226 -0.937367
1227 0.773055
1228 -0.208009
1229 0.663724
1230 -0.513664
1231 -0.366057
1232 -0.925236
1233 0.248467
1234 -0.485599
1235 0.903202
1236 -0.307507
1237 -0.664060
1238 0.383848
1239 -0.906572
1240 0.600429
1241 0.734097
1242 -0.484568
1243 -0.015664
1244 0.037509
1245 -0.577122
1246 0.375181
1247 0.125942
1248 -0.551879
1249 -0.228465
1250 -0.748960
1251 -0.169934
1252 0.281212
1253 -0.672732
1254 -0.584757
1255 0.383987
1256 0.401530
1257 -0.474302
1258 0.837936
1259 -0.115707
1260 -0.342275
1261 -0.576974
1262 -0.082062
1263 -0.032760
1264 -0.795319
1265 -0.321430
1266 -0.198115
1267 -0.993152
1268 -0.134690
1269 -0.300484
1270 -0.208973
1271 0.830232
1272 -0.911688
1273 0.337120
1274 -0.701644
1275 -0.892623
1276 -0.981604
1277 0.629110
1278 -0.968195
1279 -0.359896
1280 0.553652
1281 0.956546
1282 0.028558
1283 -0.129275
1284 0.034814
1285 0.794905
1286 0.074360
1287 -0.436763
1288 0.961137
1289 -0.216308
1290 0.592668
1291 0.338054
1292 -0.576638
1293 0.595423
1294 -0.491998
1295 -0.730210
1296 0.730319
1297 0.363993
1298 -0.960177
1299 -0.744525
1300 0.715895
1301 0.379285
1302 -0.534611
1303 -0.084159
1304 0.476679
1305 -0.886743
1306 0.960259
1307 0.217016
1308 -0.239708
1309 -0.565990
1310 0.849059
1311 -0.265051
1312 -0.128480
1313 0.751793
1314 -0.936810
1315 0.955541
1316 0.632847
1317 -0.617935
1318 0.859473
1319 0.118085
1320 0.987401
1321 0.901967
1322 0.840583
1323 0.922967
1324 0.526331
1325 -0.632606
1326 0.494936
1327 -0.362186
1328 0.943047
1329 0.299066
1330 0.110955
1331 -0.373905
1332 -0.087012
1333 0.972926
1334 -0.275116
1335 -0.504178
1336 -0.478030
1337 0.058155
1338 -0.546502
1339 -0.086784
1340 -0.109858
1341 0.603713
1342 -0.078106
1343 0.602626
1344 0.350379
1345 -0.465691
1346 0.613640
1347 0.154577
1348 0.824643
1349 0.052223
1350 0.164664
1351 0.861821
1352 0.089956
1353 -0.924473
1354 0.892523
1355 -0.439654
1356 0.678786
1357 -0.160748
1358 -0.283079
1359 -0.286363
1360 0.695629
1361 -0.118376
1362 0.609439
1363 0.048227
1364 -0.608034
1365 0.049231
1366 -0.928888
1367 -0.876836
1368 0.169905
1369 -0.939851
1370 0.454899
1371 0.429856
1372 0.556722
1373 -0.955884
1374 -0.083657
1375 0.097012
1376 -0.777745
1377 0.973133
1378 -0.136660
1379 -0.957483
1380 0.259320
1381 -0.873747
1382 -0.007043
1383 -0.593081
1384 -0.166276
1385 0.576163
1386 0.366887
1387 0.093466
1388 -0.545000
1389 -0.151191
1390 -0.906361
1391 -0.395359
1392 -0.732132
1393 0.854155
1394 -0.232675
1395 -0.497081
1396 -0.676920
1397 0.474312
1398 -0.557871
1399 -0.082949
1400 0.873123
1401 -0.067807
1402 -0.149159
1403 0.678956
1404 0.487964
1405 -0.899191
1406 -0.204007
1407 0.641820
1408 -0.010968
1409 -0.269105
1410 0.844413
1411 0.057918
1412 -0.324645
1413 0.851984
1414 -0.300758
1415 -0.996778
1416 -0.521802
1417 -0.207698
1418 0.075376
1419 0.525703
1420 0.060897
1421 0.264827
1422 0.939439
1423 -0.447795
1424 -0.961177
1425 -0.800811
1426 0.024009
1427 -0.875019
1428 0.693462
1429 0.265499
1430 -0.017044
1431 -0.491163
1432 0.220274
1433 -0.709663
1434 -0.572912
1435 -0.696409
1436 -0.280613
1437 -0.088836
1438 0.479422
1439 -0.755942
1440 0.500054
1441 -0.815362
1442 0.909609
1443 0.599403
1444 -0.235906
1445 -0.127849
1446 -0.211490
1447 -0.036178
1448 -0.240055
1449 0.637242
1450 -0.158736
1451 0.863416
1452 0.238701
1453 -0.292526
1454 -0.398686
1455 0.649347
1456 0.388556
1457 -0.986615
1458 -0.991330
1459 -0.873860
1460 0.273158
1461 -0.094269
1462 0.433908
1463 0.601504
1464 -0.650836
1465 0.398901
1466 0.410455
1467 0.948943
1468 -0.557429
1469 -0.123963
1470 0.694130
1471 -0.289603
1472 -0.602237
1473 -0.137109
1474 0.162375
1475 0.412629
1476 0.374774
1477 -0.841618
1478 -0.760937
1479 0.721457
1480 -0.802750
1481 0.809641
1482 -0.472501
1483 0.019213
1484 0.068301
1485 0.845565
1486 0.909181
1487 -0.483801
1488 0.299850
1489 0.895378
1490 -0.055311
1491 -0.084991
1492 -0.711072
1493 0.039179
1494 0.937984
1495 -0.938935
1496 -0.156294
1497 -0.719024
1498 -0.597492
1499 0.932497
1500 -0.213271
1501 0.363092
1502 0.668310
1503 -0.380416
1504 -0.889599
1505 0.669680
1506 0.163493
1507 -0.502759
1508 -0.878174
1509 0.010858
1510 -0.681315
1511 -0.128256
1512 -0.959919
1513 0.705601
1514 0.222732
1515 0.241062
1516 -0.668617
1517 -0.296058
1518 0.121703
1519 -0.794110
1520 0.693048
1521 0.438127
1522 -0.247653
1523 0.611677
1524 -0.695706
1525 0.588792
1526 -0.640305
1527 -0.196913
1528 -0.275256
1529 -0.337740
1530 0.081878
1531 -0.847022
1532 -0.691464
1533 -0.989540
1534 0.800089
1535 0.659436
1536 -0.706687
1537 0.855220
1538 -0.527642
1539 0.786732
1540 -0.477151
1541 -0.658361
1542 -0.519844
1543 0.666233
1544 -0.850024
1545 -0.500872
1546 -0.851760
1547 0.912100
1548 -0.688969
1549 -0.967390
1550 0.379724
1551 -0.113446
1552 -0.961159
1553 -0.174792
1554 0.159325
1555 0.931361
1556 -0.272865
1557 0.894609
1558 -0.862902
1559 0.630938
1560 0.338569
1561 -0.291135
1562 0.834358
1563 0.521289
1564 -0.510163
1565 -0.326861
1566 -0.857532
1567 -0.707214
1568 0.978131
1569 0.489361
1570 0.496640
1571 0.080572
1572 0.585738
1573 -0.190070
1574 -0.993244
1575 0.597619
1576 -0.370078
1577 -0.975425
1578 -0.173932
1579 0.600432
1580 -0.960444
1581 0.574638
1582 0.636399
1583 0.246255
1584 -0.824836
1585 0.785880
1586 -0.638807
1587 0.007970
1588 0.059525
1589 0.273998
1590 -0.618305
1591 0.702110
1592 0.964438
1593 0.517858
1594 -0.109313
1595 0.587692
1596 -0.038728
1597 0.404269
1598 0.020631
1599 0.759855
1600 0.266259
;
