# Optimal value by DCA: -322.817517
data;

param N = 800;
param capacity := 
1 94
2 41
3 70
4 55
5 88
6 79
7 125
8 76
9 107
10 121
11 98
12 104
13 114
14 98
15 78
16 95
17 51
18 122
19 117
20 78
21 98
22 90
23 47
24 69
25 79
26 93
27 30
28 124
29 99
30 88
31 108
32 85
33 99
34 117
35 79
36 45
37 105
38 84
39 85
40 91
41 124
42 129
43 123
44 118
45 116
46 79
47 52
48 128
49 116
50 60
51 103
52 61
53 91
54 97
55 109
56 105
57 122
58 41
59 117
60 59
61 110
62 95
63 87
64 71
65 108
66 129
67 78
68 83
69 89
70 111
71 82
72 57
73 90
74 90
75 85
76 117
77 70
78 103
79 106
80 126
81 64
82 106
83 71
84 34
85 93
86 32
87 49
88 64
89 78
90 46
91 72
92 87
93 102
94 33
95 38
96 64
97 79
98 51
99 87
100 71
101 43
102 129
103 90
104 125
105 75
106 88
107 75
108 78
109 87
110 33
111 97
112 60
113 71
114 117
115 111
116 72
117 41
118 96
119 38
120 94
121 107
122 124
123 129
124 58
125 100
126 89
127 101
128 72
129 94
130 81
131 112
132 78
133 80
134 70
135 112
136 91
137 117
138 128
139 67
140 75
141 67
142 99
143 88
144 115
145 103
146 71
147 76
148 38
149 101
150 98
151 121
152 104
153 107
154 116
155 93
156 94
157 32
158 118
159 97
160 65
161 95
162 113
163 113
164 55
165 103
166 63
167 127
168 90
169 116
170 61
171 94
172 99
173 92
174 46
175 116
176 87
177 59
178 70
179 71
180 92
181 123
182 75
183 34
184 78
185 61
186 86
187 95
188 111
189 53
190 125
191 82
192 87
193 98
194 108
195 42
196 30
197 91
198 119
199 49
200 97
201 129
202 63
203 47
204 127
205 93
206 52
207 93
208 92
209 112
210 42
211 101
212 52
213 85
214 110
215 77
216 79
217 98
218 125
219 75
220 114
221 60
222 97
223 36
224 50
225 50
226 124
227 60
228 117
229 121
230 55
231 128
232 60
233 58
234 91
235 86
236 78
237 67
238 115
239 86
240 66
241 104
242 44
243 36
244 88
245 58
246 107
247 63
248 61
249 122
250 56
251 81
252 75
253 122
254 102
255 126
256 36
257 80
258 63
259 55
260 117
261 39
262 66
263 78
264 77
265 76
266 35
267 95
268 109
269 67
270 115
271 64
272 58
273 103
274 68
275 84
276 117
277 50
278 123
279 81
280 32
281 113
282 63
283 61
284 103
285 55
286 80
287 50
288 104
289 49
290 80
291 80
292 83
293 106
294 98
295 100
296 103
297 79
298 42
299 66
300 78
301 58
302 107
303 58
304 62
305 99
306 39
307 91
308 93
309 62
310 60
311 89
312 86
313 46
314 52
315 92
316 38
317 114
318 125
319 98
320 92
321 111
322 76
323 55
324 119
325 52
326 76
327 98
328 88
329 43
330 101
331 38
332 78
333 42
334 120
335 77
336 90
337 41
338 126
339 75
340 56
341 45
342 125
343 95
344 54
345 96
346 42
347 117
348 47
349 42
350 94
351 59
352 114
353 57
354 51
355 88
356 87
357 52
358 92
359 70
360 75
361 61
362 67
363 111
364 112
365 84
366 91
367 46
368 95
369 104
370 55
371 54
372 61
373 46
374 91
375 78
376 71
377 59
378 82
379 104
380 88
381 115
382 83
383 66
384 83
385 77
386 86
387 60
388 108
389 80
390 83
391 98
392 122
393 128
394 31
395 69
396 97
397 100
398 30
399 42
400 40
401 30
402 121
403 62
404 71
405 66
406 40
407 106
408 51
409 120
410 91
411 114
412 41
413 103
414 63
415 106
416 82
417 105
418 35
419 82
420 95
421 61
422 70
423 41
424 126
425 82
426 99
427 65
428 77
429 84
430 95
431 88
432 67
433 86
434 87
435 72
436 68
437 113
438 96
439 84
440 107
441 61
442 43
443 94
444 69
445 121
446 95
447 73
448 62
449 78
450 83
451 108
452 114
453 91
454 83
455 56
456 106
457 75
458 113
459 74
460 95
461 57
462 127
463 110
464 71
465 115
466 87
467 42
468 86
469 52
470 124
471 98
472 80
473 116
474 61
475 92
476 73
477 79
478 36
479 84
480 41
481 86
482 90
483 58
484 68
485 76
486 81
487 85
488 88
489 114
490 101
491 97
492 60
493 110
494 90
495 78
496 48
497 93
498 91
499 81
500 125
501 63
502 129
503 70
504 32
505 66
506 125
507 113
508 93
509 39
510 128
511 116
512 73
513 127
514 85
515 52
516 121
517 73
518 82
519 84
520 116
521 33
522 74
523 103
524 71
525 63
526 118
527 63
528 91
529 77
530 83
531 90
532 92
533 88
534 78
535 115
536 96
537 64
538 72
539 72
540 124
541 66
542 124
543 34
544 127
545 72
546 81
547 97
548 44
549 92
550 75
551 51
552 45
553 127
554 94
555 103
556 121
557 114
558 94
559 51
560 105
561 91
562 74
563 117
564 75
565 90
566 93
567 89
568 42
569 88
570 104
571 85
572 56
573 81
574 76
575 99
576 79
577 62
578 124
579 61
580 99
581 36
582 84
583 115
584 85
585 94
586 98
587 76
588 92
589 97
590 30
591 118
592 121
593 78
594 96
595 118
596 112
597 102
598 90
599 48
600 89
601 96
602 85
603 33
604 68
605 117
606 82
607 34
608 107
609 38
610 43
611 128
612 67
613 94
614 88
615 56
616 79
617 87
618 95
619 95
620 106
621 129
622 117
623 91
624 46
625 122
626 108
627 100
628 89
629 82
630 49
631 96
632 71
633 74
634 99
635 86
636 96
637 91
638 73
639 33
640 100
641 82
642 72
643 120
644 61
645 107
646 126
647 73
648 68
649 73
650 48
651 76
652 93
653 71
654 109
655 129
656 79
657 86
658 41
659 83
660 73
661 67
662 54
663 39
664 97
665 95
666 99
667 98
668 72
669 45
670 48
671 114
672 61
673 112
674 63
675 79
676 119
677 94
678 97
679 95
680 98
681 77
682 76
683 118
684 95
685 72
686 99
687 43
688 69
689 92
690 98
691 45
692 70
693 123
694 82
695 40
696 90
697 68
698 116
699 127
700 111
701 127
702 47
703 124
704 107
705 93
706 121
707 32
708 125
709 44
710 59
711 43
712 98
713 85
714 93
715 63
716 75
717 83
718 124
719 85
720 43
721 113
722 71
723 81
724 74
725 102
726 48
727 73
728 92
729 94
730 56
731 60
732 96
733 117
734 66
735 83
736 98
737 127
738 80
739 106
740 55
741 99
742 75
743 68
744 91
745 64
746 70
747 110
748 112
749 78
750 44
751 73
752 45
753 59
754 88
755 56
756 52
757 91
758 84
759 72
760 107
761 117
762 71
763 75
764 81
765 92
766 123
767 89
768 118
769 113
770 73
771 117
772 91
773 88
774 63
775 128
776 94
777 114
778 43
779 96
780 109
781 51
782 99
783 108
784 82
785 64
786 124
787 57
788 76
789 98
790 97
791 87
792 65
793 80
794 68
795 63
796 94
797 58
798 78
799 116
800 123
;
param nested_lowerbound := 
1 44
2 75
3 131
4 160
5 189
6 232
7 253
8 301
9 381
10 426
11 497
12 509
13 515
14 548
15 561
16 604
17 627
18 691
19 783
20 838
21 848
22 888
23 922
24 949
25 1005
26 1034
27 1048
28 1114
29 1164
30 1185
31 1204
32 1256
33 1353
34 1387
35 1416
36 1418
37 1465
38 1527
39 1532
40 1602
41 1615
42 1657
43 1694
44 1715
45 1764
46 1765
47 1771
48 1896
49 1945
50 1964
51 2017
52 2062
53 2099
54 2134
55 2218
56 2237
57 2345
58 2376
59 2377
60 2414
61 2487
62 2495
63 2496
64 2527
65 2593
66 2682
67 2751
68 2774
69 2803
70 2813
71 2819
72 2850
73 2918
74 2922
75 2984
76 3041
77 3084
78 3101
79 3168
80 3217
81 3221
82 3306
83 3367
84 3379
85 3469
86 3476
87 3486
88 3510
89 3568
90 3596
91 3662
92 3706
93 3777
94 3785
95 3789
96 3834
97 3843
98 3892
99 3923
100 3949
101 3980
102 4105
103 4165
104 4257
105 4285
106 4370
107 4400
108 4462
109 4519
110 4544
111 4621
112 4627
113 4644
114 4734
115 4808
116 4866
117 4907
118 4985
119 4987
120 5074
121 5171
122 5208
123 5260
124 5287
125 5375
126 5419
127 5421
128 5482
129 5532
130 5605
131 5654
132 5656
133 5711
134 5740
135 5749
136 5760
137 5783
138 5809
139 5851
140 5875
141 5893
142 5916
143 5964
144 6028
145 6077
146 6142
147 6145
148 6151
149 6162
150 6207
151 6224
152 6270
153 6314
154 6401
155 6470
156 6476
157 6479
158 6581
159 6676
160 6701
161 6702
162 6753
163 6769
164 6782
165 6786
166 6845
167 6941
168 6956
169 6987
170 7036
171 7041
172 7095
173 7111
174 7149
175 7209
176 7242
177 7286
178 7335
179 7364
180 7438
181 7448
182 7490
183 7508
184 7530
185 7557
186 7597
187 7638
188 7674
189 7703
190 7779
191 7855
192 7870
193 7921
194 8025
195 8054
196 8068
197 8087
198 8161
199 8172
200 8193
201 8215
202 8215
203 8238
204 8308
205 8390
206 8427
207 8503
208 8572
209 8597
210 8625
211 8649
212 8694
213 8750
214 8840
215 8855
216 8924
217 8940
218 9037
219 9039
220 9148
221 9191
222 9254
223 9258
224 9293
225 9329
226 9382
227 9400
228 9510
229 9629
230 9662
231 9772
232 9823
233 9869
234 9921
235 9979
236 10000
237 10030
238 10074
239 10147
240 10182
241 10202
242 10228
243 10260
244 10289
245 10310
246 10371
247 10419
248 10478
249 10534
250 10543
251 10613
252 10664
253 10784
254 10870
255 10874
256 10886
257 10938
258 10990
259 11039
260 11042
261 11053
262 11068
263 11111
264 11117
265 11133
266 11134
267 11135
268 11218
269 11237
270 11338
271 11340
272 11380
273 11453
274 11518
275 11548
276 11595
277 11608
278 11730
279 11763
280 11794
281 11875
282 11907
283 11962
284 12011
285 12037
286 12058
287 12107
288 12181
289 12210
290 12236
291 12236
292 12266
293 12348
294 12353
295 12365
296 12394
297 12444
298 12474
299 12486
300 12489
301 12505
302 12580
303 12584
304 12586
305 12595
306 12620
307 12690
308 12699
309 12730
310 12736
311 12787
312 12862
313 12880
314 12903
315 12926
316 12939
317 13021
318 13139
319 13191
320 13253
321 13285
322 13318
323 13357
324 13370
325 13383
326 13417
327 13491
328 13527
329 13548
330 13575
331 13590
332 13624
333 13647
334 13756
335 13825
336 13867
337 13869
338 13935
339 13976
340 14012
341 14037
342 14128
343 14148
344 14178
345 14235
346 14244
347 14275
348 14309
349 14314
350 14338
351 14389
352 14470
353 14494
354 14505
355 14533
356 14617
357 14654
358 14659
359 14670
360 14723
361 14757
362 14789
363 14790
364 14831
365 14838
366 14855
367 14870
368 14922
369 14966
370 14988
371 15035
372 15058
373 15103
374 15170
375 15182
376 15227
377 15259
378 15326
379 15377
380 15412
381 15425
382 15461
383 15474
384 15532
385 15536
386 15549
387 15559
388 15619
389 15625
390 15667
391 15758
392 15818
393 15823
394 15832
395 15880
396 15907
397 15956
398 15973
399 15987
400 16006
401 16026
402 16085
403 16143
404 16153
405 16160
406 16194
407 16253
408 16298
409 16338
410 16350
411 16409
412 16432
413 16447
414 16474
415 16569
416 16575
417 16620
418 16636
419 16671
420 16730
421 16768
422 16816
423 16852
424 16882
425 16899
426 16903
427 16943
428 17012
429 17085
430 17172
431 17241
432 17252
433 17270
434 17308
435 17346
436 17371
437 17375
438 17389
439 17397
440 17463
441 17514
442 17535
443 17598
444 17616
445 17715
446 17808
447 17842
448 17881
449 17922
450 17983
451 17993
452 17998
453 18013
454 18080
455 18117
456 18167
457 18238
458 18301
459 18364
460 18400
461 18411
462 18527
463 18630
464 18669
465 18776
466 18809
467 18830
468 18842
469 18849
470 18851
471 18895
472 18966
473 19000
474 19043
475 19089
476 19123
477 19152
478 19178
479 19184
480 19207
481 19251
482 19265
483 19296
484 19354
485 19394
486 19433
487 19447
488 19527
489 19558
490 19573
491 19578
492 19591
493 19691
494 19701
495 19702
496 19721
497 19788
498 19874
499 20649
500 19926
501 19967
502 19997
503 20062
504 20072
505 20129
506 20143
507 20177
508 20179
509 20190
510 20217
511 20226
512 20264
513 20314
514 20340
515 20343
516 20369
517 20382
518 20439
519 20455
520 20504
521 20531
522 20580
523 20666
524 20694
525 20718
526 20719
527 20763
528 20797
529 20800
530 20824
531 20901
532 20980
533 20989
534 20991
535 21095
536 21123
537 21129
538 21168
539 21219
540 21312
541 21360
542 21461
543 21484
544 21549
545 21581
546 21615
547 21648
548 21672
549 21735
550 21798
551 21843
552 21848
553 21906
554 21950
555 21994
556 22033
557 22093
558 22186
559 22221
560 22241
561 22277
562 22286
563 22320
564 22347
565 22434
566 22436
567 22473
568 22510
569 22554
570 22601
571 22614
572 22639
573 22657
574 22729
575 22746
576 22757
577 22804
578 22834
579 22839
580 22885
581 22894
582 22963
583 22994
584 23018
585 23088
586 23145
587 23155
588 23240
589 23267
590 23280
591 23305
592 23369
593 23437
594 23513
595 23545
596 23610
597 23622
598 23651
599 23683
600 23764
601 23772
602 23847
603 23862
604 23923
605 23928
606 24007
607 24036
608 24080
609 24113
610 24120
611 24174
612 24234
613 24265
614 24352
615 24399
616 24444
617 24487
618 24542
619 24626
620 24695
621 24713
622 24791
623 24844
624 24848
625 24938
626 24964
627 24982
628 24996
629 25027
630 25055
631 25108
632 25110
633 25175
634 25223
635 25247
636 25339
637 25411
638 25428
639 25435
640 25533
641 25545
642 25558
643 25627
644 25629
645 25735
646 25764
647 25769
648 25828
649 25850
650 25884
651 25945
652 25991
653 26041
654 26057
655 26146
656 26197
657 26273
658 26276
659 26331
660 26377
661 26379
662 26428
663 26437
664 26503
665 26543
666 26602
667 26679
668 26720
669 26762
670 26771
671 26843
672 26845
673 26887
674 26888
675 26911
676 26960
677 27018
678 27114
679 27197
680 27239
681 27247
682 27316
683 27392
684 27397
685 27413
686 27441
687 27466
688 27470
689 27510
690 27563
691 27573
692 27593
693 27645
694 27652
695 27674
696 27688
697 27713
698 27744
699 27750
700 27830
701 27875
702 27891
703 28009
704 28047
705 28081
706 28088
707 28101
708 28219
709 28234
710 28250
711 28262
712 28345
713 28399
714 28476
715 28502
716 28544
717 28548
718 28628
719 28708
720 28722
721 28746
722 28797
723 28849
724 28878
725 28917
726 28936
727 28992
728 29050
729 29143
730 29157
731 29194
732 29251
733 29349
734 29367
735 29441
736 29479
737 29525
738 29562
739 29600
740 29650
741 29716
742 29770
743 29824
744 29838
745 29839
746 29898
747 29997
748 30091
749 30116
750 30155
751 30204
752 30231
753 30248
754 30278
755 30316
756 30319
757 30398
758 30466
759 30527
760 30552
761 30628
762 30631
763 30639
764 30681
765 30740
766 30830
767 30884
768 30915
769 30991
770 30998
771 31090
772 31093
773 31166
774 31206
775 31213
776 31286
777 31322
778 31327
779 31339
780 31391
781 31406
782 31490
783 31532
784 31546
785 31583
786 31701
787 31728
788 31753
789 31792
790 31884
791 31903
792 31966
793 32000
794 32000
795 32039
796 32040
797 32041
798 32090
799 32127
800 33753
;
param nested_upperbound := 
1 75
2 94
3 133
4 180
5 221
6 264
7 375
8 444
9 465
10 509
11 545
12 615
13 683
14 704
15 725
16 756
17 784
18 787
19 793
20 869
21 887
22 940
23 952
24 968
25 1021
26 1035
27 1061
28 1164
29 1254
30 1291
31 1334
32 1364
33 1457
34 1562
35 1595
36 1613
37 1667
38 1716
39 1745
40 1785
41 1826
42 1937
43 1988
44 2058
45 2164
46 2203
47 2205
48 2331
49 2402
50 2420
51 2520
52 2533
53 2607
54 2702
55 2728
56 2754
57 2869
58 2881
59 2916
60 2937
61 3011
62 3057
63 3066
64 3068
65 3106
66 3209
67 3215
68 3277
69 3340
70 3385
71 3427
72 3481
73 3508
74 3594
75 3622
76 3623
77 3637
78 3702
79 3782
80 3861
81 3918
82 3992
83 3995
84 3998
85 4051
86 4064
87 4075
88 4108
89 4111
90 4114
91 4116
92 4163
93 4261
94 4292
95 4315
96 4358
97 4388
98 4415
99 4464
100 4527
101 4549
102 4659
103 4743
104 4761
105 4779
106 4785
107 4794
108 4805
109 4811
110 4843
111 4865
112 4885
113 4896
114 4945
115 5049
116 5064
117 5095
118 5187
119 5192
120 5281
121 5334
122 5448
123 5548
124 5571
125 5652
126 5718
127 5806
128 5870
129 5944
130 5992
131 6031
132 6032
133 6057
134 6074
135 6111
136 6186
137 6300
138 6407
139 6411
140 6472
141 6494
142 6508
143 6554
144 6630
145 6672
146 6691
147 6723
148 6751
149 6825
150 6825
151 6836
152 6901
153 6996
154 7027
155 7087
156 7127
157 7147
158 7184
159 7201
160 7226
161 7249
162 7323
163 7329
164 7334
165 7366
166 7423
167 7479
168 7533
169 7551
170 7552
171 7617
172 7709
173 7787
174 7806
175 7845
176 7905
177 7929
178 7948
179 7987
180 8005
181 8050
182 8118
183 8136
184 8214
185 8234
186 8299
187 8314
188 8395
189 8432
190 8518
191 8579
192 8662
193 8750
194 8813
195 8849
196 8877
197 8962
198 8999
199 9023
200 9118
201 9219
202 9258
203 9268
204 9335
205 9357
206 9389
207 9434
208 9453
209 9459
210 9487
211 9511
212 9538
213 9586
214 9605
215 9657
216 9723
217 9731
218 9762
219 9827
220 9828
221 9875
222 9925
223 9932
224 9959
225 10004
226 10065
227 10066
228 10104
229 10160
230 10213
231 10322
232 10343
233 10385
234 10465
235 10470
236 10533
237 10548
238 10573
239 10618
240 10657
241 10666
242 10709
243 10736
244 10739
245 10786
246 10830
247 10834
248 10859
249 10861
250 10909
251 10973
252 11025
253 11088
254 11097
255 11105
256 11115
257 11186
258 11234
259 11263
260 11368
261 11387
262 11426
263 11456
264 11457
265 11478
266 11488
267 11538
268 11551
269 11573
270 11609
271 11622
272 11676
273 11727
274 11790
275 11824
276 11879
277 11915
278 11963
279 11971
280 11983
281 12006
282 12007
283 12009
284 12097
285 12103
286 12130
287 12155
288 12204
289 12232
290 12238
291 12276
292 12300
293 12371
294 12407
295 12470
296 12545
297 12572
298 12614
299 12641
300 12682
301 12735
302 12745
303 12781
304 12813
305 12855
306 12857
307 12864
308 12938
309 12980
310 13008
311 13057
312 13071
313 13100
314 13123
315 13162
316 13197
317 13289
318 13341
319 13352
320 13429
321 13516
322 13568
323 13591
324 13623
325 13657
326 13709
327 13768
328 13824
329 13859
330 13892
331 13893
332 13954
333 13986
334 13991
335 14028
336 14109
337 14125
338 14162
339 14214
340 14269
341 14275
342 14371
343 14439
344 14493
345 14581
346 14603
347 14710
348 14730
349 14768
350 14829
351 14887
352 14948
353 14963
354 14984
355 14987
356 15070
357 15089
358 15176
359 15239
360 15310
361 15354
362 15396
363 15407
364 15481
365 15563
366 15576
367 15617
368 15676
369 15761
370 15796
371 15839
372 15869
373 15912
374 15955
375 15969
376 15999
377 16013
378 16061
379 16142
380 16182
381 16277
382 16300
383 16332
384 16385
385 16430
386 16442
387 16481
388 16570
389 16605
390 16629
391 16695
392 16748
393 16796
394 16807
395 16850
396 16911
397 16925
398 16939
399 16951
400 16977
401 17002
402 17085
403 17136
404 17148
405 17157
406 17161
407 17260
408 17264
409 17361
410 17364
411 17377
412 17418
413 17458
414 17458
415 17516
416 17542
417 17612
418 17639
419 17698
420 17772
421 17789
422 17822
423 17847
424 17942
425 17955
426 17966
427 17984
428 18035
429 18040
430 18058
431 18061
432 18087
433 18111
434 18118
435 18168
436 18203
437 18225
438 18270
439 18294
440 18369
441 18388
442 18390
443 18441
444 18485
445 18497
446 18510
447 18580
448 18598
449 18639
450 18639
451 18652
452 18703
453 18711
454 18730
455 18766
456 18843
457 18859
458 18861
459 18865
460 18920
461 18956
462 19025
463 19056
464 19127
465 19192
466 19256
467 19285
468 19360
469 19400
470 19402
471 19479
472 19500
473 19570
474 19630
475 19718
476 19787
477 19859
478 19888
479 19901
480 19909
481 19914
482 19942
483 19999
484 20033
485 20089
486 20125
487 20197
488 20250
489 20285
490 20378
491 20395
492 20412
493 20471
494 20508
495 20560
496 20592
497 20620
498 20631
499 20649
500 20753
501 20789
502 20913
503 20977
504 20989
505 21024
506 21084
507 21118
508 21190
509 21226
510 21281
511 21387
512 21448
513 21556
514 21597
515 21618
516 21732
517 21765
518 21810
519 21816
520 21860
521 21879
522 21929
523 22011
524 22017
525 22019
526 22075
527 22083
528 22157
529 22174
530 22223
531 22273
532 22308
533 22314
534 22370
535 22471
536 22519
537 22563
538 22632
539 22659
540 22716
541 22734
542 22829
543 22838
544 22889
545 22958
546 23016
547 23045
548 23062
549 23122
550 23175
551 23219
552 23222
553 23256
554 23301
555 23381
556 23499
557 23588
558 23633
559 23669
560 23724
561 23804
562 23848
563 23926
564 23947
565 23976
566 23981
567 24022
568 24033
569 24052
570 24125
571 24175
572 24185
573 24253
574 24281
575 24300
576 24368
577 24408
578 24414
579 24423
580 24448
581 24474
582 24489
583 24505
584 24585
585 24643
586 24653
587 24693
588 24772
589 24829
590 24847
591 24873
592 24959
593 24996
594 25091
595 25208
596 25238
597 25314
598 25358
599 25392
600 25452
601 25509
602 25533
603 25558
604 25570
605 25573
606 25638
607 25652
608 25668
609 25676
610 25698
611 25796
612 25812
613 25883
614 25929
615 25931
616 26002
617 26048
618 26066
619 26134
620 26231
621 26254
622 26320
623 26343
624 26362
625 26434
626 26473
627 26490
628 26531
629 26600
630 26624
631 26699
632 26736
633 26765
634 26838
635 26915
636 26925
637 26978
638 27045
639 27050
640 27101
641 27163
642 27200
643 27212
644 27236
645 27281
646 27400
647 27447
648 27490
649 27522
650 27547
651 27557
652 27632
653 27633
654 27652
655 27743
656 27752
657 27755
658 27763
659 27840
660 27876
661 27881
662 27924
663 27950
664 28001
665 28008
666 28100
667 28194
668 28211
669 28228
670 28235
671 28241
672 28285
673 28391
674 28394
675 28396
676 28458
677 28520
678 28570
679 28652
680 28749
681 28752
682 28779
683 28821
684 28823
685 28826
686 28861
687 28894
688 28962
689 29012
690 29047
691 29079
692 29142
693 29215
694 29268
695 29270
696 29337
697 29389
698 29481
699 29564
700 29652
701 29675
702 29711
703 29802
704 29847
705 29925
706 30045
707 30048
708 30105
709 30127
710 30156
711 30160
712 30186
713 30191
714 30248
715 30291
716 30296
717 30340
718 30408
719 30453
720 30462
721 30536
722 30544
723 30591
724 30617
725 30718
726 30726
727 30730
728 30799
729 30800
730 30834
731 30849
732 30870
733 30913
734 30929
735 30991
736 31029
737 31106
738 31141
739 31174
740 31190
741 31272
742 31321
743 31324
744 31362
745 31369
746 31385
747 31471
748 31569
749 31626
750 31627
751 31692
752 31702
753 31726
754 31780
755 31780
756 31829
757 31844
758 31887
759 31955
760 32057
761 32135
762 32153
763 32174
764 32210
765 32288
766 32336
767 32363
768 32457
769 32497
770 32563
771 32680
772 32742
773 32759
774 32786
775 32859
776 32894
777 32941
778 32960
779 33008
780 33115
781 33157
782 33160
783 33197
784 33279
785 33288
786 33300
787 33332
788 33368
789 33368
790 33396
791 33398
792 33458
793 33498
794 33541
795 33565
796 33584
797 33625
798 33687
799 33691
800 33753
;
param cost_a := 
1 0.624847
2 0.144381
3 0.856302
4 0.332187
5 0.723184
6 0.584153
7 0.161655
8 0.693916
9 0.846977
10 0.431499
11 0.096719
12 0.538423
13 0.006201
14 0.801951
15 0.659170
16 0.260011
17 0.384720
18 0.419090
19 0.129771
20 0.280464
21 0.414329
22 0.661651
23 0.160077
24 0.888161
25 0.104479
26 0.205541
27 0.002357
28 0.935222
29 0.391222
30 0.353639
31 0.169173
32 0.818060
33 0.465177
34 0.772233
35 0.428219
36 0.839580
37 0.328352
38 0.322631
39 0.249959
40 0.567862
41 0.213488
42 0.990027
43 0.631242
44 0.166518
45 0.977063
46 0.568863
47 0.617487
48 0.876010
49 0.148456
50 0.764958
51 0.839224
52 0.873078
53 0.982750
54 0.719360
55 0.965650
56 0.627013
57 0.623480
58 0.647382
59 0.158555
60 0.606883
61 0.334147
62 0.318503
63 0.384376
64 0.772889
65 0.703636
66 0.478774
67 0.810290
68 0.707929
69 0.770674
70 0.037120
71 0.472196
72 0.511990
73 0.146302
74 0.900402
75 0.958077
76 0.692383
77 0.440828
78 0.749302
79 0.999652
80 0.236938
81 0.623053
82 0.798109
83 0.608413
84 0.855079
85 0.354577
86 0.676189
87 0.729015
88 0.013379
89 0.850797
90 0.007394
91 0.313697
92 0.877459
93 0.422732
94 0.045916
95 0.245789
96 0.601279
97 0.550124
98 0.853036
99 0.658547
100 0.577656
101 0.126263
102 0.968967
103 0.907460
104 0.280481
105 0.398829
106 0.347471
107 0.759844
108 0.189454
109 0.108521
110 0.478126
111 0.264955
112 0.992241
113 0.398583
114 0.122137
115 0.260988
116 0.806832
117 0.233350
118 0.932271
119 0.562302
120 0.558461
121 0.322723
122 0.416009
123 0.550812
124 0.880813
125 0.902046
126 0.233206
127 0.169934
128 0.990338
129 0.163119
130 0.695544
131 0.187649
132 0.905345
133 0.672132
134 0.554775
135 0.057117
136 0.148153
137 0.744104
138 0.730253
139 0.758995
140 0.678923
141 0.470924
142 0.533445
143 0.658974
144 0.263906
145 0.921417
146 0.198120
147 0.657255
148 0.778673
149 0.946852
150 0.119615
151 0.743569
152 0.088530
153 0.034144
154 0.145083
155 0.502033
156 0.133622
157 0.751506
158 0.538827
159 0.134522
160 0.675395
161 0.527613
162 0.872805
163 0.189436
164 0.833866
165 0.795377
166 0.062143
167 0.394616
168 0.061821
169 0.915219
170 0.078938
171 0.798860
172 0.562357
173 0.770260
174 0.534866
175 0.825881
176 0.360320
177 0.497149
178 0.324116
179 0.837730
180 0.286032
181 0.481286
182 0.862847
183 0.391607
184 0.021290
185 0.503967
186 0.149888
187 0.554657
188 0.092998
189 0.781557
190 0.905598
191 0.415762
192 0.278867
193 0.583038
194 0.421801
195 0.301489
196 0.312487
197 0.152354
198 0.475413
199 0.165292
200 0.041670
201 0.795754
202 0.721874
203 0.174714
204 0.304314
205 0.221867
206 0.391731
207 0.670749
208 0.740148
209 0.543531
210 0.864655
211 0.416695
212 0.554547
213 0.765453
214 0.789956
215 0.390742
216 0.892249
217 0.090549
218 0.861099
219 0.307196
220 0.964102
221 0.980353
222 0.133947
223 0.575664
224 0.399128
225 0.601196
226 0.904482
227 0.525678
228 0.466995
229 0.077856
230 0.631404
231 0.436166
232 0.832620
233 0.860201
234 0.202566
235 0.214820
236 0.364965
237 0.485882
238 0.001365
239 0.471849
240 0.226190
241 0.093399
242 0.730228
243 0.225748
244 0.015183
245 0.204938
246 0.793033
247 0.565644
248 0.131081
249 0.557127
250 0.226792
251 0.275432
252 0.757763
253 0.110433
254 0.705155
255 0.699343
256 0.949374
257 0.814192
258 0.012256
259 0.996722
260 0.219811
261 0.244300
262 0.605164
263 0.395757
264 0.805694
265 0.864400
266 0.446659
267 0.111494
268 0.382704
269 0.388918
270 0.197313
271 0.242966
272 0.469256
273 0.547606
274 0.106785
275 0.207366
276 0.049346
277 0.466283
278 0.539014
279 0.106130
280 0.087998
281 0.887250
282 0.004435
283 0.848474
284 0.598098
285 0.555405
286 0.854593
287 0.882323
288 0.746494
289 0.292357
290 0.420484
291 0.000741
292 0.160109
293 0.570900
294 0.345703
295 0.903879
296 0.109384
297 0.785966
298 0.178939
299 0.002149
300 0.606770
301 0.895747
302 0.947586
303 0.345694
304 0.662028
305 0.677949
306 0.435220
307 0.558452
308 0.984006
309 0.511169
310 0.230421
311 0.241966
312 0.310115
313 0.350206
314 0.302877
315 0.494808
316 0.280122
317 0.416622
318 0.894969
319 0.967846
320 0.349932
321 0.072187
322 0.892969
323 0.243809
324 0.663930
325 0.382851
326 0.561742
327 0.291454
328 0.071019
329 0.014717
330 0.590319
331 0.300360
332 0.579862
333 0.330975
334 0.802900
335 0.351745
336 0.502929
337 0.880099
338 0.640870
339 0.123891
340 0.336807
341 0.880597
342 0.616107
343 0.167677
344 0.067817
345 0.816452
346 0.374344
347 0.218358
348 0.077373
349 0.859866
350 0.789570
351 0.534172
352 0.150557
353 0.534262
354 0.636451
355 0.370514
356 0.264303
357 0.820504
358 0.857452
359 0.410310
360 0.848131
361 0.793106
362 0.254834
363 0.276913
364 0.070758
365 0.850727
366 0.594919
367 0.155253
368 0.409992
369 0.676532
370 0.613000
371 0.040110
372 0.311190
373 0.229067
374 0.251998
375 0.217347
376 0.131127
377 0.323046
378 0.656429
379 0.264535
380 0.799523
381 0.712023
382 0.975499
383 0.131885
384 0.709531
385 0.031185
386 0.905098
387 0.732508
388 0.271360
389 0.498550
390 0.118197
391 0.932987
392 0.329826
393 0.906653
394 0.296634
395 0.890860
396 0.256931
397 0.164322
398 0.384500
399 0.335078
400 0.984724
401 0.469460
402 0.934304
403 0.628627
404 0.541507
405 0.108756
406 0.011831
407 0.289425
408 0.796071
409 0.889072
410 0.064085
411 0.076296
412 0.100000
413 0.307766
414 0.436926
415 0.771198
416 0.347173
417 0.765508
418 0.855000
419 0.407064
420 0.642454
421 0.415200
422 0.146274
423 0.902545
424 0.288145
425 0.624367
426 0.806972
427 0.870574
428 0.157166
429 0.505954
430 0.659932
431 0.767115
432 0.725976
433 0.543755
434 0.860390
435 0.539607
436 0.088141
437 0.003700
438 0.847901
439 0.521530
440 0.161050
441 0.581076
442 0.531616
443 0.500196
444 0.033600
445 0.586231
446 0.028319
447 0.659260
448 0.981832
449 0.917659
450 0.648656
451 0.465630
452 0.102274
453 0.111361
454 0.546661
455 0.532365
456 0.779437
457 0.889184
458 0.511202
459 0.044805
460 0.314179
461 0.856375
462 0.785179
463 0.486590
464 0.993806
465 0.319885
466 0.549273
467 0.145418
468 0.682619
469 0.613974
470 0.801801
471 0.215258
472 0.653201
473 0.828490
474 0.804671
475 0.242443
476 0.864112
477 0.437702
478 0.047698
479 0.187455
480 0.218746
481 0.023876
482 0.809473
483 0.492381
484 0.512965
485 0.079817
486 0.862751
487 0.255957
488 0.795722
489 0.758392
490 0.685767
491 0.923734
492 0.727230
493 0.414570
494 0.698122
495 0.800373
496 0.223353
497 0.856840
498 0.540872
499 0.184185
500 0.222733
501 0.389867
502 0.265162
503 0.010982
504 0.804771
505 0.989066
506 0.482236
507 0.574954
508 0.121925
509 0.300288
510 0.059868
511 0.168713
512 0.688916
513 0.604134
514 0.826252
515 0.352781
516 0.494246
517 0.424411
518 0.962102
519 0.026759
520 0.166062
521 0.094062
522 0.325192
523 0.530027
524 0.034746
525 0.319439
526 0.858802
527 0.649279
528 0.388697
529 0.605064
530 0.486497
531 0.653346
532 0.517656
533 0.316069
534 0.490402
535 0.312660
536 0.279477
537 0.164300
538 0.308625
539 0.291408
540 0.911654
541 0.006600
542 0.969666
543 0.324809
544 0.637972
545 0.040078
546 0.007686
547 0.212129
548 0.293523
549 0.769222
550 0.672173
551 0.867949
552 0.707925
553 0.503477
554 0.559077
555 0.479890
556 0.946933
557 0.621476
558 0.447663
559 0.220372
560 0.716732
561 0.409382
562 0.128343
563 0.953203
564 0.283057
565 0.945844
566 0.351461
567 0.962639
568 0.148878
569 0.264871
570 0.715471
571 0.913302
572 0.469753
573 0.880435
574 0.345201
575 0.023675
576 0.765037
577 0.702947
578 0.586846
579 0.804120
580 0.906009
581 0.417745
582 0.666072
583 0.672246
584 0.628552
585 0.529563
586 0.319090
587 0.314124
588 0.928396
589 0.504451
590 0.813791
591 0.809273
592 0.651028
593 0.761932
594 0.528985
595 0.280479
596 0.386223
597 0.685214
598 0.354546
599 0.166459
600 0.418743
601 0.326060
602 0.613722
603 0.146005
604 0.972132
605 0.083454
606 0.991099
607 0.266694
608 0.311596
609 0.331508
610 0.075681
611 0.949396
612 0.444841
613 0.762073
614 0.598292
615 0.251712
616 0.176327
617 0.091319
618 0.255956
619 0.079181
620 0.130756
621 0.757086
622 0.173159
623 0.932460
624 0.065704
625 0.305093
626 0.550863
627 0.271876
628 0.341171
629 0.327136
630 0.898874
631 0.667659
632 0.805412
633 0.073187
634 0.435631
635 0.584813
636 0.591777
637 0.211861
638 0.771740
639 0.926017
640 0.400366
641 0.659987
642 0.869500
643 0.324103
644 0.761198
645 0.942074
646 0.490458
647 0.637563
648 0.542144
649 0.174242
650 0.906452
651 0.158215
652 0.575267
653 0.494736
654 0.556868
655 0.689577
656 0.729288
657 0.584418
658 0.585784
659 0.897624
660 0.053768
661 0.835685
662 0.787412
663 0.172581
664 0.762172
665 0.737039
666 0.426748
667 0.671004
668 0.806363
669 0.143084
670 0.684507
671 0.231857
672 0.624158
673 0.295994
674 0.101475
675 0.478445
676 0.314415
677 0.754572
678 0.367067
679 0.629967
680 0.010770
681 0.770765
682 0.110399
683 0.352141
684 0.585431
685 0.131072
686 0.009391
687 0.375735
688 0.018592
689 0.051558
690 0.534403
691 0.605036
692 0.816849
693 0.380228
694 0.987624
695 0.025172
696 0.755615
697 0.119298
698 0.187911
699 0.897892
700 0.955876
701 0.132452
702 0.183021
703 0.509801
704 0.884747
705 0.848455
706 0.747124
707 0.105237
708 0.292104
709 0.812526
710 0.141231
711 0.597855
712 0.362217
713 0.070677
714 0.677652
715 0.210685
716 0.469620
717 0.599753
718 0.036811
719 0.343822
720 0.882574
721 0.317197
722 0.035727
723 0.712070
724 0.555332
725 0.619612
726 0.642205
727 0.131796
728 0.792012
729 0.907972
730 0.467241
731 0.266881
732 0.050226
733 0.159880
734 0.750390
735 0.168110
736 0.481740
737 0.305543
738 0.978810
739 0.558463
740 0.980268
741 0.954211
742 0.750418
743 0.528721
744 0.523106
745 0.901563
746 0.305096
747 0.613444
748 0.453687
749 0.826116
750 0.305068
751 0.116800
752 0.056204
753 0.653979
754 0.946598
755 0.050874
756 0.321336
757 0.236334
758 0.329832
759 0.136029
760 0.193678
761 0.242825
762 0.202133
763 0.993523
764 0.826865
765 0.526542
766 0.722447
767 0.935028
768 0.451442
769 0.662606
770 0.770228
771 0.621827
772 0.383421
773 0.902395
774 0.542196
775 0.328427
776 0.468037
777 0.419224
778 0.743633
779 0.600937
780 0.863589
781 0.448847
782 0.588198
783 0.750018
784 0.524338
785 0.749437
786 0.071188
787 0.861348
788 0.039297
789 0.720729
790 0.575899
791 0.843471
792 0.625339
793 0.530806
794 0.811249
795 0.463569
796 0.058408
797 0.701556
798 0.360991
799 0.346081
800 0.155724
;
param cost_b := 
1 0.983835
2 0.247344
3 -0.442748
4 -0.905758
5 -0.678139
6 -0.021027
7 0.799260
8 -0.681602
9 -0.122360
10 0.238491
11 -0.166915
12 -0.680371
13 0.631477
14 0.290013
15 -0.492879
16 0.352586
17 0.396672
18 -0.806718
19 0.641308
20 -0.950710
21 0.359410
22 -0.249441
23 0.694092
24 0.839463
25 -0.505990
26 0.954737
27 -0.248875
28 0.444226
29 -0.361459
30 -0.123219
31 -0.755490
32 0.487286
33 0.572143
34 0.462976
35 -0.339119
36 -0.311097
37 0.420144
38 0.522096
39 -0.309497
40 0.830864
41 0.911020
42 0.159355
43 0.650202
44 0.995710
45 -0.717434
46 0.110930
47 0.220529
48 0.568325
49 -0.746952
50 0.213537
51 -0.184714
52 -0.557414
53 -0.431237
54 0.540664
55 -0.309187
56 -0.755437
57 -0.006745
58 0.498631
59 -0.238341
60 -0.546029
61 -0.073655
62 0.812987
63 0.672700
64 -0.451168
65 0.580077
66 0.313295
67 0.530647
68 0.787570
69 0.082714
70 0.495637
71 0.675844
72 0.294941
73 0.682995
74 -0.007231
75 -0.637175
76 0.685655
77 -0.429294
78 0.456319
79 -0.936548
80 -0.746062
81 -0.211208
82 -0.303028
83 -0.172112
84 0.894070
85 -0.250969
86 -0.033215
87 0.880407
88 -0.965791
89 -0.219908
90 0.357317
91 -0.420713
92 -0.465960
93 -0.774496
94 -0.810037
95 -0.688325
96 -0.572515
97 -0.916845
98 -0.854223
99 -0.370714
100 -0.835104
101 -0.038643
102 -0.413606
103 -0.711506
104 0.750500
105 -0.805350
106 -0.674066
107 -0.341950
108 -0.234761
109 -0.179097
110 0.001929
111 0.678003
112 0.442692
113 -0.864054
114 -0.930294
115 -0.663400
116 0.409537
117 0.287168
118 -0.360721
119 0.265057
120 -0.608023
121 -0.899999
122 0.417601
123 -0.096869
124 0.725761
125 -0.103992
126 -0.776368
127 0.861441
128 0.773714
129 -0.461874
130 0.764216
131 -0.956542
132 0.035814
133 -0.061971
134 0.103283
135 0.594013
136 0.363011
137 0.950084
138 -0.831319
139 0.123607
140 0.901909
141 0.435162
142 0.693621
143 -0.942721
144 0.528862
145 0.810383
146 0.152560
147 -0.405184
148 0.034763
149 0.610325
150 -0.107342
151 -0.518264
152 -0.473965
153 -0.947778
154 0.456640
155 -0.936773
156 -0.052653
157 -0.740361
158 -0.770563
159 0.826625
160 -0.487687
161 -0.747425
162 -0.565939
163 -0.577434
164 0.916308
165 -0.291859
166 0.000194
167 0.094707
168 0.180303
169 -0.339249
170 -0.214144
171 0.496927
172 -0.645112
173 -0.248452
174 0.062803
175 -0.481280
176 -0.645031
177 0.992983
178 0.575854
179 -0.404024
180 -0.170090
181 -0.981731
182 0.185705
183 0.247461
184 0.528332
185 0.780368
186 0.551128
187 -0.115212
188 0.429142
189 -0.051404
190 -0.688212
191 -0.710952
192 -0.238944
193 -0.891216
194 0.097950
195 0.413016
196 0.059990
197 0.446448
198 -0.651046
199 -0.058241
200 -0.776119
201 0.240068
202 -0.155567
203 -0.393141
204 0.296318
205 -0.028944
206 -0.791858
207 0.339000
208 0.907522
209 -0.250151
210 -0.951683
211 0.749674
212 0.922560
213 -0.192346
214 -0.464831
215 0.216889
216 0.677280
217 0.951369
218 -0.736472
219 -0.697544
220 0.392818
221 0.995866
222 -0.952345
223 0.300985
224 0.474635
225 0.779031
226 0.236379
227 -0.481481
228 -0.469364
229 0.286729
230 -0.466657
231 -0.132064
232 0.143667
233 0.710050
234 -0.370669
235 -0.670668
236 -0.986214
237 -0.571994
238 0.529569
239 -0.147936
240 -0.864576
241 -0.623316
242 0.023716
243 0.688324
244 -0.593219
245 -0.651662
246 -0.648063
247 0.202081
248 0.786963
249 0.020980
250 -0.915972
251 0.275434
252 -0.586168
253 -0.274805
254 0.453861
255 0.459770
256 0.645606
257 0.497345
258 -0.866603
259 0.837829
260 0.178345
261 0.330415
262 -0.724881
263 0.745917
264 -0.839182
265 0.592108
266 0.990765
267 -0.875855
268 -0.819035
269 -0.334704
270 0.956557
271 -0.668870
272 -0.702409
273 0.914651
274 -0.624464
275 -0.945847
276 0.414423
277 -0.226573
278 -0.401000
279 0.094359
280 -0.952081
281 0.676108
282 -0.019999
283 -0.852601
284 -0.556374
285 -0.732960
286 -0.741957
287 -0.793822
288 -0.537455
289 0.015934
290 -0.104934
291 0.022110
292 0.114555
293 -0.815798
294 -0.823540
295 -0.341325
296 -0.375472
297 -0.759677
298 0.847581
299 -0.253728
300 -0.797363
301 -0.962292
302 0.100703
303 -0.583303
304 0.701265
305 -0.494691
306 0.021956
307 -0.301031
308 -0.537138
309 0.330242
310 -0.729423
311 0.255325
312 -0.014441
313 0.100494
314 0.415179
315 -0.980558
316 -0.805122
317 0.010119
318 0.464558
319 0.570125
320 -0.851587
321 -0.120499
322 -0.770289
323 0.757667
324 -0.211634
325 0.915626
326 -0.783357
327 0.851090
328 0.865479
329 -0.611831
330 -0.007435
331 -0.008723
332 0.996937
333 0.064457
334 0.902585
335 -0.535446
336 -0.941472
337 -0.359955
338 -0.516420
339 -0.408834
340 -0.268253
341 0.260967
342 -0.607225
343 0.121352
344 0.331510
345 0.594825
346 -0.563571
347 0.144354
348 -0.088402
349 0.442483
350 -0.058746
351 -0.883119
352 0.036265
353 -0.595278
354 0.105879
355 0.899379
356 -0.771541
357 -0.200966
358 -0.000880
359 0.428780
360 -0.915833
361 -0.818399
362 0.555418
363 -0.815437
364 -0.991453
365 -0.241746
366 -0.030898
367 0.424216
368 -0.259493
369 -0.440557
370 0.286967
371 -0.873614
372 0.557875
373 -0.791049
374 0.854344
375 -0.058076
376 -0.794967
377 0.446850
378 -0.931842
379 -0.398317
380 0.966318
381 -0.214037
382 -0.691194
383 -0.071694
384 0.367669
385 -0.655666
386 0.750883
387 0.631899
388 0.076861
389 0.355070
390 0.251417
391 0.428224
392 -0.770403
393 -0.315082
394 -0.629574
395 -0.579365
396 0.527371
397 0.361921
398 0.947896
399 0.945225
400 0.453988
401 0.157826
402 0.488264
403 0.572382
404 -0.736641
405 0.005660
406 -0.264689
407 0.464893
408 -0.099261
409 -0.051503
410 -0.150455
411 -0.251796
412 -0.602890
413 -0.757914
414 0.448589
415 0.386180
416 0.280948
417 0.630831
418 0.962127
419 0.917900
420 -0.253108
421 -0.137243
422 -0.941960
423 0.633003
424 0.703855
425 -0.548574
426 0.705077
427 0.447646
428 -0.448721
429 0.086328
430 -0.224809
431 0.382771
432 -0.741860
433 -0.231923
434 0.597219
435 -0.228034
436 -0.503021
437 -0.391706
438 0.984069
439 0.129443
440 0.260164
441 0.281016
442 0.422841
443 -0.804903
444 -0.815856
445 0.407764
446 0.778066
447 0.905344
448 -0.951276
449 0.896331
450 0.085769
451 -0.196317
452 -0.381033
453 0.596714
454 0.614121
455 0.735943
456 -0.665206
457 -0.971674
458 0.128412
459 0.069800
460 -0.871905
461 0.646264
462 0.107283
463 -0.651834
464 0.464317
465 -0.739459
466 0.009657
467 0.232603
468 0.160620
469 -0.176701
470 -0.138129
471 -0.832110
472 0.383325
473 -0.105035
474 0.184585
475 0.134255
476 -0.376484
477 0.299120
478 -0.177636
479 -0.703376
480 -0.124907
481 -0.056734
482 0.278974
483 0.330588
484 0.858923
485 -0.536498
486 -0.697057
487 0.068608
488 0.171378
489 0.788405
490 -0.901556
491 -0.108476
492 0.610504
493 0.869341
494 0.330803
495 0.590066
496 -0.042921
497 -0.421111
498 -0.887002
499 -0.720493
500 -0.105486
501 -0.917629
502 -0.710272
503 -0.200508
504 -0.682829
505 0.460740
506 0.012600
507 -0.928717
508 -0.559369
509 -0.520767
510 -0.136617
511 0.266887
512 -0.200228
513 0.378230
514 0.481594
515 0.806895
516 0.014910
517 -0.227263
518 -0.510401
519 0.580787
520 0.450753
521 -0.949134
522 -0.716156
523 -0.000191
524 -0.850079
525 0.455856
526 -0.186126
527 0.499784
528 -0.185648
529 -0.239238
530 0.252957
531 0.891726
532 0.563411
533 -0.339814
534 -0.669593
535 0.813979
536 0.749745
537 0.372963
538 -0.784312
539 0.375143
540 -0.942241
541 -0.516108
542 -0.326063
543 0.161898
544 0.558813
545 0.471253
546 0.637851
547 0.182411
548 0.969276
549 0.371204
550 0.517192
551 -0.069994
552 0.836729
553 0.395685
554 0.237708
555 0.966073
556 0.072981
557 0.505160
558 -0.834712
559 -0.939960
560 -0.342937
561 0.185501
562 0.340182
563 -0.585182
564 -0.577240
565 0.425783
566 -0.348809
567 0.558080
568 -0.070685
569 0.324301
570 0.086835
571 -0.294120
572 0.455771
573 -0.734531
574 -0.039193
575 -0.950832
576 0.146483
577 0.223096
578 0.168013
579 -0.783534
580 0.746755
581 0.315902
582 -0.826806
583 0.660954
584 0.411271
585 0.556460
586 0.639741
587 -0.272602
588 0.233153
589 -0.292021
590 -0.874147
591 -0.768215
592 0.413750
593 0.338480
594 0.186973
595 -0.101843
596 0.244174
597 0.754140
598 -0.072185
599 0.229079
600 -0.796359
601 -0.875237
602 -0.876153
603 -0.525708
604 -0.683375
605 -0.532774
606 0.881823
607 -0.359506
608 0.304355
609 0.980527
610 0.690075
611 0.654139
612 -0.638839
613 0.518195
614 -0.947883
615 -0.535100
616 -0.898471
617 0.091552
618 0.387991
619 -0.742353
620 -0.180932
621 -0.292992
622 -0.153581
623 0.432813
624 0.701625
625 0.171288
626 0.483944
627 -0.278035
628 -0.203073
629 0.088426
630 -0.033469
631 0.388443
632 0.760128
633 -0.534256
634 -0.386300
635 0.565183
636 0.411014
637 -0.326300
638 -0.712792
639 -0.694127
640 0.849897
641 0.982409
642 0.991441
643 -0.753813
644 -0.816082
645 0.258048
646 0.791257
647 -0.910060
648 0.808099
649 -0.887866
650 -0.274584
651 -0.514740
652 0.337859
653 0.462781
654 -0.839152
655 -0.514650
656 0.120726
657 0.109191
658 -0.670706
659 -0.808666
660 -0.371762
661 -0.215992
662 0.423816
663 0.467335
664 0.746559
665 0.877961
666 -0.288540
667 -0.448780
668 0.427008
669 0.990654
670 -0.834395
671 -0.508278
672 -0.407988
673 -0.042316
674 -0.250599
675 -0.406098
676 -0.190408
677 0.602414
678 -0.922889
679 -0.269152
680 0.829157
681 0.304233
682 -0.702214
683 0.056754
684 0.621479
685 -0.760616
686 -0.729419
687 -0.519246
688 0.651906
689 -0.337225
690 0.282548
691 -0.820475
692 0.934336
693 0.036863
694 -0.809722
695 0.121105
696 0.009980
697 -0.921193
698 0.100545
699 -0.889436
700 -0.571831
701 -0.512837
702 0.432811
703 0.519917
704 0.991967
705 0.481150
706 -0.508805
707 0.996738
708 -0.527409
709 -0.619105
710 -0.066793
711 -0.840878
712 -0.473437
713 -0.666532
714 -0.218327
715 -0.423711
716 0.620149
717 0.926612
718 0.820788
719 0.918741
720 -0.048755
721 0.857811
722 -0.547111
723 -0.695269
724 -0.578465
725 0.902604
726 -0.760952
727 0.833777
728 0.043034
729 0.737145
730 -0.845575
731 -0.662527
732 -0.037923
733 0.892671
734 0.268534
735 -0.778362
736 -0.834689
737 0.309758
738 -0.391760
739 -0.921915
740 -0.808657
741 0.840658
742 0.857967
743 -0.328413
744 -0.969072
745 0.012801
746 -0.299294
747 -0.769988
748 -0.017842
749 0.508140
750 -0.122947
751 0.443884
752 0.793659
753 -0.798377
754 0.231076
755 0.143167
756 -0.982697
757 -0.205192
758 0.728471
759 0.772549
760 -0.595236
761 -0.327480
762 0.961659
763 0.241618
764 -0.919490
765 -0.294166
766 -0.616799
767 -0.081290
768 -0.469581
769 0.661549
770 -0.081292
771 -0.786496
772 -0.844004
773 -0.978205
774 0.845323
775 -0.889098
776 -0.404096
777 -0.088358
778 0.384595
779 -0.109769
780 0.268949
781 0.136192
782 -0.724290
783 0.626024
784 0.303850
785 -0.968968
786 -0.736837
787 -0.525843
788 0.553764
789 0.215878
790 0.172370
791 0.892280
792 0.941523
793 -0.742451
794 0.460773
795 -0.684198
796 -0.012310
797 0.446889
798 0.458018
799 -0.641723
800 0.061699
;
