# Optimal value by DCA: 0.002549
data;

param N = 1600;
param capacity := 
1 97
2 106
3 81
4 67
5 116
6 96
7 60
8 69
9 84
10 80
11 77
12 98
13 81
14 80
15 116
16 101
17 43
18 110
19 106
20 59
21 67
22 94
23 106
24 95
25 127
26 83
27 112
28 114
29 63
30 83
31 111
32 128
33 76
34 79
35 125
36 37
37 98
38 109
39 97
40 90
41 122
42 82
43 65
44 55
45 70
46 111
47 92
48 93
49 30
50 93
51 82
52 98
53 78
54 82
55 110
56 75
57 83
58 125
59 78
60 77
61 128
62 127
63 72
64 84
65 116
66 96
67 36
68 83
69 44
70 66
71 102
72 72
73 117
74 73
75 95
76 108
77 97
78 88
79 114
80 126
81 76
82 75
83 115
84 80
85 63
86 39
87 46
88 61
89 92
90 61
91 98
92 52
93 77
94 105
95 112
96 124
97 40
98 95
99 102
100 45
101 124
102 91
103 105
104 84
105 88
106 78
107 104
108 53
109 45
110 123
111 127
112 113
113 108
114 129
115 55
116 87
117 101
118 110
119 79
120 115
121 111
122 79
123 93
124 85
125 58
126 127
127 110
128 82
129 71
130 122
131 55
132 72
133 92
134 77
135 94
136 99
137 92
138 64
139 62
140 55
141 89
142 74
143 113
144 127
145 67
146 116
147 104
148 59
149 55
150 35
151 62
152 92
153 125
154 73
155 98
156 63
157 91
158 49
159 125
160 86
161 89
162 34
163 51
164 89
165 115
166 100
167 49
168 75
169 99
170 117
171 83
172 94
173 39
174 62
175 121
176 103
177 91
178 111
179 68
180 100
181 121
182 127
183 82
184 42
185 108
186 123
187 117
188 42
189 118
190 74
191 56
192 57
193 81
194 60
195 86
196 70
197 69
198 80
199 84
200 111
201 111
202 111
203 73
204 91
205 32
206 92
207 63
208 71
209 97
210 72
211 110
212 81
213 87
214 70
215 80
216 79
217 63
218 96
219 72
220 37
221 61
222 59
223 92
224 112
225 80
226 91
227 79
228 109
229 115
230 127
231 60
232 98
233 110
234 108
235 97
236 66
237 90
238 121
239 65
240 120
241 107
242 76
243 106
244 66
245 82
246 88
247 38
248 66
249 39
250 50
251 64
252 109
253 69
254 114
255 93
256 121
257 97
258 55
259 85
260 117
261 59
262 122
263 110
264 120
265 101
266 66
267 80
268 127
269 87
270 97
271 128
272 74
273 77
274 104
275 95
276 94
277 56
278 98
279 73
280 125
281 96
282 84
283 116
284 67
285 79
286 108
287 99
288 77
289 102
290 87
291 43
292 34
293 116
294 106
295 74
296 93
297 126
298 48
299 61
300 66
301 57
302 44
303 70
304 125
305 99
306 111
307 95
308 126
309 107
310 53
311 76
312 69
313 54
314 127
315 63
316 82
317 63
318 85
319 75
320 99
321 92
322 63
323 113
324 123
325 39
326 79
327 56
328 102
329 94
330 79
331 60
332 109
333 48
334 49
335 90
336 70
337 72
338 96
339 40
340 106
341 84
342 66
343 127
344 39
345 80
346 93
347 60
348 96
349 80
350 96
351 85
352 84
353 103
354 39
355 49
356 79
357 71
358 109
359 78
360 98
361 83
362 82
363 109
364 89
365 80
366 63
367 113
368 97
369 101
370 81
371 74
372 82
373 92
374 43
375 50
376 107
377 114
378 92
379 116
380 47
381 37
382 45
383 126
384 81
385 93
386 125
387 93
388 85
389 64
390 30
391 128
392 95
393 93
394 96
395 42
396 87
397 91
398 108
399 70
400 40
401 116
402 85
403 89
404 89
405 69
406 94
407 63
408 121
409 92
410 97
411 88
412 121
413 99
414 49
415 80
416 33
417 66
418 91
419 92
420 47
421 51
422 49
423 117
424 59
425 103
426 105
427 98
428 30
429 32
430 77
431 95
432 80
433 85
434 129
435 98
436 49
437 113
438 48
439 33
440 77
441 42
442 74
443 77
444 64
445 120
446 115
447 42
448 67
449 84
450 99
451 38
452 129
453 57
454 71
455 67
456 114
457 68
458 70
459 52
460 114
461 106
462 38
463 117
464 48
465 100
466 49
467 62
468 83
469 67
470 75
471 129
472 87
473 78
474 71
475 45
476 41
477 55
478 124
479 33
480 80
481 123
482 97
483 49
484 127
485 127
486 80
487 86
488 37
489 67
490 50
491 52
492 84
493 96
494 48
495 98
496 81
497 113
498 128
499 99
500 79
501 117
502 121
503 75
504 82
505 48
506 85
507 75
508 90
509 128
510 48
511 42
512 118
513 98
514 91
515 126
516 35
517 99
518 88
519 78
520 114
521 55
522 102
523 70
524 82
525 47
526 104
527 128
528 112
529 90
530 110
531 115
532 62
533 80
534 43
535 103
536 119
537 102
538 101
539 123
540 109
541 74
542 101
543 81
544 77
545 48
546 69
547 71
548 94
549 96
550 93
551 37
552 125
553 114
554 99
555 57
556 55
557 86
558 75
559 48
560 76
561 63
562 92
563 113
564 33
565 31
566 80
567 107
568 77
569 126
570 43
571 88
572 96
573 65
574 56
575 35
576 105
577 71
578 95
579 119
580 102
581 91
582 104
583 83
584 129
585 108
586 63
587 97
588 81
589 81
590 95
591 129
592 108
593 85
594 93
595 91
596 103
597 74
598 62
599 93
600 68
601 110
602 91
603 77
604 111
605 94
606 90
607 117
608 105
609 61
610 90
611 71
612 110
613 78
614 121
615 75
616 64
617 37
618 129
619 95
620 103
621 89
622 89
623 49
624 70
625 81
626 64
627 99
628 88
629 73
630 109
631 38
632 66
633 51
634 87
635 32
636 103
637 123
638 87
639 122
640 56
641 64
642 51
643 71
644 128
645 80
646 36
647 72
648 64
649 88
650 71
651 96
652 91
653 113
654 124
655 85
656 66
657 104
658 69
659 85
660 117
661 98
662 62
663 35
664 93
665 113
666 88
667 111
668 105
669 35
670 30
671 99
672 122
673 127
674 87
675 96
676 127
677 99
678 71
679 82
680 104
681 89
682 85
683 64
684 90
685 54
686 113
687 76
688 111
689 83
690 99
691 54
692 52
693 97
694 55
695 86
696 46
697 78
698 95
699 129
700 39
701 84
702 91
703 95
704 99
705 58
706 118
707 55
708 42
709 35
710 112
711 96
712 118
713 63
714 69
715 84
716 105
717 63
718 121
719 76
720 96
721 84
722 33
723 117
724 85
725 95
726 99
727 93
728 66
729 98
730 72
731 69
732 122
733 90
734 97
735 62
736 69
737 76
738 77
739 104
740 97
741 101
742 71
743 99
744 90
745 82
746 122
747 48
748 89
749 95
750 34
751 104
752 48
753 56
754 42
755 46
756 84
757 117
758 32
759 126
760 119
761 48
762 73
763 40
764 97
765 117
766 97
767 53
768 110
769 106
770 64
771 94
772 111
773 83
774 95
775 64
776 108
777 108
778 31
779 129
780 105
781 62
782 62
783 100
784 65
785 86
786 91
787 128
788 89
789 106
790 73
791 62
792 78
793 81
794 116
795 127
796 69
797 63
798 88
799 105
800 68
801 97
802 61
803 31
804 90
805 84
806 121
807 66
808 61
809 74
810 107
811 111
812 98
813 87
814 50
815 76
816 72
817 77
818 40
819 117
820 82
821 37
822 117
823 96
824 97
825 81
826 35
827 50
828 53
829 80
830 110
831 127
832 119
833 87
834 42
835 110
836 40
837 86
838 93
839 80
840 42
841 107
842 125
843 92
844 69
845 89
846 68
847 71
848 66
849 99
850 54
851 85
852 111
853 35
854 45
855 64
856 51
857 113
858 101
859 98
860 129
861 93
862 127
863 51
864 119
865 58
866 68
867 54
868 69
869 98
870 76
871 79
872 48
873 96
874 110
875 90
876 72
877 80
878 127
879 102
880 96
881 102
882 97
883 80
884 124
885 45
886 81
887 92
888 79
889 93
890 70
891 118
892 118
893 119
894 56
895 129
896 106
897 82
898 36
899 117
900 68
901 109
902 62
903 108
904 87
905 82
906 48
907 124
908 123
909 103
910 77
911 119
912 71
913 80
914 56
915 75
916 81
917 113
918 97
919 52
920 40
921 76
922 55
923 41
924 55
925 123
926 83
927 94
928 105
929 83
930 70
931 106
932 114
933 46
934 124
935 113
936 76
937 127
938 80
939 65
940 99
941 48
942 86
943 65
944 80
945 96
946 77
947 123
948 118
949 89
950 49
951 116
952 73
953 49
954 77
955 105
956 87
957 68
958 115
959 101
960 78
961 59
962 112
963 44
964 74
965 118
966 118
967 112
968 82
969 126
970 112
971 64
972 47
973 76
974 52
975 91
976 55
977 87
978 92
979 109
980 79
981 94
982 69
983 106
984 83
985 93
986 36
987 106
988 95
989 70
990 86
991 107
992 88
993 124
994 115
995 72
996 107
997 81
998 64
999 98
1000 73
1001 104
1002 114
1003 76
1004 70
1005 86
1006 98
1007 99
1008 117
1009 100
1010 101
1011 104
1012 111
1013 57
1014 77
1015 60
1016 45
1017 105
1018 65
1019 48
1020 113
1021 54
1022 61
1023 95
1024 82
1025 68
1026 68
1027 101
1028 71
1029 94
1030 118
1031 95
1032 81
1033 47
1034 125
1035 112
1036 60
1037 60
1038 79
1039 51
1040 108
1041 85
1042 76
1043 120
1044 62
1045 94
1046 70
1047 81
1048 108
1049 81
1050 99
1051 58
1052 101
1053 89
1054 81
1055 51
1056 112
1057 78
1058 111
1059 91
1060 120
1061 107
1062 95
1063 115
1064 112
1065 121
1066 55
1067 105
1068 72
1069 115
1070 87
1071 95
1072 68
1073 47
1074 82
1075 94
1076 80
1077 71
1078 76
1079 61
1080 96
1081 47
1082 88
1083 68
1084 88
1085 77
1086 48
1087 51
1088 86
1089 73
1090 112
1091 96
1092 112
1093 57
1094 48
1095 104
1096 78
1097 122
1098 90
1099 73
1100 89
1101 76
1102 98
1103 78
1104 114
1105 106
1106 124
1107 82
1108 98
1109 122
1110 65
1111 84
1112 111
1113 95
1114 68
1115 99
1116 104
1117 73
1118 66
1119 101
1120 101
1121 44
1122 97
1123 100
1124 110
1125 78
1126 80
1127 102
1128 35
1129 57
1130 96
1131 69
1132 95
1133 128
1134 129
1135 62
1136 122
1137 96
1138 64
1139 86
1140 33
1141 92
1142 47
1143 86
1144 93
1145 90
1146 97
1147 76
1148 80
1149 50
1150 106
1151 103
1152 84
1153 51
1154 90
1155 55
1156 84
1157 122
1158 118
1159 90
1160 86
1161 72
1162 107
1163 76
1164 122
1165 73
1166 65
1167 93
1168 126
1169 74
1170 112
1171 121
1172 79
1173 111
1174 82
1175 115
1176 56
1177 94
1178 107
1179 76
1180 78
1181 75
1182 128
1183 98
1184 58
1185 105
1186 94
1187 69
1188 119
1189 101
1190 100
1191 50
1192 126
1193 98
1194 61
1195 54
1196 119
1197 81
1198 54
1199 129
1200 121
1201 58
1202 42
1203 72
1204 113
1205 79
1206 58
1207 86
1208 117
1209 48
1210 69
1211 69
1212 52
1213 53
1214 99
1215 74
1216 67
1217 70
1218 65
1219 116
1220 112
1221 41
1222 128
1223 110
1224 55
1225 112
1226 91
1227 105
1228 67
1229 55
1230 66
1231 37
1232 72
1233 86
1234 73
1235 92
1236 80
1237 86
1238 44
1239 127
1240 75
1241 62
1242 98
1243 44
1244 32
1245 98
1246 109
1247 96
1248 69
1249 107
1250 96
1251 55
1252 94
1253 80
1254 58
1255 103
1256 73
1257 124
1258 62
1259 111
1260 38
1261 94
1262 44
1263 105
1264 110
1265 72
1266 63
1267 57
1268 93
1269 77
1270 51
1271 41
1272 77
1273 118
1274 91
1275 114
1276 40
1277 65
1278 43
1279 81
1280 46
1281 31
1282 98
1283 86
1284 59
1285 84
1286 101
1287 121
1288 40
1289 83
1290 76
1291 98
1292 103
1293 95
1294 106
1295 112
1296 39
1297 88
1298 82
1299 101
1300 63
1301 33
1302 118
1303 45
1304 67
1305 127
1306 81
1307 119
1308 84
1309 117
1310 118
1311 89
1312 100
1313 61
1314 112
1315 79
1316 109
1317 79
1318 126
1319 67
1320 61
1321 96
1322 66
1323 57
1324 33
1325 51
1326 78
1327 64
1328 40
1329 90
1330 71
1331 73
1332 78
1333 74
1334 97
1335 55
1336 92
1337 78
1338 114
1339 87
1340 124
1341 52
1342 70
1343 36
1344 63
1345 74
1346 35
1347 83
1348 121
1349 122
1350 65
1351 88
1352 97
1353 123
1354 109
1355 66
1356 103
1357 89
1358 98
1359 99
1360 69
1361 124
1362 73
1363 96
1364 69
1365 63
1366 67
1367 125
1368 101
1369 95
1370 44
1371 77
1372 73
1373 57
1374 96
1375 120
1376 95
1377 121
1378 40
1379 109
1380 112
1381 99
1382 115
1383 78
1384 71
1385 78
1386 104
1387 30
1388 91
1389 99
1390 104
1391 70
1392 68
1393 103
1394 113
1395 113
1396 96
1397 34
1398 85
1399 119
1400 52
1401 87
1402 98
1403 41
1404 103
1405 85
1406 71
1407 124
1408 92
1409 98
1410 55
1411 66
1412 36
1413 125
1414 86
1415 78
1416 59
1417 78
1418 55
1419 91
1420 88
1421 90
1422 34
1423 81
1424 74
1425 66
1426 100
1427 46
1428 81
1429 114
1430 74
1431 57
1432 112
1433 105
1434 61
1435 62
1436 57
1437 102
1438 109
1439 120
1440 83
1441 88
1442 66
1443 84
1444 79
1445 102
1446 77
1447 74
1448 50
1449 92
1450 77
1451 92
1452 95
1453 47
1454 99
1455 66
1456 61
1457 125
1458 98
1459 46
1460 54
1461 115
1462 79
1463 99
1464 64
1465 90
1466 92
1467 92
1468 101
1469 46
1470 41
1471 87
1472 38
1473 97
1474 122
1475 100
1476 73
1477 67
1478 41
1479 62
1480 109
1481 101
1482 95
1483 36
1484 92
1485 93
1486 124
1487 117
1488 62
1489 123
1490 39
1491 98
1492 51
1493 48
1494 50
1495 90
1496 105
1497 129
1498 91
1499 94
1500 42
1501 76
1502 80
1503 65
1504 70
1505 106
1506 34
1507 102
1508 89
1509 48
1510 104
1511 68
1512 83
1513 49
1514 86
1515 121
1516 129
1517 69
1518 110
1519 92
1520 98
1521 79
1522 117
1523 113
1524 87
1525 94
1526 98
1527 99
1528 54
1529 109
1530 113
1531 78
1532 68
1533 126
1534 99
1535 89
1536 88
1537 82
1538 83
1539 75
1540 82
1541 119
1542 51
1543 116
1544 113
1545 53
1546 105
1547 90
1548 50
1549 91
1550 74
1551 91
1552 99
1553 49
1554 99
1555 107
1556 91
1557 55
1558 63
1559 124
1560 99
1561 69
1562 123
1563 119
1564 122
1565 40
1566 44
1567 67
1568 43
1569 65
1570 119
1571 63
1572 105
1573 48
1574 128
1575 110
1576 116
1577 86
1578 39
1579 66
1580 75
1581 102
1582 97
1583 68
1584 92
1585 55
1586 121
1587 129
1588 76
1589 105
1590 91
1591 113
1592 67
1593 56
1594 51
1595 99
1596 76
1597 123
1598 108
1599 117
1600 69
;
param nested_lowerbound := 
1 7
2 29
3 45
4 103
5 130
6 216
7 252
8 292
9 332
10 362
11 428
12 481
13 530
14 566
15 669
16 702
17 742
18 832
19 869
20 898
21 929
22 982
23 1008
24 1044
25 1082
26 1119
27 1134
28 1244
29 1304
30 1309
31 1392
32 1510
33 1577
34 1596
35 1712
36 1739
37 1753
38 1773
39 1832
40 1845
41 1938
42 2005
43 2058
44 2088
45 2149
46 2183
47 2271
48 2312
49 2313
50 2314
51 2315
52 2365
53 2387
54 2461
55 2531
56 2563
57 2600
58 2622
59 2655
60 2680
61 2709
62 2733
63 2756
64 2836
65 2876
66 2901
67 2919
68 2958
69 2964
70 2976
71 3068
72 3118
73 3203
74 3259
75 3292
76 3313
77 3398
78 3432
79 3530
80 3598
81 3642
82 3684
83 3733
84 3779
85 3808
86 3846
87 3890
88 3920
89 3980
90 4003
91 4046
92 4061
93 4134
94 4198
95 4296
96 4359
97 4367
98 4393
99 4458
100 4488
101 4524
102 4602
103 4612
104 4673
105 4693
106 4753
107 4823
108 4840
109 4843
110 4849
111 4955
112 5038
113 5126
114 5250
115 5280
116 5366
117 5414
118 5497
119 5514
120 5537
121 5631
122 5650
123 5670
124 5688
125 5743
126 5864
127 5909
128 5944
129 6001
130 6013
131 6032
132 6099
133 6122
134 6164
135 6170
136 6217
137 6219
138 6250
139 6288
140 6291
141 6299
142 6347
143 6429
144 6434
145 6437
146 6453
147 6485
148 6486
149 6495
150 6503
151 6540
152 6626
153 6666
154 6717
155 6748
156 6758
157 6835
158 6866
159 6870
160 6908
161 6916
162 6938
163 6962
164 6979
165 7003
166 7022
167 7056
168 7065
169 7124
170 7236
171 7269
172 7312
173 7340
174 7401
175 7447
176 7495
177 7536
178 7626
179 7658
180 7691
181 7720
182 7803
183 7817
184 7828
185 7873
186 7968
187 8033
188 8042
189 8137
190 8146
191 8188
192 8216
193 8233
194 8244
195 8301
196 8369
197 8410
198 8459
199 8525
200 8538
201 8631
202 8738
203 8767
204 8839
205 8860
206 8914
207 8937
208 8968
209 9052
210 9099
211 9150
212 9181
213 9182
214 9236
215 9301
216 9307
217 9327
218 9402
219 9463
220 9495
221 9512
222 9530
223 9550
224 9657
225 9690
226 9747
227 9750
228 9827
229 9921
230 10032
231 10071
232 10117
233 10220
234 10243
235 10338
236 10385
237 10419
238 10535
239 10592
240 10701
241 10767
242 10813
243 10822
244 10864
245 10883
246 10902
247 10932
248 10937
249 10971
250 11004
251 11063
252 11066
253 11128
254 11206
255 11257
256 11258
257 11327
258 11373
259 11374
260 11490
261 11498
262 11553
263 11555
264 11558
265 11567
266 11611
267 11629
268 11709
269 11780
270 11871
271 11919
272 11978
273 11992
274 12019
275 12048
276 12129
277 12178
278 12242
279 12297
280 12400
281 12432
282 12450
283 12470
284 12515
285 12526
286 12602
287 12604
288 12669
289 12753
290 12827
291 12831
292 12859
293 12906
294 12968
295 13028
296 13094
297 13132
298 13173
299 13217
300 13218
301 13229
302 13268
303 13300
304 13321
305 13332
306 13443
307 13450
308 13505
309 13591
310 13603
311 13627
312 13639
313 13648
314 13708
315 13729
316 13799
317 13808
318 13893
319 13968
320 14065
321 14138
322 14154
323 14223
324 14345
325 14377
326 14421
327 14470
328 14555
329 14573
330 14578
331 14600
332 14653
333 14700
334 14702
335 14705
336 14727
337 14765
338 14811
339 14815
340 14827
341 14901
342 14919
343 15040
344 15049
345 15106
346 15125
347 15153
348 15220
349 15268
350 15310
351 15359
352 15437
353 15466
354 15472
355 15499
356 15559
357 15561
358 15563
359 15597
360 15631
361 15701
362 15772
363 15819
364 15878
365 15894
366 15897
367 15916
368 15978
369 16058
370 16060
371 16083
372 16108
373 16129
374 16134
375 16169
376 16225
377 16304
378 16383
379 16394
380 16394
381 16400
382 16407
383 16437
384 16508
385 16556
386 16673
387 16748
388 16827
389 16876
390 16887
391 16935
392 16954
393 16967
394 17046
395 17070
396 17130
397 17209
398 17301
399 17303
400 17314
401 17402
402 17418
403 17474
404 17495
405 17561
406 17583
407 17616
408 17699
409 17758
410 17840
411 17891
412 17900
413 17923
414 17934
415 17966
416 17984
417 18030
418 18041
419 18128
420 18163
421 18204
422 18250
423 18315
424 18324
425 18370
426 18393
427 18480
428 18496
429 18513
430 18551
431 18638
432 18689
433 18758
434 18882
435 18893
436 18919
437 19020
438 19066
439 19083
440 19145
441 19153
442 19183
443 19195
444 19196
445 19253
446 19341
447 19349
448 19411
449 19451
450 19547
451 19570
452 19580
453 19613
454 19659
455 19690
456 19740
457 19770
458 19794
459 19841
460 19887
461 19931
462 19957
463 20004
464 20050
465 20131
466 20173
467 20179
468 20226
469 20253
470 20270
471 20302
472 20306
473 20374
474 20434
475 20473
476 20493
477 20494
478 20571
479 20579
480 20598
481 20696
482 20724
483 20769
484 20791
485 20890
486 20969
487 20999
488 21032
489 21058
490 21081
491 21102
492 21161
493 21249
494 21290
495 21377
496 21402
497 21472
498 21593
499 21657
500 21713
501 21820
502 21903
503 21919
504 21974
505 22003
506 22045
507 22063
508 22134
509 22251
510 22265
511 22280
512 22297
513 22329
514 22372
515 22375
516 22397
517 22494
518 22514
519 22563
520 22674
521 22713
522 22720
523 22766
524 22841
525 22848
526 22862
527 22878
528 22952
529 23010
530 23114
531 23128
532 23133
533 23174
534 23203
535 23247
536 23254
537 23281
538 23365
539 23443
540 23536
541 23592
542 23594
543 23668
544 23719
545 23724
546 23758
547 23805
548 23845
549 23855
550 23891
551 23909
552 24006
553 24071
554 24133
555 24151
556 24187
557 24233
558 24260
559 24298
560 24363
561 24387
562 24402
563 24485
564 24510
565 24521
566 24554
567 24647
568 24708
569 24724
570 24744
571 24825
572 24851
573 24860
574 24906
575 24922
576 24949
577 25016
578 25018
579 25093
580 25095
581 25184
582 25209
583 25239
584 25251
585 25285
586 25339
587 25401
588 25461
589 25480
590 25502
591 25617
592 25696
593 25772
594 25826
595 25828
596 25915
597 25939
598 25984
599 25996
600 26039
601 26092
602 26110
603 26184
604 26221
605 26240
606 26287
607 26308
608 26397
609 26402
610 26435
611 26461
612 26491
613 26562
614 26603
615 26648
616 26674
617 26677
618 26756
619 26772
620 26794
621 26862
622 26880
623 26904
624 26906
625 26941
626 26997
627 27042
628 27065
629 27101
630 27148
631 27179
632 27218
633 27226
634 27310
635 27314
636 27323
637 27345
638 27412
639 27475
640 27522
641 27562
642 27591
643 27623
644 27697
645 27708
646 27712
647 27769
648 27769
649 27788
650 27788
651 27812
652 27845
653 27897
654 27972
655 27975
656 28013
657 28105
658 28134
659 28209
660 28214
661 28280
662 28286
663 28293
664 28377
665 28379
666 28466
667 28559
668 28594
669 28627
670 28628
671 28694
672 28711
673 28729
674 28763
675 28779
676 28886
677 28924
678 28986
679 29022
680 29114
681 29200
682 29229
683 29263
684 29332
685 29336
686 29407
687 29411
688 29427
689 29456
690 29495
691 29502
692 29515
693 29605
694 29616
695 29675
696 29681
697 29721
698 29790
699 29806
700 29832
701 29871
702 29940
703 29947
704 29970
705 29978
706 30022
707 30023
708 30044
709 30060
710 30148
711 30194
712 30297
713 30354
714 30372
715 30416
716 30447
717 30462
718 30510
719 30551
720 30614
721 30668
722 30692
723 30750
724 30835
725 30847
726 30864
727 30894
728 30903
729 30921
730 30991
731 30999
732 31059
733 31101
734 31123
735 31184
736 31195
737 31243
738 31311
739 31333
740 31393
741 31463
742 31532
743 31606
744 31666
745 31702
746 31784
747 31790
748 31805
749 31812
750 31844
751 31912
752 31915
753 31964
754 31971
755 31984
756 32027
757 32082
758 32092
759 32143
760 32163
761 32175
762 32235
763 32257
764 32269
765 32364
766 32435
767 32488
768 32553
769 32626
770 32630
771 32658
772 32752
773 32795
774 32845
775 32882
776 32968
777 33016
778 33042
779 33055
780 33056
781 33095
782 33111
783 33120
784 33152
785 33230
786 33263
787 33310
788 33322
789 33324
790 33396
791 33454
792 33518
793 33526
794 33605
795 33660
796 33709
797 33719
798 33767
799 33828
800 33885
801 33971
802 34031
803 34049
804 34094
805 34178
806 34238
807 34259
808 34302
809 34355
810 34401
811 34481
812 34559
813 34604
814 34624
815 34677
816 34691
817 34764
818 34794
819 34873
820 34906
821 34914
822 34975
823 34992
824 35006
825 35071
826 35086
827 35106
828 35125
829 35157
830 35258
831 35336
832 35442
833 35524
834 35547
835 35634
836 35655
837 35686
838 35687
839 35753
840 35785
841 35841
842 35898
843 35915
844 35984
845 36013
846 36039
847 36110
848 36153
849 36161
850 36202
851 36266
852 36266
853 36281
854 36294
855 36309
856 36340
857 36421
858 36451
859 36486
860 36500
861 36524
862 36550
863 36595
864 36647
865 36655
866 36701
867 36724
868 36771
869 36820
870 36836
871 36836
872 36851
873 36864
874 36909
875 36931
876 36966
877 36989
878 37031
879 37103
880 37154
881 37230
882 37297
883 37320
884 37431
885 37454
886 37510
887 37558
888 37572
889 37658
890 37658
891 37774
892 37775
893 37869
894 37913
895 37998
896 38094
897 38174
898 38180
899 38231
900 38255
901 38315
902 38336
903 38381
904 38442
905 38471
906 38482
907 38559
908 38646
909 38715
910 38750
911 38782
912 38837
913 38861
914 38912
915 38959
916 38981
917 39008
918 39041
919 39056
920 39069
921 39132
922 39172
923 39183
924 39187
925 39301
926 39324
927 39335
928 39387
929 39436
930 39493
931 39543
932 39648
933 39664
934 39674
935 39696
936 39733
937 39850
938 39856
939 39913
940 39989
941 40026
942 40038
943 40063
944 40112
945 40166
946 40220
947 40262
948 40334
949 40419
950 40463
951 40488
952 40491
953 40524
954 40538
955 40540
956 40577
957 40642
958 40652
959 40681
960 40697
961 40718
962 40771
963 40800
964 40872
965 40893
966 41010
967 41024
968 41067
969 41160
970 41246
971 41299
972 41328
973 41375
974 41412
975 41462
976 41493
977 41524
978 41565
979 41641
980 41698
981 41701
982 41715
983 41808
984 41889
985 41890
986 41912
987 41955
988 41976
989 41988
990 42013
991 42095
992 42169
993 42171
994 42176
995 42219
996 42244
997 42289
998 42350
999 42433
1000 42451
1001 42494
1002 42601
1003 42661
1004 42726
1005 42742
1006 42770
1007 42832
1008 42938
1009 43001
1010 43060
1011 43073
1012 43120
1013 43136
1014 43186
1015 43240
1016 43280
1017 43336
1018 43349
1019 43357
1020 43414
1021 43424
1022 43477
1023 43522
1024 43594
1025 43609
1026 43640
1027 43678
1028 43743
1029 43820
1030 43921
1031 43946
1032 43947
1033 43949
1034 43967
1035 44064
1036 44076
1037 44119
1038 44194
1039 44203
1040 44279
1041 44345
1042 44389
1043 44435
1044 44452
1045 44468
1046 44501
1047 44549
1048 44634
1049 44690
1050 44720
1051 44734
1052 44738
1053 44747
1054 44780
1055 44824
1056 44826
1057 44899
1058 44986
1059 45047
1060 45098
1061 45153
1062 45244
1063 45301
1064 45385
1065 45426
1066 45438
1067 45540
1068 45544
1069 45657
1070 45711
1071 45772
1072 45825
1073 45867
1074 45913
1075 45937
1076 45939
1077 45943
1078 45949
1079 46003
1080 46067
1081 46093
1082 46121
1083 46123
1084 46132
1085 46170
1086 46171
1087 46186
1088 46236
1089 46274
1090 46294
1091 46309
1092 46351
1093 46401
1094 46421
1095 46474
1096 46490
1097 46506
1098 46522
1099 46580
1100 46642
1101 46692
1102 46698
1103 46726
1104 46815
1105 46873
1106 46895
1107 46918
1108 46950
1109 47032
1110 47094
1111 47114
1112 47160
1113 47255
1114 47310
1115 47386
1116 47398
1117 47422
1118 47478
1119 47495
1120 47542
1121 47546
1122 47587
1123 47676
1124 47693
1125 47695
1126 47772
1127 47791
1128 47800
1129 47832
1130 47904
1131 47915
1132 47991
1133 48046
1134 48108
1135 48158
1136 48265
1137 48360
1138 48393
1139 48429
1140 48433
1141 48511
1142 48536
1143 48591
1144 48612
1145 48626
1146 48690
1147 48760
1148 48838
1149 48863
1150 48939
1151 48949
1152 48963
1153 48978
1154 49033
1155 49067
1156 49081
1157 49083
1158 49118
1159 49145
1160 49151
1161 49211
1162 49226
1163 49297
1164 49365
1165 49402
1166 49460
1167 49549
1168 49583
1169 49600
1170 49633
1171 49741
1172 49818
1173 49847
1174 49898
1175 49973
1176 50027
1177 50051
1178 50141
1179 50185
1180 50207
1181 50265
1182 50280
1183 50367
1184 50375
1185 50399
1186 50482
1187 50550
1188 50573
1189 50608
1190 50683
1191 50716
1192 50812
1193 50901
1194 50955
1195 50976
1196 50987
1197 51011
1198 51049
1199 51155
1200 51175
1201 51188
1202 51226
1203 51282
1204 51386
1205 51421
1206 51444
1207 51511
1208 51582
1209 51611
1210 51635
1211 51641
1212 51680
1213 51698
1214 51769
1215 51783
1216 51846
1217 51867
1218 51917
1219 51966
1220 52028
1221 52061
1222 52128
1223 52234
1224 52275
1225 52292
1226 52314
1227 52409
1228 52457
1229 52463
1230 52466
1231 52472
1232 52483
1233 52526
1234 52584
1235 52653
1236 52709
1237 52759
1238 52779
1239 52813
1240 52854
1241 52876
1242 52926
1243 52966
1244 52977
1245 53056
1246 53107
1247 53136
1248 53187
1249 53286
1250 53329
1251 53375
1252 53421
1253 53431
1254 53434
1255 53478
1256 53546
1257 53574
1258 53601
1259 53700
1260 53707
1261 53796
1262 53801
1263 53831
1264 53876
1265 53882
1266 53928
1267 53979
1268 53987
1269 54006
1270 54023
1271 54057
1272 54122
1273 54165
1274 54188
1275 54221
1276 54248
1277 54303
1278 54304
1279 54385
1280 54401
1281 54413
1282 54414
1283 54451
1284 54475
1285 54554
1286 54574
1287 54659
1288 54664
1289 54729
1290 54801
1291 54847
1292 54945
1293 54983
1294 55014
1295 55107
1296 55109
1297 55126
1298 55205
1299 55255
1300 55266
1301 55275
1302 55340
1303 55363
1304 55399
1305 55503
1306 55536
1307 55554
1308 55566
1309 55575
1310 55689
1311 55711
1312 55774
1313 55812
1314 55899
1315 55935
1316 55952
1317 55987
1318 56058
1319 56099
1320 56110
1321 56140
1322 56191
1323 56205
1324 56224
1325 56237
1326 56286
1327 56323
1328 56333
1329 56343
1330 56390
1331 56445
1332 56496
1333 56523
1334 56536
1335 56554
1336 56639
1337 56651
1338 56765
1339 56833
1340 56886
1341 56924
1342 56926
1343 56928
1344 56979
1345 57045
1346 57064
1347 57069
1348 57106
1349 57125
1350 57177
1351 57258
1352 57294
1353 57405
1354 57485
1355 57496
1356 57576
1357 57616
1358 57710
1359 57725
1360 57782
1361 57887
1362 57895
1363 57957
1364 57962
1365 57968
1366 58015
1367 58040
1368 58123
1369 58188
1370 58202
1371 58259
1372 58283
1373 58315
1374 58379
1375 58407
1376 58475
1377 58541
1378 58575
1379 58590
1380 58640
1381 58718
1382 58812
1383 58829
1384 58874
1385 58918
1386 58937
1387 58959
1388 58966
1389 59024
1390 59073
1391 59101
1392 59106
1393 59141
1394 59154
1395 59228
1396 59314
1397 59329
1398 59390
1399 59453
1400 59500
1401 59552
1402 59602
1403 59610
1404 59681
1405 59745
1406 59782
1407 59858
1408 59872
1409 59970
1410 60001
1411 60045
1412 60062
1413 60155
1414 60189
1415 60246
1416 60267
1417 60321
1418 60360
1419 60377
1420 60405
1421 60446
1422 60464
1423 60469
1424 60492
1425 60497
1426 60555
1427 60571
1428 60634
1429 60716
1430 60775
1431 60809
1432 60908
1433 60918
1434 60966
1435 61012
1436 61043
1437 61123
1438 61130
1439 61163
1440 61202
1441 61221
1442 61260
1443 61281
1444 61323
1445 61323
1446 61384
1447 61438
1448 61484
1449 61484
1450 61510
1451 61520
1452 61613
1453 61621
1454 61634
1455 61665
1456 61718
1457 61758
1458 61758
1459 61768
1460 61775
1461 61879
1462 61920
1463 61960
1464 62023
1465 62112
1466 62141
1467 62213
1468 62312
1469 62340
1470 62359
1471 62364
1472 62374
1473 62400
1474 62442
1475 62464
1476 62498
1477 62536
1478 62540
1479 62601
1480 62629
1481 62700
1482 62788
1483 62800
1484 62872
1485 62940
1486 63011
1487 63015
1488 63052
1489 63147
1490 63170
1491 63224
1492 63230
1493 63249
1494 63277
1495 63334
1496 63356
1497 63476
1498 63507
1499 63562
1500 63590
1501 63635
1502 63683
1503 63745
1504 63807
1505 63855
1506 63883
1507 63900
1508 63969
1509 64001
1510 64013
1511 64032
1512 64079
1513 64086
1514 64122
1515 64170
1516 64244
1517 64264
1518 64348
1519 64410
1520 64452
1521 64478
1522 64490
1523 64531
1524 64571
1525 64621
1526 64701
1527 64767
1528 64811
1529 64853
1530 64942
1531 64975
1532 64987
1533 65043
1534 65063
1535 65090
1536 65099
1537 65170
1538 65218
1539 65236
1540 65288
1541 65340
1542 65362
1543 65409
1544 65422
1545 65435
1546 65463
1547 65481
1548 65516
1549 65539
1550 65560
1551 65617
1552 65642
1553 65672
1554 65760
1555 65792
1556 65877
1557 65891
1558 65928
1559 65986
1560 66077
1561 66083
1562 66176
1563 66196
1564 66254
1565 66294
1566 66329
1567 66349
1568 66351
1569 66403
1570 66431
1571 66490
1572 66490
1573 66514
1574 66629
1575 66711
1576 66750
1577 66771
1578 66784
1579 66801
1580 66870
1581 66889
1582 66907
1583 66922
1584 66936
1585 66956
1586 67072
1587 67152
1588 67204
1589 67275
1590 67285
1591 67341
1592 67387
1593 67436
1594 67450
1595 67455
1596 67480
1597 67548
1598 67616
1599 67621
1600 67668
;
param nested_upperbound := 
1 9
2 44
3 97
4 130
5 245
6 299
7 325
8 391
9 391
10 459
11 480
12 505
13 572
14 621
15 679
16 755
17 791
18 858
19 871
20 916
21 940
22 1014
23 1021
24 1101
25 1172
26 1231
27 1321
28 1345
29 1406
30 1427
31 1513
32 1578
33 1620
34 1638
35 1733
36 1745
37 1825
38 1894
39 1962
40 2006
41 2115
42 2194
43 2204
44 2253
45 2314
46 2378
47 2413
48 2476
49 2490
50 2526
51 2545
52 2568
53 2607
54 2613
55 2676
56 2689
57 2710
58 2804
59 2864
60 2911
61 2982
62 2983
63 3005
64 3042
65 3150
66 3180
67 3209
68 3219
69 3232
70 3263
71 3270
72 3300
73 3328
74 3379
75 3434
76 3534
77 3614
78 3631
79 3729
80 3816
81 3862
82 3906
83 3977
84 4038
85 4089
86 4111
87 4128
88 4171
89 4254
90 4272
91 4296
92 4331
93 4374
94 4472
95 4573
96 4578
97 4587
98 4665
99 4667
100 4674
101 4726
102 4774
103 4829
104 4874
105 4948
106 5005
107 5079
108 5103
109 5129
110 5188
111 5306
112 5402
113 5415
114 5483
115 5496
116 5515
117 5527
118 5591
119 5634
120 5695
121 5780
122 5848
123 5938
124 5976
125 6010
126 6028
127 6067
128 6119
129 6178
130 6205
131 6218
132 6267
133 6332
134 6375
135 6461
136 6556
137 6578
138 6607
139 6610
140 6636
141 6689
142 6690
143 6707
144 6786
145 6849
146 6941
147 7039
148 7054
149 7066
150 7096
151 7115
152 7156
153 7235
154 7286
155 7315
156 7329
157 7362
158 7368
159 7449
160 7501
161 7515
162 7521
163 7547
164 7635
165 7708
166 7778
167 7800
168 7874
169 7910
170 8024
171 8097
172 8176
173 8185
174 8229
175 8302
176 8305
177 8370
178 8391
179 8399
180 8400
181 8486
182 8545
183 8585
184 8589
185 8630
186 8730
187 8802
188 8828
189 8857
190 8913
191 8945
192 8965
193 9045
194 9085
195 9140
196 9167
197 9183
198 9223
199 9245
200 9279
201 9382
202 9404
203 9468
204 9484
205 9493
206 9573
207 9600
208 9646
209 9678
210 9736
211 9741
212 9764
213 9800
214 9864
215 9876
216 9947
217 9978
218 9979
219 10048
220 10070
221 10118
222 10136
223 10158
224 10202
225 10215
226 10298
227 10345
228 10383
229 10449
230 10564
231 10619
232 10706
233 10714
234 10803
235 10857
236 10922
237 10961
238 10997
239 11017
240 11094
241 11138
242 11145
243 11208
244 11234
245 11238
246 11249
247 11250
248 11261
249 11285
250 11331
251 11364
252 11404
253 11421
254 11485
255 11538
256 11577
257 11579
258 11608
259 11624
260 11668
261 11688
262 11734
263 11839
264 11851
265 11934
266 11963
267 12032
268 12108
269 12184
270 12205
271 12212
272 12274
273 12343
274 12426
275 12485
276 12520
277 12555
278 12609
279 12613
280 12625
281 12631
282 12632
283 12645
284 12690
285 12701
286 12781
287 12866
288 12935
289 13035
290 13077
291 13099
292 13105
293 13143
294 13231
295 13261
296 13327
297 13409
298 13429
299 13473
300 13492
301 13538
302 13554
303 13561
304 13645
305 13702
306 13710
307 13766
308 13871
309 13883
310 13889
311 13891
312 13944
313 13962
314 14048
315 14100
316 14149
317 14195
318 14246
319 14270
320 14275
321 14277
322 14284
323 14344
324 14418
325 14418
326 14474
327 14494
328 14586
329 14586
330 14599
331 14625
332 14665
333 14704
334 14706
335 14763
336 14802
337 14853
338 14886
339 14889
340 14951
341 15014
342 15057
343 15059
344 15078
345 15142
346 15223
347 15248
348 15251
349 15298
350 15365
351 15414
352 15457
353 15548
354 15562
355 15588
356 15610
357 15661
358 15762
359 15826
360 15867
361 15927
362 15985
363 16001
364 16061
365 16127
366 16174
367 16182
368 16204
369 16290
370 16311
371 16350
372 16406
373 16492
374 16521
375 16567
376 16672
377 16725
378 16780
379 16815
380 16835
381 16846
382 16878
383 16934
384 16972
385 16999
386 17068
387 17093
388 17153
389 17180
390 17206
391 17298
392 17336
393 17339
394 17396
395 17433
396 17473
397 17562
398 17645
399 17673
400 17692
401 17783
402 17814
403 17897
404 17947
405 18009
406 18029
407 18069
408 18177
409 18261
410 18344
411 18406
412 18441
413 18455
414 18502
415 18552
416 18584
417 18649
418 18699
419 18734
420 18779
421 18826
422 18847
423 18960
424 19017
425 19039
426 19051
427 19059
428 19066
429 19082
430 19124
431 19173
432 19242
433 19316
434 19352
435 19442
436 19477
437 19511
438 19547
439 19573
440 19643
441 19652
442 19663
443 19728
444 19732
445 19831
446 19916
447 19928
448 19972
449 20008
450 20075
451 20093
452 20156
453 20197
454 20252
455 20255
456 20344
457 20346
458 20395
459 20426
460 20516
461 20592
462 20612
463 20643
464 20673
465 20711
466 20755
467 20813
468 20871
469 20917
470 20954
471 20966
472 20994
473 21039
474 21077
475 21088
476 21123
477 21155
478 21275
479 21290
480 21357
481 21405
482 21424
483 21465
484 21583
485 21659
486 21703
487 21727
488 21741
489 21793
490 21838
491 21869
492 21914
493 22008
494 22028
495 22065
496 22126
497 22159
498 22236
499 22247
500 22271
501 22300
502 22396
503 22469
504 22499
505 22502
506 22586
507 22624
508 22675
509 22682
510 22701
511 22742
512 22841
513 22914
514 22958
515 23001
516 23013
517 23051
518 23059
519 23108
520 23139
521 23140
522 23227
523 23234
524 23312
525 23330
526 23371
527 23385
528 23439
529 23443
530 23514
531 23515
532 23569
533 23621
534 23635
535 23672
536 23734
537 23778
538 23832
539 23854
540 23877
541 23877
542 23880
543 23880
544 23902
545 23912
546 23943
547 23956
548 23995
549 24067
550 24135
551 24153
552 24206
553 24252
554 24291
555 24293
556 24331
557 24382
558 24420
559 24425
560 24455
561 24478
562 24511
563 24554
564 24574
565 24598
566 24629
567 24686
568 24742
569 24854
570 24884
571 24919
572 24943
573 24950
574 24965
575 24967
576 25003
577 25017
578 25082
579 25159
580 25252
581 25342
582 25350
583 25384
584 25434
585 25475
586 25507
587 25579
588 25583
589 25625
590 25709
591 25729
592 25820
593 25902
594 25946
595 26035
596 26116
597 26157
598 26171
599 26248
600 26297
601 26393
602 26456
603 26513
604 26604
605 26677
606 26701
607 26783
608 26791
609 26820
610 26895
611 26959
612 27046
613 27109
614 27145
615 27219
616 27259
617 27261
618 27318
619 27413
620 27424
621 27442
622 27445
623 27493
624 27502
625 27536
626 27559
627 27595
628 27608
629 27654
630 27683
631 27701
632 27720
633 27762
634 27823
635 27825
636 27826
637 27936
638 27956
639 27983
640 28019
641 28023
642 28066
643 28123
644 28194
645 28200
646 28215
647 28253
648 28307
649 28390
650 28399
651 28459
652 28463
653 28528
654 28546
655 28629
656 28685
657 28780
658 28803
659 28853
660 28864
661 28892
662 28918
663 28930
664 28984
665 28986
666 28999
667 29014
668 29036
669 29057
670 29075
671 29134
672 29211
673 29334
674 29357
675 29415
676 29487
677 29549
678 29589
679 29664
680 29684
681 29748
682 29779
683 29803
684 29844
685 29855
686 29891
687 29896
688 29910
689 29990
690 30088
691 30093
692 30143
693 30156
694 30174
695 30242
696 30258
697 30278
698 30284
699 30360
700 30371
701 30379
702 30424
703 30436
704 30466
705 30523
706 30579
707 30625
708 30636
709 30638
710 30666
711 30700
712 30771
713 30773
714 30784
715 30839
716 30902
717 30911
718 31017
719 31051
720 31144
721 31168
722 31179
723 31230
724 31261
725 31348
726 31425
727 31450
728 31469
729 31539
730 31557
731 31598
732 31712
733 31751
734 31828
735 31848
736 31911
737 31943
738 31945
739 31947
740 31990
741 32039
742 32090
743 32102
744 32107
745 32132
746 32253
747 32268
748 32331
749 32388
750 32411
751 32447
752 32467
753 32498
754 32509
755 32511
756 32545
757 32582
758 32606
759 32650
760 32677
761 32712
762 32761
763 32787
764 32881
765 32910
766 32968
767 32999
768 33104
769 33208
770 33264
771 33306
772 33377
773 33404
774 33419
775 33446
776 33535
777 33586
778 33588
779 33648
780 33671
781 33722
782 33742
783 33823
784 33825
785 33834
786 33897
787 33900
788 33904
789 33978
790 34045
791 34064
792 34102
793 34146
794 34220
795 34265
796 34304
797 34341
798 34375
799 34383
800 34417
801 34456
802 34502
803 34503
804 34527
805 34533
806 34652
807 34660
808 34711
809 34768
810 34841
811 34865
812 34875
813 34950
814 34977
815 35017
816 35083
817 35148
818 35184
819 35300
820 35322
821 35356
822 35449
823 35453
824 35465
825 35474
826 35480
827 35494
828 35524
829 35575
830 35617
831 35675
832 35718
833 35753
834 35766
835 35872
836 35873
837 35884
838 35897
839 35939
840 35977
841 36034
842 36079
843 36123
844 36133
845 36158
846 36181
847 36223
848 36238
849 36332
850 36372
851 36437
852 36493
853 36494
854 36499
855 36545
856 36558
857 36654
858 36670
859 36739
860 36833
861 36888
862 36985
863 37018
864 37081
865 37101
866 37135
867 37170
868 37173
869 37224
870 37255
871 37268
872 37314
873 37315
874 37344
875 37411
876 37425
877 37428
878 37478
879 37501
880 37531
881 37599
882 37608
883 37623
884 37718
885 37730
886 37809
887 37872
888 37892
889 37936
890 37996
891 38025
892 38033
893 38075
894 38131
895 38221
896 38257
897 38257
898 38288
899 38330
900 38353
901 38429
902 38469
903 38535
904 38573
905 38576
906 38597
907 38706
908 38761
909 38783
910 38805
911 38883
912 38888
913 38895
914 38948
915 39018
916 39020
917 39085
918 39114
919 39122
920 39128
921 39181
922 39232
923 39269
924 39274
925 39317
926 39324
927 39364
928 39447
929 39488
930 39535
931 39571
932 39660
933 39678
934 39772
935 39849
936 39872
937 39880
938 39909
939 39953
940 40011
941 40031
942 40092
943 40147
944 40160
945 40249
946 40312
947 40341
948 40396
949 40441
950 40489
951 40496
952 40553
953 40558
954 40628
955 40696
956 40698
957 40719
958 40822
959 40856
960 40921
961 40972
962 41023
963 41033
964 41049
965 41068
966 41136
967 41231
968 41253
969 41279
970 41368
971 41408
972 41452
973 41481
974 41487
975 41508
976 41531
977 41559
978 41644
979 41722
980 41784
981 41787
982 41799
983 41880
984 41898
985 41977
986 41990
987 42018
988 42044
989 42046
990 42078
991 42112
992 42171
993 42218
994 42223
995 42264
996 42348
997 42419
998 42465
999 42489
1000 42553
1001 42654
1002 42767
1003 42779
1004 42844
1005 42847
1006 42851
1007 42909
1008 42968
1009 43065
1010 43123
1011 43150
1012 43235
1013 43258
1014 43281
1015 43302
1016 43314
1017 43354
1018 43409
1019 43434
1020 43519
1021 43532
1022 43584
1023 43590
1024 43605
1025 43624
1026 43691
1027 43780
1028 43845
1029 43897
1030 43926
1031 43985
1032 44021
1033 44060
1034 44170
1035 44219
1036 44232
1037 44267
1038 44294
1039 44337
1040 44387
1041 44398
1042 44427
1043 44448
1044 44503
1045 44537
1046 44540
1047 44553
1048 44655
1049 44725
1050 44727
1051 44770
1052 44813
1053 44893
1054 44895
1055 44932
1056 45014
1057 45060
1058 45155
1059 45244
1060 45245
1061 45264
1062 45316
1063 45392
1064 45470
1065 45517
1066 45570
1067 45663
1068 45723
1069 45774
1070 45824
1071 45859
1072 45917
1073 45950
1074 45962
1075 46031
1076 46045
1077 46046
1078 46066
1079 46083
1080 46174
1081 46213
1082 46217
1083 46278
1084 46351
1085 46379
1086 46397
1087 46446
1088 46448
1089 46487
1090 46534
1091 46625
1092 46691
1093 46723
1094 46734
1095 46805
1096 46876
1097 46900
1098 46979
1099 47005
1100 47084
1101 47104
1102 47141
1103 47152
1104 47158
1105 47238
1106 47248
1107 47318
1108 47407
1109 47505
1110 47536
1111 47613
1112 47618
1113 47630
1114 47686
1115 47742
1116 47822
1117 47889
1118 47938
1119 47952
1120 48005
1121 48018
1122 48075
1123 48169
1124 48188
1125 48227
1126 48275
1127 48369
1128 48398
1129 48450
1130 48541
1131 48552
1132 48566
1133 48573
1134 48588
1135 48644
1136 48751
1137 48814
1138 48839
1139 48895
1140 48906
1141 48917
1142 48929
1143 48990
1144 49080
1145 49168
1146 49176
1147 49242
1148 49264
1149 49285
1150 49314
1151 49351
1152 49411
1153 49445
1154 49533
1155 49547
1156 49568
1157 49570
1158 49660
1159 49731
1160 49807
1161 49858
1162 49963
1163 50003
1164 50019
1165 50024
1166 50080
1167 50087
1168 50141
1169 50157
1170 50192
1171 50311
1172 50375
1173 50463
1174 50473
1175 50581
1176 50603
1177 50635
1178 50738
1179 50763
1180 50812
1181 50878
1182 50943
1183 51039
1184 51042
1185 51086
1186 51127
1187 51156
1188 51197
1189 51206
1190 51220
1191 51224
1192 51321
1193 51340
1194 51371
1195 51394
1196 51414
1197 51448
1198 51453
1199 51526
1200 51565
1201 51622
1202 51636
1203 51646
1204 51677
1205 51708
1206 51762
1207 51810
1208 51907
1209 51917
1210 51946
1211 51986
1212 52007
1213 52057
1214 52093
1215 52100
1216 52105
1217 52159
1218 52165
1219 52238
1220 52241
1221 52253
1222 52325
1223 52381
1224 52410
1225 52487
1226 52569
1227 52592
1228 52617
1229 52653
1230 52699
1231 52711
1232 52765
1233 52827
1234 52845
1235 52881
1236 52898
1237 52967
1238 52967
1239 53051
1240 53093
1241 53107
1242 53125
1243 53160
1244 53179
1245 53215
1246 53236
1247 53251
1248 53277
1249 53376
1250 53414
1251 53434
1252 53525
1253 53540
1254 53558
1255 53580
1256 53614
1257 53737
1258 53752
1259 53771
1260 53798
1261 53820
1262 53863
1263 53955
1264 54011
1265 54082
1266 54089
1267 54120
1268 54186
1269 54242
1270 54246
1271 54249
1272 54306
1273 54327
1274 54399
1275 54448
1276 54462
1277 54511
1278 54545
1279 54577
1280 54608
1281 54628
1282 54637
1283 54712
1284 54768
1285 54851
1286 54863
1287 54900
1288 54914
1289 54977
1290 55018
1291 55108
1292 55111
1293 55123
1294 55202
1295 55298
1296 55336
1297 55389
1298 55423
1299 55465
1300 55496
1301 55504
1302 55550
1303 55587
1304 55616
1305 55680
1306 55734
1307 55792
1308 55830
1309 55926
1310 55978
1311 56019
1312 56106
1313 56148
1314 56183
1315 56240
1316 56334
1317 56336
1318 56361
1319 56389
1320 56406
1321 56418
1322 56460
1323 56463
1324 56465
1325 56481
1326 56502
1327 56536
1328 56547
1329 56566
1330 56633
1331 56665
1332 56739
1333 56758
1334 56821
1335 56864
1336 56918
1337 56986
1338 56999
1339 57021
1340 57136
1341 57143
1342 57209
1343 57241
1344 57302
1345 57339
1346 57359
1347 57384
1348 57486
1349 57519
1350 57539
1351 57555
1352 57637
1353 57657
1354 57688
1355 57729
1356 57785
1357 57809
1358 57846
1359 57880
1360 57890
1361 57992
1362 58061
1363 58075
1364 58084
1365 58098
1366 58108
1367 58112
1368 58124
1369 58198
1370 58218
1371 58272
1372 58312
1373 58344
1374 58390
1375 58453
1376 58476
1377 58553
1378 58589
1379 58618
1380 58640
1381 58727
1382 58820
1383 58879
1384 58880
1385 58950
1386 59027
1387 59034
1388 59035
1389 59102
1390 59131
1391 59193
1392 59207
1393 59207
1394 59320
1395 59397
1396 59405
1397 59424
1398 59495
1399 59576
1400 59619
1401 59700
1402 59794
1403 59808
1404 59840
1405 59881
1406 59906
1407 60016
1408 60017
1409 60050
1410 60077
1411 60107
1412 60124
1413 60248
1414 60276
1415 60292
1416 60343
1417 60356
1418 60375
1419 60392
1420 60434
1421 60465
1422 60497
1423 60546
1424 60608
1425 60644
1426 60716
1427 60745
1428 60816
1429 60825
1430 60852
1431 60891
1432 60969
1433 60996
1434 61041
1435 61101
1436 61128
1437 61178
1438 61255
1439 61373
1440 61416
1441 61429
1442 61447
1443 61513
1444 61574
1445 61586
1446 61629
1447 61666
1448 61674
1449 61766
1450 61817
1451 61908
1452 61965
1453 61974
1454 61982
1455 62002
1456 62034
1457 62103
1458 62167
1459 62187
1460 62200
1461 62226
1462 62274
1463 62307
1464 62338
1465 62416
1466 62440
1467 62467
1468 62479
1469 62495
1470 62535
1471 62554
1472 62576
1473 62648
1474 62750
1475 62784
1476 62837
1477 62903
1478 62909
1479 62932
1480 62950
1481 63025
1482 63065
1483 63068
1484 63083
1485 63103
1486 63192
1487 63196
1488 63237
1489 63240
1490 63255
1491 63333
1492 63336
1493 63353
1494 63388
1495 63452
1496 63554
1497 63668
1498 63726
1499 63762
1500 63799
1501 63832
1502 63845
1503 63866
1504 63878
1505 63894
1506 63916
1507 63940
1508 64004
1509 64040
1510 64050
1511 64053
1512 64082
1513 64118
1514 64161
1515 64217
1516 64306
1517 64329
1518 64352
1519 64441
1520 64460
1521 64503
1522 64522
1523 64538
1524 64601
1525 64659
1526 64704
1527 64784
1528 64822
1529 64930
1530 64943
1531 65009
1532 65067
1533 65081
1534 65081
1535 65129
1536 65158
1537 65193
1538 65228
1539 65270
1540 65292
1541 65357
1542 65363
1543 65435
1544 65521
1545 65529
1546 65622
1547 65661
1548 65676
1549 65746
1550 65782
1551 65862
1552 65883
1553 65930
1554 66019
1555 66020
1556 66024
1557 66061
1558 66078
1559 66089
1560 66160
1561 66171
1562 66183
1563 66231
1564 66312
1565 66322
1566 66337
1567 66352
1568 66368
1569 66410
1570 66504
1571 66565
1572 66586
1573 66595
1574 66642
1575 66728
1576 66757
1577 66814
1578 66816
1579 66860
1580 66870
1581 66900
1582 66958
1583 67007
1584 67092
1585 67108
1586 67193
1587 67234
1588 67250
1589 67284
1590 67285
1591 67386
1592 67432
1593 67440
1594 67469
1595 67530
1596 67539
1597 67558
1598 67623
1599 67659
1600 67668
;
param cost_a := 
1 0.629764
2 0.216426
3 0.634753
4 0.200068
5 0.904926
6 0.321445
7 0.291444
8 0.163363
9 0.616585
10 0.556451
11 0.628969
12 0.854117
13 0.422612
14 0.073579
15 0.565298
16 0.731087
17 0.314802
18 0.494357
19 0.651140
20 0.429743
21 0.560629
22 0.644482
23 0.011851
24 0.946202
25 0.349733
26 0.865277
27 0.684299
28 0.034961
29 0.094202
30 0.695847
31 0.727935
32 0.603236
33 0.840500
34 0.158456
35 0.419964
36 0.370066
37 0.853439
38 0.661858
39 0.368951
40 0.387435
41 0.128884
42 0.663316
43 0.499333
44 0.193539
45 0.381899
46 0.699724
47 0.571246
48 0.384887
49 0.940860
50 0.211780
51 0.205720
52 0.254324
53 0.955578
54 0.742335
55 0.284719
56 0.846128
57 0.398773
58 0.591059
59 0.088683
60 0.327195
61 0.505276
62 0.852248
63 0.621098
64 0.964949
65 0.552133
66 0.951136
67 0.250335
68 0.237925
69 0.235311
70 0.326217
71 0.073384
72 0.684114
73 0.344999
74 0.781155
75 0.274277
76 0.014986
77 0.981556
78 0.249496
79 0.211913
80 0.789716
81 0.187905
82 0.278940
83 0.027658
84 0.554492
85 0.601762
86 0.449126
87 0.212512
88 0.805885
89 0.552323
90 0.187855
91 0.816795
92 0.435103
93 0.941135
94 0.045430
95 0.822214
96 0.451574
97 0.255599
98 0.425235
99 0.626851
100 0.769618
101 0.166143
102 0.050931
103 0.618006
104 0.671129
105 0.354366
106 0.076599
107 0.426017
108 0.229959
109 0.509510
110 0.715912
111 0.664070
112 0.500377
113 0.814375
114 0.579862
115 0.764686
116 0.632280
117 0.719381
118 0.569837
119 0.922999
120 0.279935
121 0.374721
122 0.173771
123 0.150072
124 0.718918
125 0.755612
126 0.357860
127 0.026445
128 0.977473
129 0.274445
130 0.934784
131 0.926753
132 0.023896
133 0.526159
134 0.321621
135 0.260668
136 0.630642
137 0.759459
138 0.976600
139 0.643599
140 0.958700
141 0.706544
142 0.523574
143 0.872466
144 0.172386
145 0.537785
146 0.636575
147 0.137567
148 0.505058
149 0.935352
150 0.164036
151 0.050941
152 0.150357
153 0.601056
154 0.723227
155 0.814810
156 0.151424
157 0.928733
158 0.090209
159 0.190582
160 0.102156
161 0.080263
162 0.149060
163 0.859590
164 0.959903
165 0.306884
166 0.946361
167 0.291119
168 0.598116
169 0.053714
170 0.522920
171 0.351457
172 0.900317
173 0.175474
174 0.664410
175 0.599637
176 0.213337
177 0.475163
178 0.526106
179 0.521151
180 0.838150
181 0.754979
182 0.244114
183 0.850397
184 0.940712
185 0.640095
186 0.146450
187 0.625716
188 0.813076
189 0.600898
190 0.022096
191 0.707851
192 0.806644
193 0.858122
194 0.094584
195 0.173278
196 0.494794
197 0.207825
198 0.878918
199 0.268303
200 0.701177
201 0.249461
202 0.976623
203 0.477964
204 0.952891
205 0.040330
206 0.083414
207 0.725703
208 0.684269
209 0.833473
210 0.047469
211 0.775431
212 0.127449
213 0.283639
214 0.723525
215 0.557027
216 0.279914
217 0.327215
218 0.618966
219 0.379469
220 0.637115
221 0.857062
222 0.922829
223 0.832721
224 0.519838
225 0.321992
226 0.447113
227 0.610149
228 0.811354
229 0.483148
230 0.291996
231 0.507671
232 0.748490
233 0.755856
234 0.672570
235 0.473988
236 0.083601
237 0.855534
238 0.314391
239 0.798180
240 0.451037
241 0.850050
242 0.138660
243 0.326595
244 0.132035
245 0.198460
246 0.615035
247 0.000398
248 0.616091
249 0.927332
250 0.161092
251 0.998268
252 0.404687
253 0.760912
254 0.312145
255 0.355704
256 0.394886
257 0.780177
258 0.073629
259 0.113012
260 0.915615
261 0.038361
262 0.900480
263 0.818484
264 0.068618
265 0.506807
266 0.123909
267 0.581449
268 0.448841
269 0.765082
270 0.365699
271 0.831779
272 0.585674
273 0.983026
274 0.543646
275 0.498083
276 0.556794
277 0.969999
278 0.478956
279 0.466286
280 0.180458
281 0.387829
282 0.867430
283 0.923388
284 0.989960
285 0.639046
286 0.470955
287 0.528163
288 0.835549
289 0.450747
290 0.824335
291 0.281201
292 0.444470
293 0.776992
294 0.534675
295 0.491112
296 0.598894
297 0.338906
298 0.376567
299 0.351870
300 0.764331
301 0.911722
302 0.855989
303 0.358215
304 0.017763
305 0.351763
306 0.729362
307 0.091641
308 0.985032
309 0.333924
310 0.121397
311 0.808987
312 0.201183
313 0.841488
314 0.386357
315 0.758740
316 0.855240
317 0.615156
318 0.702088
319 0.237115
320 0.272572
321 0.026961
322 0.574644
323 0.076637
324 0.723295
325 0.197267
326 0.963549
327 0.534346
328 0.224285
329 0.619357
330 0.613744
331 0.414934
332 0.925241
333 0.096135
334 0.399948
335 0.726008
336 0.435800
337 0.427279
338 0.052699
339 0.218374
340 0.061097
341 0.012692
342 0.542498
343 0.813614
344 0.367251
345 0.359419
346 0.649517
347 0.164418
348 0.796087
349 0.394208
350 0.841027
351 0.430036
352 0.190046
353 0.492704
354 0.517172
355 0.779875
356 0.073559
357 0.238795
358 0.967977
359 0.162701
360 0.366263
361 0.123907
362 0.010403
363 0.497037
364 0.876304
365 0.686113
366 0.244045
367 0.650291
368 0.438564
369 0.972680
370 0.177498
371 0.379804
372 0.922990
373 0.687230
374 0.134677
375 0.808405
376 0.542335
377 0.953989
378 0.851316
379 0.000260
380 0.936437
381 0.296616
382 0.016656
383 0.789665
384 0.401780
385 0.187912
386 0.703734
387 0.196166
388 0.370452
389 0.379242
390 0.663981
391 0.533717
392 0.821669
393 0.164777
394 0.837764
395 0.689844
396 0.731936
397 0.775741
398 0.152265
399 0.012612
400 0.936484
401 0.233590
402 0.741542
403 0.798922
404 0.884986
405 0.218613
406 0.130870
407 0.527031
408 0.728662
409 0.831752
410 0.678412
411 0.719397
412 0.973714
413 0.542428
414 0.662003
415 0.658812
416 0.577664
417 0.124004
418 0.837329
419 0.111505
420 0.850490
421 0.981012
422 0.075973
423 0.735267
424 0.851580
425 0.968587
426 0.817796
427 0.968845
428 0.146349
429 0.594574
430 0.541860
431 0.910742
432 0.803004
433 0.378579
434 0.273546
435 0.001243
436 0.370252
437 0.119746
438 0.302777
439 0.220894
440 0.280878
441 0.896379
442 0.789205
443 0.011813
444 0.673950
445 0.785502
446 0.774977
447 0.215157
448 0.020038
449 0.549308
450 0.314138
451 0.998691
452 0.169143
453 0.887929
454 0.959998
455 0.022861
456 0.520180
457 0.304290
458 0.727707
459 0.961906
460 0.933674
461 0.166819
462 0.869086
463 0.958474
464 0.775953
465 0.189594
466 0.360155
467 0.645864
468 0.093462
469 0.277043
470 0.909098
471 0.021437
472 0.369917
473 0.501589
474 0.543336
475 0.697898
476 0.616902
477 0.897689
478 0.429115
479 0.896061
480 0.690061
481 0.764497
482 0.515514
483 0.973380
484 0.708443
485 0.271917
486 0.876973
487 0.306951
488 0.283622
489 0.361103
490 0.254439
491 0.967828
492 0.938073
493 0.220512
494 0.264946
495 0.835435
496 0.608911
497 0.002389
498 0.062928
499 0.606512
500 0.493414
501 0.922104
502 0.893781
503 0.552447
504 0.696871
505 0.454075
506 0.981172
507 0.872001
508 0.191168
509 0.003008
510 0.534324
511 0.073365
512 0.484075
513 0.188014
514 0.349975
515 0.000138
516 0.134610
517 0.729674
518 0.515936
519 0.890235
520 0.828899
521 0.876429
522 0.099158
523 0.224897
524 0.153859
525 0.346703
526 0.420933
527 0.086883
528 0.472575
529 0.896953
530 0.585338
531 0.302605
532 0.415649
533 0.853399
534 0.334259
535 0.792359
536 0.456852
537 0.266437
538 0.053301
539 0.295985
540 0.839305
541 0.761829
542 0.847619
543 0.978198
544 0.759975
545 0.671501
546 0.045194
547 0.348497
548 0.205660
549 0.629358
550 0.267280
551 0.454961
552 0.162711
553 0.513796
554 0.331749
555 0.429442
556 0.095613
557 0.408627
558 0.724772
559 0.173519
560 0.606128
561 0.137941
562 0.189759
563 0.280304
564 0.045067
565 0.907943
566 0.139698
567 0.186561
568 0.552862
569 0.660110
570 0.100025
571 0.042783
572 0.552947
573 0.905053
574 0.233869
575 0.875783
576 0.113574
577 0.065233
578 0.189994
579 0.299010
580 0.829030
581 0.707266
582 0.046000
583 0.300234
584 0.950329
585 0.490781
586 0.995304
587 0.504390
588 0.418300
589 0.200894
590 0.646163
591 0.771288
592 0.218604
593 0.865104
594 0.364461
595 0.043569
596 0.088544
597 0.682981
598 0.999233
599 0.009700
600 0.059659
601 0.318296
602 0.580852
603 0.389954
604 0.617919
605 0.018289
606 0.176539
607 0.490236
608 0.404970
609 0.033545
610 0.026339
611 0.099305
612 0.369192
613 0.914508
614 0.364934
615 0.829319
616 0.104465
617 0.456940
618 0.960619
619 0.617819
620 0.787387
621 0.358659
622 0.372520
623 0.321181
624 0.640259
625 0.033716
626 0.240599
627 0.135209
628 0.207552
629 0.507663
630 0.580216
631 0.977986
632 0.937626
633 0.888890
634 0.053988
635 0.963234
636 0.609359
637 0.576037
638 0.538430
639 0.679378
640 0.034917
641 0.120259
642 0.991327
643 0.170142
644 0.205268
645 0.513694
646 0.658008
647 0.286944
648 0.624141
649 0.621740
650 0.030682
651 0.451511
652 0.998960
653 0.516810
654 0.694716
655 0.829046
656 0.723935
657 0.605009
658 0.259210
659 0.467945
660 0.700770
661 0.664726
662 0.976454
663 0.111493
664 0.996638
665 0.237413
666 0.405826
667 0.130092
668 0.636832
669 0.225865
670 0.572423
671 0.359533
672 0.471186
673 0.064121
674 0.509179
675 0.561462
676 0.538653
677 0.425609
678 0.853471
679 0.746610
680 0.683549
681 0.132488
682 0.295167
683 0.719513
684 0.349842
685 0.719141
686 0.142827
687 0.915387
688 0.496426
689 0.986596
690 0.088202
691 0.905458
692 0.436709
693 0.862175
694 0.406453
695 0.846472
696 0.109926
697 0.949938
698 0.330445
699 0.643287
700 0.839447
701 0.322589
702 0.182222
703 0.680337
704 0.024939
705 0.364222
706 0.033237
707 0.658450
708 0.450625
709 0.825895
710 0.197145
711 0.347890
712 0.970927
713 0.702260
714 0.734928
715 0.936683
716 0.257708
717 0.077535
718 0.371868
719 0.115173
720 0.059851
721 0.722907
722 0.789344
723 0.093444
724 0.036322
725 0.954957
726 0.161660
727 0.397647
728 0.677949
729 0.086025
730 0.059096
731 0.534419
732 0.130974
733 0.712455
734 0.433092
735 0.449542
736 0.877090
737 0.095435
738 0.337949
739 0.137580
740 0.209967
741 0.991729
742 0.325662
743 0.783737
744 0.277421
745 0.487829
746 0.076487
747 0.437254
748 0.131205
749 0.681146
750 0.797543
751 0.427639
752 0.743013
753 0.435614
754 0.235265
755 0.540674
756 0.305626
757 0.916649
758 0.804703
759 0.370524
760 0.342255
761 0.181647
762 0.339695
763 0.257489
764 0.194966
765 0.767316
766 0.312607
767 0.807818
768 0.354677
769 0.973841
770 0.060868
771 0.172679
772 0.830585
773 0.398504
774 0.589711
775 0.037788
776 0.335952
777 0.217600
778 0.896529
779 0.643379
780 0.490067
781 0.755571
782 0.481979
783 0.116095
784 0.502775
785 0.014063
786 0.776438
787 0.950043
788 0.918318
789 0.061130
790 0.617639
791 0.623697
792 0.949357
793 0.502120
794 0.666320
795 0.082446
796 0.729869
797 0.668813
798 0.741388
799 0.153564
800 0.457226
801 0.672158
802 0.494640
803 0.890976
804 0.879120
805 0.066507
806 0.627274
807 0.371668
808 0.910085
809 0.569532
810 0.976395
811 0.583695
812 0.335233
813 0.072039
814 0.269476
815 0.757724
816 0.575419
817 0.055704
818 0.158178
819 0.799627
820 0.348390
821 0.514266
822 0.300190
823 0.381148
824 0.764590
825 0.545032
826 0.758698
827 0.738749
828 0.944143
829 0.942554
830 0.833845
831 0.317703
832 0.633119
833 0.385173
834 0.628996
835 0.079158
836 0.532571
837 0.157602
838 0.186873
839 0.562294
840 0.132897
841 0.799075
842 0.906572
843 0.661872
844 0.768965
845 0.606584
846 0.172243
847 0.543394
848 0.378020
849 0.556518
850 0.687635
851 0.173737
852 0.052750
853 0.935588
854 0.917987
855 0.594557
856 0.935987
857 0.793175
858 0.291698
859 0.308917
860 0.301380
861 0.242296
862 0.408923
863 0.988495
864 0.805963
865 0.645171
866 0.442749
867 0.139424
868 0.885908
869 0.821905
870 0.200810
871 0.389182
872 0.095841
873 0.617097
874 0.941186
875 0.675166
876 0.864962
877 0.449228
878 0.006144
879 0.827459
880 0.659807
881 0.851450
882 0.650778
883 0.843975
884 0.903835
885 0.489969
886 0.100815
887 0.555603
888 0.208140
889 0.717474
890 0.874827
891 0.372086
892 0.515419
893 0.384121
894 0.750841
895 0.386340
896 0.650955
897 0.387365
898 0.445778
899 0.295542
900 0.509692
901 0.294468
902 0.108412
903 0.371752
904 0.687617
905 0.317811
906 0.102495
907 0.082982
908 0.788483
909 0.963159
910 0.276439
911 0.927563
912 0.903536
913 0.804837
914 0.979399
915 0.600288
916 0.872233
917 0.069308
918 0.490850
919 0.758270
920 0.886071
921 0.029914
922 0.281715
923 0.397564
924 0.795465
925 0.630616
926 0.619834
927 0.188579
928 0.121249
929 0.265322
930 0.471030
931 0.048902
932 0.257689
933 0.241957
934 0.429268
935 0.756628
936 0.683035
937 0.156709
938 0.535378
939 0.525419
940 0.166459
941 0.193911
942 0.313525
943 0.174447
944 0.976854
945 0.250838
946 0.168094
947 0.832023
948 0.959296
949 0.764208
950 0.440906
951 0.011151
952 0.049097
953 0.186476
954 0.929616
955 0.388384
956 0.341205
957 0.225059
958 0.512898
959 0.704303
960 0.224326
961 0.216400
962 0.716502
963 0.884570
964 0.324491
965 0.359331
966 0.586476
967 0.754948
968 0.081885
969 0.978488
970 0.111834
971 0.591831
972 0.707610
973 0.528545
974 0.658679
975 0.211753
976 0.033664
977 0.683863
978 0.441262
979 0.358980
980 0.379758
981 0.585653
982 0.962677
983 0.799753
984 0.014699
985 0.140057
986 0.608894
987 0.774858
988 0.087924
989 0.175589
990 0.174529
991 0.299155
992 0.048357
993 0.277170
994 0.037243
995 0.227345
996 0.553131
997 0.216523
998 0.979883
999 0.029666
1000 0.697806
1001 0.094983
1002 0.285465
1003 0.839380
1004 0.072569
1005 0.604827
1006 0.699804
1007 0.545826
1008 0.665500
1009 0.199004
1010 0.170097
1011 0.512468
1012 0.994354
1013 0.436694
1014 0.924974
1015 0.898804
1016 0.052388
1017 0.343410
1018 0.462516
1019 0.558135
1020 0.701627
1021 0.289393
1022 0.357467
1023 0.070135
1024 0.038575
1025 0.648851
1026 0.487338
1027 0.647811
1028 0.992699
1029 0.355116
1030 0.309328
1031 0.432857
1032 0.997147
1033 0.413093
1034 0.195976
1035 0.061590
1036 0.993988
1037 0.470409
1038 0.557162
1039 0.345523
1040 0.302884
1041 0.682464
1042 0.539575
1043 0.466360
1044 0.992436
1045 0.334122
1046 0.501972
1047 0.234553
1048 0.347570
1049 0.002066
1050 0.215545
1051 0.703754
1052 0.824149
1053 0.456882
1054 0.833438
1055 0.770407
1056 0.523638
1057 0.012737
1058 0.111905
1059 0.318393
1060 0.705963
1061 0.635031
1062 0.147883
1063 0.993023
1064 0.187841
1065 0.812716
1066 0.023664
1067 0.806901
1068 0.646668
1069 0.992008
1070 0.219128
1071 0.492014
1072 0.866701
1073 0.251986
1074 0.465454
1075 0.818149
1076 0.824591
1077 0.880151
1078 0.871452
1079 0.997080
1080 0.215419
1081 0.577268
1082 0.654635
1083 0.785196
1084 0.568279
1085 0.185875
1086 0.653894
1087 0.984101
1088 0.491997
1089 0.095629
1090 0.989086
1091 0.719412
1092 0.826983
1093 0.831196
1094 0.765097
1095 0.152396
1096 0.558268
1097 0.774672
1098 0.593909
1099 0.147227
1100 0.267664
1101 0.514585
1102 0.927920
1103 0.878591
1104 0.669563
1105 0.947284
1106 0.761258
1107 0.419997
1108 0.385255
1109 0.984098
1110 0.163041
1111 0.002594
1112 0.564740
1113 0.538899
1114 0.357518
1115 0.877444
1116 0.262874
1117 0.385771
1118 0.660761
1119 0.551118
1120 0.618267
1121 0.485261
1122 0.522039
1123 0.595140
1124 0.868727
1125 0.480235
1126 0.200237
1127 0.254241
1128 0.066122
1129 0.258639
1130 0.231669
1131 0.696507
1132 0.026412
1133 0.770526
1134 0.815352
1135 0.960467
1136 0.567177
1137 0.670472
1138 0.555276
1139 0.459798
1140 0.445335
1141 0.834061
1142 0.656456
1143 0.305746
1144 0.611834
1145 0.368412
1146 0.672498
1147 0.700534
1148 0.447974
1149 0.401737
1150 0.247174
1151 0.241936
1152 0.539589
1153 0.695734
1154 0.980929
1155 0.159854
1156 0.280694
1157 0.977141
1158 0.585528
1159 0.280167
1160 0.177281
1161 0.831077
1162 0.865970
1163 0.879262
1164 0.144839
1165 0.038822
1166 0.788569
1167 0.554585
1168 0.359711
1169 0.376493
1170 0.957550
1171 0.792226
1172 0.334823
1173 0.118599
1174 0.229744
1175 0.061927
1176 0.844371
1177 0.811758
1178 0.947947
1179 0.013109
1180 0.119924
1181 0.298882
1182 0.368223
1183 0.682414
1184 0.382000
1185 0.482941
1186 0.294924
1187 0.553889
1188 0.256524
1189 0.921961
1190 0.719402
1191 0.837426
1192 0.954674
1193 0.043164
1194 0.384400
1195 0.449148
1196 0.267486
1197 0.554247
1198 0.665793
1199 0.889422
1200 0.443162
1201 0.513550
1202 0.976868
1203 0.519793
1204 0.875414
1205 0.498415
1206 0.057527
1207 0.639574
1208 0.235254
1209 0.382321
1210 0.011790
1211 0.255978
1212 0.226489
1213 0.396439
1214 0.801696
1215 0.528596
1216 0.536799
1217 0.410002
1218 0.094181
1219 0.549697
1220 0.791620
1221 0.716471
1222 0.889732
1223 0.396218
1224 0.397145
1225 0.058718
1226 0.237598
1227 0.257513
1228 0.081620
1229 0.166537
1230 0.562061
1231 0.904791
1232 0.710723
1233 0.713536
1234 0.687757
1235 0.823902
1236 0.563124
1237 0.328030
1238 0.559243
1239 0.982479
1240 0.706486
1241 0.113841
1242 0.901006
1243 0.445666
1244 0.411969
1245 0.051946
1246 0.658820
1247 0.891519
1248 0.686916
1249 0.662690
1250 0.001846
1251 0.507896
1252 0.990765
1253 0.410858
1254 0.947079
1255 0.776999
1256 0.028321
1257 0.532134
1258 0.293749
1259 0.271948
1260 0.187356
1261 0.249575
1262 0.524973
1263 0.801649
1264 0.704152
1265 0.732461
1266 0.647476
1267 0.045902
1268 0.000905
1269 0.627467
1270 0.597388
1271 0.222088
1272 0.843038
1273 0.563348
1274 0.841111
1275 0.317970
1276 0.012321
1277 0.695422
1278 0.145000
1279 0.012011
1280 0.083276
1281 0.114861
1282 0.176037
1283 0.583330
1284 0.625737
1285 0.800400
1286 0.627934
1287 0.887783
1288 0.735483
1289 0.736310
1290 0.943078
1291 0.844847
1292 0.217769
1293 0.860563
1294 0.420430
1295 0.841902
1296 0.015136
1297 0.640886
1298 0.563007
1299 0.018144
1300 0.581265
1301 0.303929
1302 0.925756
1303 0.539808
1304 0.856716
1305 0.064089
1306 0.475656
1307 0.721516
1308 0.300270
1309 0.113549
1310 0.570569
1311 0.185503
1312 0.071171
1313 0.643885
1314 0.101846
1315 0.181122
1316 0.942926
1317 0.772147
1318 0.127959
1319 0.711447
1320 0.858430
1321 0.940576
1322 0.452337
1323 0.231956
1324 0.209016
1325 0.149208
1326 0.068378
1327 0.398204
1328 0.936661
1329 0.264346
1330 0.208044
1331 0.645036
1332 0.418882
1333 0.623479
1334 0.887685
1335 0.279313
1336 0.800026
1337 0.228461
1338 0.345720
1339 0.261312
1340 0.980433
1341 0.983853
1342 0.611520
1343 0.936829
1344 0.866623
1345 0.696075
1346 0.633323
1347 0.662727
1348 0.720955
1349 0.901595
1350 0.925227
1351 0.543036
1352 0.528344
1353 0.038627
1354 0.569300
1355 0.360931
1356 0.220451
1357 0.016898
1358 0.628548
1359 0.253771
1360 0.364376
1361 0.873789
1362 0.589993
1363 0.734094
1364 0.533226
1365 0.932721
1366 0.364300
1367 0.308847
1368 0.030046
1369 0.700938
1370 0.619397
1371 0.192301
1372 0.934430
1373 0.658880
1374 0.820259
1375 0.445033
1376 0.582751
1377 0.102116
1378 0.285473
1379 0.301987
1380 0.578291
1381 0.299372
1382 0.853471
1383 0.477070
1384 0.256663
1385 0.426449
1386 0.377256
1387 0.849893
1388 0.204742
1389 0.025885
1390 0.236201
1391 0.152176
1392 0.947963
1393 0.125997
1394 0.366957
1395 0.077001
1396 0.281170
1397 0.630476
1398 0.972748
1399 0.633528
1400 0.922290
1401 0.161002
1402 0.071292
1403 0.562919
1404 0.216006
1405 0.200380
1406 0.386338
1407 0.218171
1408 0.506141
1409 0.142496
1410 0.776247
1411 0.491188
1412 0.530870
1413 0.707915
1414 0.425318
1415 0.144843
1416 0.773944
1417 0.130250
1418 0.399500
1419 0.275982
1420 0.127988
1421 0.558459
1422 0.887868
1423 0.597161
1424 0.492506
1425 0.254020
1426 0.514731
1427 0.780660
1428 0.039611
1429 0.389466
1430 0.514448
1431 0.257655
1432 0.834574
1433 0.576070
1434 0.312014
1435 0.608647
1436 0.296145
1437 0.663483
1438 0.147203
1439 0.018121
1440 0.623213
1441 0.862936
1442 0.818532
1443 0.197112
1444 0.799706
1445 0.848150
1446 0.405538
1447 0.701735
1448 0.118730
1449 0.184392
1450 0.953826
1451 0.693908
1452 0.339837
1453 0.226136
1454 0.577095
1455 0.902436
1456 0.609851
1457 0.507605
1458 0.243795
1459 0.848246
1460 0.138089
1461 0.627990
1462 0.673331
1463 0.297013
1464 0.320886
1465 0.704429
1466 0.267664
1467 0.395567
1468 0.558188
1469 0.630881
1470 0.848932
1471 0.035379
1472 0.396586
1473 0.639816
1474 0.162147
1475 0.667095
1476 0.868514
1477 0.016171
1478 0.634281
1479 0.064509
1480 0.976420
1481 0.259317
1482 0.757018
1483 0.404514
1484 0.193604
1485 0.528828
1486 0.680180
1487 0.491491
1488 0.619980
1489 0.843627
1490 0.166304
1491 0.010266
1492 0.041398
1493 0.231608
1494 0.964077
1495 0.341173
1496 0.595252
1497 0.848160
1498 0.909331
1499 0.713918
1500 0.042951
1501 0.997005
1502 0.656983
1503 0.313874
1504 0.791447
1505 0.995611
1506 0.885833
1507 0.385078
1508 0.791326
1509 0.929921
1510 0.100322
1511 0.398623
1512 0.268134
1513 0.539479
1514 0.779342
1515 0.973322
1516 0.916386
1517 0.764033
1518 0.591922
1519 0.447392
1520 0.702377
1521 0.866515
1522 0.713081
1523 0.805611
1524 0.782210
1525 0.524816
1526 0.930367
1527 0.065802
1528 0.245602
1529 0.856071
1530 0.232583
1531 0.221646
1532 0.443843
1533 0.002210
1534 0.916929
1535 0.425766
1536 0.551915
1537 0.664315
1538 0.939245
1539 0.277662
1540 0.750107
1541 0.825871
1542 0.264304
1543 0.855529
1544 0.989580
1545 0.851273
1546 0.349040
1547 0.499093
1548 0.729181
1549 0.186004
1550 0.611357
1551 0.312591
1552 0.297392
1553 0.018685
1554 0.800612
1555 0.912608
1556 0.643688
1557 0.492728
1558 0.593115
1559 0.094965
1560 0.197641
1561 0.376627
1562 0.486960
1563 0.837965
1564 0.351981
1565 0.516948
1566 0.165206
1567 0.396249
1568 0.727414
1569 0.906872
1570 0.934945
1571 0.170167
1572 0.862371
1573 0.805698
1574 0.631977
1575 0.559980
1576 0.299924
1577 0.040964
1578 0.506822
1579 0.132380
1580 0.217004
1581 0.414939
1582 0.077505
1583 0.138731
1584 0.757611
1585 0.020970
1586 0.748033
1587 0.730080
1588 0.092103
1589 0.252757
1590 0.148718
1591 0.113430
1592 0.928711
1593 0.360878
1594 0.655463
1595 0.386905
1596 0.751306
1597 0.575952
1598 0.389851
1599 0.878364
1600 0.449035
;
param cost_b := 
1 -0.597597
2 -0.607343
3 -0.537664
4 -0.453104
5 0.884981
6 -0.728422
7 0.330407
8 -0.871616
9 0.472071
10 0.392951
11 -0.044526
12 0.668512
13 0.368954
14 -0.186591
15 0.698936
16 -0.645704
17 -0.823712
18 0.280322
19 0.928695
20 0.989696
21 -0.669382
22 -0.689708
23 -0.729706
24 0.517090
25 0.771365
26 -0.356344
27 -0.770353
28 -0.695697
29 0.836610
30 -0.159734
31 0.949856
32 -0.620302
33 0.768763
34 -0.507904
35 -0.102836
36 -0.584039
37 -0.520031
38 -0.788798
39 -0.313086
40 -0.942003
41 0.000911
42 0.692090
43 -0.206747
44 -0.613140
45 0.062995
46 0.232297
47 -0.846086
48 0.809619
49 0.867941
50 -0.219155
51 -0.439769
52 -0.419789
53 0.097287
54 -0.929965
55 0.024039
56 0.901527
57 -0.443142
58 0.841200
59 -0.551400
60 -0.567146
61 0.648891
62 -0.472914
63 0.449401
64 0.759244
65 0.041895
66 0.689560
67 0.681841
68 -0.628747
69 -0.016777
70 -0.184602
71 0.658187
72 0.032107
73 0.288232
74 0.353843
75 0.994232
76 0.463975
77 -0.936405
78 -0.333691
79 -0.127978
80 -0.934903
81 0.315722
82 -0.645606
83 0.139483
84 -0.290463
85 -0.789679
86 0.646782
87 0.811864
88 0.648916
89 -0.989422
90 -0.839633
91 0.002888
92 -0.408905
93 0.873075
94 -0.038973
95 -0.772551
96 -0.646868
97 0.285606
98 -0.435773
99 0.431776
100 0.685743
101 -0.985645
102 -0.730227
103 0.740844
104 -0.172216
105 -0.215983
106 -0.734326
107 -0.893381
108 0.149189
109 -0.848631
110 0.165511
111 -0.672722
112 0.353273
113 0.933127
114 -0.767929
115 0.262180
116 -0.304068
117 -0.118400
118 -0.406677
119 0.629236
120 0.682628
121 0.903850
122 -0.382917
123 0.185898
124 0.020929
125 -0.004416
126 -0.914043
127 -0.553431
128 -0.842329
129 0.287211
130 0.513132
131 0.729412
132 -0.104915
133 -0.753981
134 -0.885671
135 0.768529
136 -0.105300
137 0.903908
138 -0.939142
139 0.245762
140 0.899846
141 -0.515452
142 -0.572271
143 -0.271579
144 0.793456
145 0.433746
146 0.075842
147 -0.673492
148 0.532985
149 0.341646
150 -0.235735
151 0.146795
152 -0.522993
153 0.727927
154 0.581399
155 0.709546
156 -0.655966
157 0.345179
158 0.669250
159 0.672810
160 0.217313
161 -0.372849
162 0.830531
163 0.556930
164 0.787337
165 -0.267425
166 -0.446967
167 0.948049
168 -0.118062
169 0.892166
170 -0.545057
171 -0.196352
172 0.612204
173 0.972837
174 -0.321186
175 -0.108451
176 -0.274739
177 -0.223796
178 -0.124712
179 0.381083
180 -0.844429
181 0.630340
182 -0.435040
183 0.461761
184 -0.243353
185 0.358623
186 -0.471185
187 -0.804232
188 -0.506862
189 -0.593509
190 0.268633
191 0.112599
192 -0.974596
193 0.277597
194 -0.348355
195 0.137662
196 -0.735067
197 0.241271
198 0.486606
199 0.902533
200 0.121997
201 0.573948
202 -0.571682
203 0.891780
204 0.460024
205 0.290820
206 -0.105104
207 0.739376
208 0.250525
209 0.397243
210 0.569733
211 0.295394
212 -0.575254
213 0.344491
214 -0.646103
215 -0.639922
216 -0.676119
217 -0.606003
218 -0.110812
219 -0.644875
220 -0.443865
221 -0.682294
222 -0.197080
223 0.060336
224 -0.916599
225 -0.265590
226 0.237652
227 -0.821841
228 -0.850955
229 0.561839
230 0.543975
231 -0.338429
232 0.984444
233 -0.878092
234 0.703151
235 0.928571
236 -0.756868
237 -0.537362
238 0.795435
239 -0.322022
240 0.001890
241 -0.980918
242 -0.450105
243 -0.240380
244 0.456757
245 -0.559569
246 -0.166293
247 0.507633
248 0.868822
249 0.000834
250 -0.927932
251 -0.924162
252 0.001932
253 -0.868033
254 -0.838257
255 0.263688
256 -0.963939
257 -0.500135
258 -0.289319
259 0.222333
260 0.988447
261 0.937839
262 -0.065782
263 -0.962493
264 0.109642
265 -0.201702
266 -0.759803
267 0.051384
268 -0.068410
269 -0.992218
270 0.945082
271 0.095172
272 0.281133
273 0.429637
274 -0.723216
275 -0.214258
276 0.789483
277 0.842869
278 0.514263
279 0.693799
280 -0.790172
281 -0.852210
282 -0.315990
283 -0.675787
284 -0.618030
285 -0.069707
286 0.102535
287 0.634932
288 0.923987
289 -0.663831
290 -0.573277
291 -0.600389
292 0.251388
293 -0.801742
294 -0.096486
295 0.648782
296 -0.269785
297 -0.592765
298 0.419861
299 -0.101256
300 0.574738
301 0.610809
302 0.541369
303 -0.108225
304 0.205335
305 0.371311
306 0.048816
307 0.900244
308 -0.868031
309 -0.279877
310 0.245385
311 -0.921877
312 -0.286109
313 0.555166
314 0.480905
315 -0.347691
316 -0.118442
317 0.457643
318 0.304922
319 0.105457
320 -0.509423
321 0.828686
322 0.347654
323 0.501378
324 0.543831
325 0.461143
326 -0.218727
327 0.855647
328 -0.686073
329 0.182768
330 -0.191109
331 -0.213845
332 0.682659
333 0.738086
334 -0.008970
335 0.200680
336 0.399913
337 0.602071
338 -0.823205
339 -0.427299
340 0.655856
341 -0.750640
342 0.017176
343 0.551861
344 -0.285861
345 -0.148295
346 0.537748
347 0.125311
348 0.456075
349 0.292380
350 0.292992
351 0.730250
352 0.606789
353 -0.576231
354 0.217963
355 -0.640537
356 0.369836
357 0.500130
358 0.743757
359 -0.292725
360 -0.359773
361 -0.869314
362 0.632576
363 -0.267674
364 -0.888004
365 -0.072395
366 0.462841
367 -0.231636
368 0.392172
369 0.331381
370 -0.463404
371 -0.380870
372 0.710076
373 -0.456130
374 0.904729
375 -0.372277
376 0.257995
377 0.121365
378 -0.857425
379 0.504813
380 -0.697759
381 -0.013541
382 0.824816
383 -0.042391
384 0.795042
385 0.367642
386 0.546282
387 -0.038708
388 0.883280
389 0.430652
390 0.151868
391 -0.837929
392 -0.653270
393 -0.248742
394 0.826212
395 -0.582366
396 0.887929
397 0.879348
398 0.211148
399 -0.559277
400 0.254863
401 -0.677156
402 -0.941342
403 -0.063631
404 -0.356277
405 -0.694613
406 0.966144
407 -0.642175
408 0.916476
409 0.472939
410 0.663351
411 0.116343
412 0.261557
413 -0.578694
414 0.196888
415 -0.657544
416 0.114114
417 -0.163853
418 -0.110434
419 0.408083
420 0.187658
421 -0.593887
422 -0.782822
423 0.704443
424 -0.121119
425 -0.798742
426 0.098570
427 -0.866897
428 0.943227
429 0.455689
430 -0.508199
431 0.770369
432 -0.499734
433 -0.410878
434 0.568033
435 0.006226
436 -0.113316
437 0.888019
438 -0.057954
439 0.383120
440 -0.176717
441 0.017987
442 0.878136
443 -0.797261
444 -0.404065
445 -0.052224
446 -0.122059
447 -0.128449
448 0.083462
449 0.295674
450 0.013167
451 0.787944
452 0.885890
453 0.311603
454 0.776284
455 -0.857714
456 0.591105
457 0.310970
458 0.992485
459 0.417827
460 -0.490628
461 0.843161
462 -0.557369
463 0.659751
464 0.221090
465 0.952717
466 0.027752
467 0.728012
468 -0.368124
469 0.858302
470 0.900558
471 -0.921188
472 0.361637
473 -0.945510
474 0.220260
475 0.915392
476 0.957721
477 -0.444198
478 -0.857465
479 0.049416
480 0.970623
481 0.583912
482 0.841331
483 -0.430409
484 -0.880122
485 -0.287535
486 0.262244
487 0.682441
488 -0.495297
489 0.573672
490 -0.488753
491 -0.567551
492 0.005102
493 0.792372
494 -0.764036
495 -0.459826
496 -0.489341
497 -0.616644
498 -0.662220
499 -0.747801
500 0.300517
501 0.353815
502 -0.393649
503 -0.678952
504 0.657716
505 -0.626149
506 -0.550754
507 0.942259
508 -0.318106
509 -0.799234
510 0.582454
511 0.410815
512 0.309772
513 -0.709483
514 0.075062
515 0.936168
516 0.421537
517 0.258745
518 -0.801455
519 0.899572
520 -0.451097
521 0.304294
522 0.477811
523 -0.382536
524 -0.112168
525 -0.976665
526 0.238505
527 0.320054
528 0.994564
529 -0.105550
530 -0.004783
531 -0.844599
532 0.057993
533 -0.825670
534 -0.181646
535 -0.217480
536 -0.821045
537 -0.669812
538 -0.469883
539 0.276334
540 0.681252
541 0.535365
542 -0.026523
543 -0.203570
544 -0.670273
545 -0.833533
546 -0.746960
547 0.640232
548 0.410154
549 0.896989
550 0.075857
551 0.733291
552 -0.092302
553 -0.332105
554 -0.481418
555 -0.611565
556 0.950196
557 0.455982
558 0.548940
559 0.036445
560 -0.940050
561 -0.256364
562 0.564589
563 0.568356
564 0.180544
565 -0.454113
566 0.469119
567 0.528323
568 0.133388
569 -0.233280
570 -0.163820
571 0.316273
572 0.530945
573 -0.032909
574 0.347237
575 0.273649
576 -0.675237
577 0.467551
578 -0.351266
579 -0.247670
580 -0.944635
581 0.960090
582 0.829011
583 -0.328016
584 -0.150154
585 -0.030807
586 0.624333
587 -0.883979
588 -0.782712
589 -0.390732
590 0.724296
591 0.031050
592 -0.185867
593 -0.035166
594 -0.860768
595 0.000697
596 -0.275454
597 0.424882
598 0.086224
599 -0.575511
600 -0.608231
601 0.577835
602 -0.501329
603 -0.784162
604 -0.376028
605 -0.473336
606 0.258169
607 -0.426559
608 0.270074
609 -0.593491
610 -0.003045
611 -0.719353
612 -0.122089
613 -0.693299
614 -0.056524
615 0.415386
616 0.784396
617 -0.001162
618 -0.855996
619 -0.157919
620 -0.860706
621 0.005662
622 0.507244
623 -0.581453
624 -0.642406
625 -0.782313
626 -0.706614
627 0.765674
628 0.942108
629 -0.455585
630 -0.804129
631 0.087542
632 0.446838
633 0.876869
634 -0.380445
635 -0.298759
636 0.737709
637 0.928132
638 0.406823
639 0.781835
640 0.241047
641 -0.033887
642 0.847365
643 -0.407698
644 0.087878
645 -0.480667
646 0.446484
647 -0.231255
648 -0.164329
649 -0.003599
650 -0.422206
651 0.418570
652 -0.534929
653 0.803718
654 -0.857104
655 0.300265
656 -0.913943
657 0.707545
658 0.743764
659 0.290504
660 -0.946796
661 -0.572056
662 -0.900447
663 -0.599374
664 -0.744307
665 -0.273505
666 -0.325151
667 0.198733
668 0.386863
669 0.697673
670 0.002568
671 0.377536
672 -0.983832
673 0.071968
674 -0.718475
675 0.442408
676 -0.335420
677 0.746407
678 0.069884
679 -0.682685
680 -0.299861
681 0.140840
682 0.586803
683 -0.626399
684 0.618206
685 0.029917
686 -0.702774
687 -0.864615
688 -0.192188
689 -0.635111
690 -0.226376
691 0.316311
692 0.647516
693 -0.134731
694 0.974662
695 -0.744422
696 0.445623
697 -0.188215
698 0.332063
699 -0.615913
700 -0.831339
701 0.900083
702 0.694563
703 -0.024734
704 -0.522065
705 -0.321781
706 0.048989
707 -0.366213
708 0.255996
709 -0.106267
710 -0.321056
711 0.764939
712 0.122567
713 -0.290509
714 0.603343
715 0.915402
716 0.997736
717 -0.385212
718 -0.945659
719 -0.995640
720 -0.399846
721 -0.998882
722 -0.055311
723 -0.658869
724 -0.668780
725 -0.115010
726 0.013560
727 -0.796543
728 0.551715
729 0.876435
730 -0.967102
731 0.798521
732 -0.053263
733 -0.310109
734 -0.699690
735 0.412005
736 0.775904
737 0.848302
738 0.029058
739 -0.020616
740 -0.938551
741 -0.768892
742 0.108100
743 -0.228470
744 -0.816744
745 0.787758
746 0.936787
747 0.041343
748 0.497398
749 0.990358
750 -0.712602
751 0.687982
752 -0.584165
753 0.087469
754 -0.062310
755 0.219344
756 0.826420
757 0.621626
758 -0.706660
759 0.462033
760 0.575507
761 -0.236181
762 -0.712182
763 -0.684422
764 0.496343
765 -0.447985
766 -0.180486
767 0.459928
768 0.080579
769 -0.537555
770 0.015559
771 -0.681633
772 -0.219501
773 -0.187196
774 -0.293311
775 -0.495915
776 0.400459
777 -0.357875
778 0.735169
779 0.079997
780 0.990055
781 -0.599784
782 0.858812
783 0.689277
784 -0.560495
785 -0.539341
786 -0.544175
787 0.245037
788 -0.302389
789 0.677014
790 -0.011644
791 -0.921620
792 0.247978
793 -0.865671
794 -0.561883
795 0.724363
796 0.303173
797 0.918297
798 0.873065
799 0.925569
800 -0.954947
801 0.716733
802 0.191267
803 -0.445533
804 -0.982541
805 0.959725
806 -0.383612
807 0.829088
808 0.556611
809 -0.298909
810 0.551285
811 -0.375392
812 0.759860
813 -0.065454
814 0.720794
815 -0.229645
816 0.805841
817 -0.087940
818 0.046952
819 -0.840123
820 -0.069570
821 -0.243673
822 0.969782
823 0.122453
824 -0.474211
825 0.370939
826 -0.870133
827 -0.955215
828 -0.802541
829 0.998857
830 0.965056
831 0.256979
832 0.120050
833 0.024308
834 0.474038
835 0.864586
836 -0.708441
837 -0.982025
838 -0.470982
839 0.745970
840 -0.713984
841 0.914283
842 0.314367
843 -0.738053
844 -0.114560
845 0.050739
846 -0.119281
847 -0.001188
848 -0.602418
849 0.556803
850 -0.400103
851 -0.726398
852 -0.566576
853 0.500540
854 0.771368
855 -0.320094
856 0.539450
857 -0.923450
858 0.446891
859 -0.323215
860 0.246729
861 -0.479561
862 -0.223528
863 -0.697683
864 0.767666
865 0.530157
866 0.675989
867 -0.832798
868 -0.274861
869 0.848012
870 0.422886
871 0.687706
872 0.378298
873 0.195410
874 -0.551767
875 0.893242
876 0.247799
877 -0.994281
878 0.612161
879 -0.387479
880 -0.431207
881 -0.104671
882 -0.000695
883 0.254017
884 0.622561
885 0.369352
886 0.071147
887 0.870513
888 -0.565158
889 -0.067722
890 -0.904819
891 -0.257211
892 0.798821
893 0.751265
894 0.372920
895 -0.641172
896 0.078865
897 -0.105670
898 -0.912679
899 -0.721659
900 0.006146
901 -0.501337
902 -0.322705
903 0.935589
904 0.713269
905 -0.754316
906 0.860633
907 -0.179199
908 -0.351427
909 0.323864
910 -0.997406
911 -0.943053
912 -0.615506
913 -0.720615
914 0.347570
915 0.662240
916 -0.632016
917 -0.291013
918 0.553743
919 0.272080
920 -0.215065
921 0.778940
922 -0.255971
923 0.491898
924 0.770007
925 0.144644
926 -0.722971
927 -0.235398
928 0.992566
929 -0.043875
930 0.262283
931 -0.765884
932 -0.973138
933 0.136753
934 -0.160164
935 0.778061
936 0.371658
937 0.006252
938 0.629590
939 0.495389
940 -0.977799
941 -0.920275
942 -0.066007
943 -0.122901
944 0.214491
945 -0.969149
946 -0.825535
947 -0.590171
948 -0.979584
949 0.251967
950 -0.749090
951 -0.457554
952 0.651229
953 -0.770575
954 -0.758465
955 0.141068
956 0.106885
957 0.519068
958 0.046653
959 -0.237266
960 0.224085
961 0.929550
962 0.674778
963 0.699151
964 0.542979
965 0.351481
966 -0.771765
967 -0.927698
968 0.576331
969 -0.602310
970 -0.010421
971 0.500739
972 0.652085
973 0.831179
974 0.604897
975 -0.261961
976 0.166762
977 -0.985345
978 -0.739531
979 -0.837500
980 -0.714855
981 0.060558
982 0.097864
983 -0.336078
984 -0.740087
985 -0.051998
986 0.013168
987 -0.020847
988 -0.128770
989 0.101461
990 0.708095
991 0.117121
992 0.533700
993 0.759343
994 0.131119
995 -0.639849
996 -0.178912
997 -0.546582
998 -0.031213
999 0.188208
1000 -0.451310
1001 0.112047
1002 0.139745
1003 0.061884
1004 0.734571
1005 0.234979
1006 0.649885
1007 -0.804611
1008 -0.683907
1009 -0.719954
1010 -0.598822
1011 -0.375249
1012 -0.477178
1013 0.873402
1014 -0.266909
1015 0.585171
1016 0.508511
1017 -0.736103
1018 0.310370
1019 -0.222938
1020 0.514998
1021 -0.575173
1022 0.040516
1023 0.413246
1024 -0.245195
1025 -0.311888
1026 0.052422
1027 -0.226816
1028 0.490089
1029 0.578320
1030 -0.289849
1031 -0.371418
1032 -0.602831
1033 -0.956095
1034 0.610697
1035 0.951407
1036 -0.532966
1037 0.654687
1038 0.988582
1039 -0.784163
1040 0.894050
1041 0.434523
1042 0.651168
1043 -0.606510
1044 -0.670460
1045 -0.971751
1046 -0.714667
1047 0.692718
1048 0.849863
1049 -0.096917
1050 -0.226472
1051 0.937865
1052 -0.542226
1053 -0.418846
1054 0.974156
1055 0.336353
1056 0.014422
1057 -0.767922
1058 0.959138
1059 0.005085
1060 -0.531376
1061 0.659528
1062 -0.067076
1063 0.464270
1064 0.950394
1065 0.588782
1066 0.194608
1067 -0.796082
1068 0.664704
1069 -0.421792
1070 -0.913337
1071 -0.552350
1072 -0.735408
1073 -0.446509
1074 0.667010
1075 0.877189
1076 -0.887976
1077 0.787865
1078 0.506613
1079 -0.248966
1080 -0.480046
1081 0.877223
1082 0.470656
1083 -0.528211
1084 0.571742
1085 -0.495281
1086 0.914201
1087 0.624073
1088 0.847853
1089 0.580402
1090 0.380239
1091 -0.061622
1092 0.353156
1093 0.510980
1094 0.990794
1095 0.045813
1096 0.807823
1097 -0.930751
1098 0.812686
1099 -0.275116
1100 0.669252
1101 0.390125
1102 0.224159
1103 0.758825
1104 -0.099846
1105 0.124400
1106 0.973644
1107 0.236749
1108 -0.587169
1109 0.181372
1110 -0.380677
1111 -0.488512
1112 -0.143566
1113 -0.846174
1114 -0.981572
1115 0.851868
1116 0.786769
1117 0.890304
1118 0.868718
1119 -0.645450
1120 -0.371134
1121 0.594626
1122 -0.012394
1123 0.911070
1124 0.801135
1125 -0.762754
1126 0.987824
1127 0.954191
1128 -0.214317
1129 -0.051570
1130 -0.757691
1131 0.568391
1132 0.870413
1133 -0.899725
1134 0.481653
1135 -0.580646
1136 0.226432
1137 0.132829
1138 -0.739407
1139 -0.448950
1140 -0.014458
1141 -0.965642
1142 -0.062678
1143 -0.082297
1144 -0.069581
1145 -0.606912
1146 -0.274016
1147 -0.835270
1148 0.179764
1149 0.001637
1150 -0.826581
1151 -0.755433
1152 -0.347643
1153 -0.418343
1154 0.129150
1155 -0.631494
1156 0.566146
1157 -0.605602
1158 0.724340
1159 0.203641
1160 -0.515505
1161 0.102357
1162 0.165623
1163 0.054706
1164 -0.488631
1165 -0.990710
1166 -0.509946
1167 -0.201775
1168 0.344989
1169 0.927694
1170 0.507850
1171 0.252593
1172 0.380041
1173 -0.684150
1174 0.831754
1175 -0.179601
1176 0.677955
1177 0.654184
1178 0.035606
1179 -0.296641
1180 -0.789733
1181 0.877761
1182 0.385403
1183 0.899366
1184 -0.447040
1185 -0.041875
1186 -0.240110
1187 0.250116
1188 -0.483953
1189 -0.692314
1190 0.296300
1191 0.151482
1192 0.194503
1193 -0.498393
1194 -0.737392
1195 0.260021
1196 0.003293
1197 -0.867143
1198 0.149618
1199 0.542564
1200 -0.569654
1201 -0.501271
1202 0.981925
1203 0.872262
1204 -0.282701
1205 0.636846
1206 0.335790
1207 -0.700030
1208 0.535318
1209 0.681960
1210 -0.973467
1211 0.019235
1212 0.189526
1213 -0.806785
1214 0.629464
1215 -0.467484
1216 -0.263824
1217 -0.708237
1218 0.000115
1219 -0.379066
1220 -0.085058
1221 0.289091
1222 -0.169875
1223 0.915105
1224 0.952967
1225 0.351741
1226 -0.710505
1227 -0.055696
1228 0.765040
1229 -0.610895
1230 -0.260631
1231 0.239252
1232 -0.042429
1233 -0.377338
1234 -0.058157
1235 -0.779065
1236 0.384608
1237 0.156518
1238 -0.656850
1239 -0.875511
1240 0.561116
1241 -0.141048
1242 0.910907
1243 0.074582
1244 0.223145
1245 0.155313
1246 0.257639
1247 -0.399404
1248 -0.585889
1249 0.033246
1250 -0.368423
1251 0.101117
1252 0.394502
1253 0.676903
1254 -0.371876
1255 -0.038973
1256 -0.042146
1257 -0.153861
1258 -0.080743
1259 0.106736
1260 -0.858064
1261 0.145520
1262 -0.975259
1263 -0.873455
1264 -0.326736
1265 0.856285
1266 -0.110830
1267 0.701378
1268 -0.336127
1269 -0.135165
1270 -0.626602
1271 -0.042284
1272 -0.483667
1273 0.046714
1274 0.134099
1275 -0.395722
1276 0.993052
1277 0.457311
1278 0.961335
1279 -0.538614
1280 0.913077
1281 0.375644
1282 -0.017888
1283 -0.105433
1284 -0.981674
1285 0.802866
1286 0.930189
1287 0.411602
1288 -0.843942
1289 -0.708229
1290 -0.073838
1291 0.570032
1292 -0.212420
1293 -0.450115
1294 -0.201020
1295 0.451659
1296 -0.050976
1297 0.510235
1298 -0.526163
1299 0.885586
1300 0.950620
1301 0.800360
1302 -0.391753
1303 0.682896
1304 0.546216
1305 -0.036301
1306 0.988758
1307 -0.600456
1308 0.097469
1309 0.752975
1310 -0.052412
1311 0.236969
1312 -0.225733
1313 -0.457216
1314 0.994139
1315 0.073305
1316 0.260112
1317 0.181602
1318 -0.564200
1319 -0.432563
1320 0.701957
1321 0.312953
1322 -0.867160
1323 -0.042603
1324 -0.966325
1325 -0.023190
1326 0.373601
1327 0.134711
1328 0.802078
1329 0.928162
1330 -0.486492
1331 -0.606824
1332 0.629254
1333 -0.741616
1334 0.229477
1335 -0.718189
1336 0.462991
1337 0.676838
1338 -0.726824
1339 0.064582
1340 0.117685
1341 -0.177598
1342 0.341117
1343 -0.209183
1344 0.003260
1345 0.232902
1346 0.624763
1347 0.313899
1348 0.037310
1349 -0.046611
1350 0.625225
1351 -0.429470
1352 0.002556
1353 -0.193394
1354 -0.561389
1355 0.759839
1356 0.078466
1357 -0.596536
1358 0.459791
1359 0.217312
1360 0.269055
1361 -0.711004
1362 0.004447
1363 0.929723
1364 -0.035802
1365 -0.186760
1366 -0.612841
1367 -0.049294
1368 0.625254
1369 -0.022666
1370 0.603139
1371 0.245143
1372 0.355360
1373 0.800436
1374 0.264014
1375 -0.637316
1376 0.492672
1377 -0.010920
1378 -0.678480
1379 -0.649994
1380 -0.314522
1381 0.751634
1382 -0.286943
1383 -0.324971
1384 -0.505915
1385 -0.184776
1386 0.402198
1387 -0.043742
1388 0.190302
1389 -0.099092
1390 -0.210410
1391 -0.357510
1392 0.636564
1393 -0.716786
1394 -0.207135
1395 0.719147
1396 0.021448
1397 -0.528291
1398 -0.526242
1399 -0.349626
1400 -0.557360
1401 0.423051
1402 -0.222128
1403 -0.253662
1404 0.819831
1405 0.713575
1406 0.261912
1407 -0.525275
1408 -0.227152
1409 0.822879
1410 0.774327
1411 -0.553728
1412 0.336566
1413 0.422023
1414 -0.985823
1415 -0.553744
1416 -0.927079
1417 0.664810
1418 -0.251934
1419 -0.001170
1420 -0.738372
1421 0.870810
1422 -0.663240
1423 0.056189
1424 -0.228452
1425 -0.555731
1426 0.870317
1427 0.900939
1428 0.799597
1429 0.099756
1430 -0.030830
1431 0.106873
1432 -0.622808
1433 0.579802
1434 0.134477
1435 0.679390
1436 0.465413
1437 -0.370801
1438 -0.407795
1439 0.303299
1440 -0.794604
1441 -0.043898
1442 0.040833
1443 -0.532334
1444 0.891631
1445 -0.856108
1446 0.111555
1447 0.229484
1448 -0.767017
1449 -0.736307
1450 -0.311294
1451 -0.472077
1452 -0.316597
1453 0.126524
1454 -0.895950
1455 -0.386566
1456 -0.401317
1457 0.335383
1458 -0.202588
1459 -0.972664
1460 0.370670
1461 -0.202109
1462 -0.079939
1463 0.914987
1464 0.980299
1465 0.854887
1466 0.683817
1467 0.662546
1468 0.678710
1469 0.176464
1470 -0.284753
1471 0.682453
1472 -0.856210
1473 -0.262723
1474 -0.025206
1475 0.763891
1476 0.861076
1477 -0.676564
1478 -0.947477
1479 -0.561901
1480 0.393674
1481 -0.659798
1482 0.091009
1483 0.227757
1484 0.288587
1485 0.669819
1486 0.029032
1487 -0.973680
1488 0.688063
1489 0.655720
1490 0.879558
1491 -0.764347
1492 0.196920
1493 0.380086
1494 -0.584522
1495 -0.016181
1496 -0.789788
1497 -0.828053
1498 -0.103399
1499 0.217559
1500 0.015914
1501 -0.324349
1502 -0.113911
1503 -0.759123
1504 -0.414979
1505 0.401843
1506 0.852503
1507 0.983059
1508 -0.019244
1509 -0.731776
1510 0.861009
1511 -0.523707
1512 -0.373028
1513 -0.536148
1514 -0.633522
1515 -0.419086
1516 0.649943
1517 -0.856893
1518 -0.478727
1519 -0.223883
1520 0.191448
1521 0.854273
1522 -0.328032
1523 0.449218
1524 0.127227
1525 0.948566
1526 -0.728573
1527 -0.092918
1528 -0.668539
1529 -0.104440
1530 -0.862774
1531 -0.806311
1532 0.190110
1533 0.886536
1534 0.132358
1535 0.369503
1536 0.334312
1537 -0.087611
1538 -0.634820
1539 -0.616822
1540 0.083257
1541 0.747210
1542 -0.744080
1543 0.767613
1544 0.050145
1545 0.239178
1546 -0.984663
1547 -0.274760
1548 0.140562
1549 0.810430
1550 -0.459955
1551 0.804338
1552 -0.227647
1553 0.501242
1554 -0.260186
1555 -0.804455
1556 -0.571909
1557 0.768941
1558 0.534562
1559 0.309901
1560 -0.397182
1561 0.372200
1562 0.264476
1563 -0.161377
1564 0.308586
1565 -0.152276
1566 0.221078
1567 -0.694092
1568 0.106544
1569 0.270355
1570 0.130461
1571 0.170236
1572 -0.012828
1573 -0.226776
1574 -0.703558
1575 0.793315
1576 0.380232
1577 -0.598276
1578 -0.915339
1579 -0.049547
1580 0.606946
1581 -0.883462
1582 -0.739244
1583 0.372502
1584 0.219801
1585 -0.144616
1586 -0.457753
1587 0.721922
1588 0.927522
1589 0.275484
1590 -0.678861
1591 0.606071
1592 -0.875766
1593 0.710114
1594 -0.290700
1595 0.359273
1596 -0.360131
1597 0.216854
1598 -0.782876
1599 -0.112184
1600 -0.871512
;
