# Optimal value by DCA: 0.000421
data;

param N = 200;
param capacity := 
1 75
2 117
3 108
4 83
5 59
6 119
7 129
8 70
9 115
10 108
11 83
12 90
13 111
14 80
15 44
16 120
17 108
18 66
19 46
20 119
21 96
22 115
23 68
24 79
25 48
26 49
27 124
28 109
29 78
30 77
31 100
32 30
33 84
34 48
35 38
36 98
37 85
38 98
39 86
40 66
41 96
42 120
43 78
44 90
45 70
46 58
47 41
48 64
49 34
50 66
51 81
52 36
53 85
54 111
55 79
56 52
57 41
58 110
59 105
60 64
61 82
62 102
63 124
64 105
65 84
66 118
67 79
68 101
69 84
70 92
71 35
72 91
73 73
74 63
75 80
76 91
77 34
78 58
79 98
80 97
81 40
82 91
83 129
84 98
85 83
86 117
87 42
88 72
89 99
90 120
91 73
92 80
93 53
94 33
95 119
96 53
97 114
98 76
99 96
100 76
101 100
102 50
103 109
104 111
105 99
106 75
107 86
108 56
109 110
110 87
111 88
112 77
113 55
114 65
115 128
116 66
117 107
118 58
119 119
120 91
121 86
122 69
123 92
124 61
125 32
126 61
127 113
128 122
129 122
130 75
131 48
132 95
133 124
134 126
135 104
136 125
137 102
138 60
139 72
140 100
141 58
142 43
143 100
144 84
145 88
146 93
147 111
148 71
149 88
150 77
151 46
152 83
153 85
154 30
155 93
156 99
157 51
158 128
159 74
160 94
161 94
162 32
163 127
164 94
165 73
166 87
167 104
168 77
169 84
170 60
171 91
172 125
173 51
174 64
175 70
176 74
177 107
178 36
179 106
180 87
181 36
182 32
183 90
184 129
185 85
186 121
187 79
188 59
189 46
190 95
191 92
192 59
193 92
194 80
195 127
196 55
197 93
198 100
199 109
200 121
;
param nested_lowerbound := 
1 33
2 48
3 74
4 77
5 86
6 159
7 207
8 236
9 332
10 413
11 468
12 509
13 567
14 615
15 627
16 671
17 721
18 762
19 767
20 771
21 773
22 815
23 849
24 915
25 933
26 979
27 995
28 1025
29 1061
30 1071
31 1129
32 1158
33 1187
34 1230
35 1251
36 1270
37 1318
38 1380
39 1398
40 1426
41 1455
42 1469
43 1477
44 1502
45 1518
46 1537
47 1560
48 1613
49 1623
50 1625
51 1637
52 1638
53 1640
54 1661
55 1678
56 1719
57 1755
58 1797
59 1848
60 1888
61 1960
62 1961
63 2036
64 2044
65 2107
66 2205
67 2208
68 2259
69 2329
70 2355
71 2361
72 2415
73 2484
74 2510
75 2523
76 2612
77 2636
78 2664
79 2670
80 2744
81 2781
82 2842
83 2859
84 2913
85 2972
86 2990
87 3006
88 3066
89 3089
90 3184
91 3192
92 3215
93 3229
94 3233
95 3260
96 3293
97 3396
98 3412
99 3447
100 3451
101 3491
102 3528
103 3627
104 3650
105 3714
106 3741
107 3821
108 3859
109 3908
110 3923
111 3955
112 4019
113 4063
114 4117
115 4178
116 4242
117 4306
118 4344
119 4414
120 4504
121 4569
122 4619
123 4663
124 4700
125 4714
126 4717
127 4811
128 4764
129 4818
130 4883
131 4915
132 4943
133 4951
134 5045
135 5061
136 5081
137 5180
138 5213
139 5283
140 5357
141 5375
142 5401
143 5411
144 5458
145 5540
146 5574
147 5653
148 5689
149 5691
150 5730
151 5761
152 5830
153 5854
154 5882
155 5951
156 6000
157 6042
158 6165
159 6189
160 6249
161 6303
162 6317
163 6327
164 6397
165 6469
166 6516
167 6602
168 6656
169 6662
170 6701
171 6744
172 6865
173 6873
174 6897
175 6964
176 6988
177 7003
178 7034
179 7066
180 7086
181 7104
182 7131
183 7180
184 7239
185 7252
186 7336
187 7409
188 7443
189 7462
190 7489
191 7536
192 7584
193 7626
194 7680
195 7741
196 7781
197 7855
198 7859
199 7898
200 7997
;
param nested_upperbound := 
1 72
2 81
3 187
4 263
5 313
6 388
7 435
8 457
9 477
10 491
11 530
12 551
13 615
14 660
15 668
16 725
17 748
18 772
19 781
20 789
21 807
22 903
23 908
24 983
25 1022
26 1057
27 1136
28 1235
29 1271
30 1325
31 1327
32 1347
33 1402
34 1447
35 1457
36 1507
37 1536
38 1600
39 1605
40 1611
41 1640
42 1676
43 1704
44 1736
45 1738
46 1779
47 1817
48 1875
49 1905
50 1926
51 2002
52 2023
53 2050
54 2066
55 2074
56 2110
57 2117
58 2189
59 2210
60 2238
61 2275
62 2286
63 2376
64 2476
65 2509
66 2611
67 2622
68 2717
69 2730
70 2786
71 2787
72 2837
73 2900
74 2948
75 3018
76 3053
77 3077
78 3095
79 3158
80 3192
81 3207
82 3285
83 3296
84 3307
85 3310
86 3403
87 3422
88 3434
89 3472
90 3538
91 3560
92 3630
93 3678
94 3701
95 3731
96 3776
97 3788
98 3810
99 3827
100 3875
101 3902
102 3915
103 4019
104 4100
105 4130
106 4165
107 4227
108 4227
109 4277
110 4316
111 4376
112 4401
113 4404
114 4434
115 4484
116 4486
117 4558
118 4562
119 4600
120 4624
121 4636
122 4648
123 4681
124 4732
125 4743
126 4799
127 4811
128 4901
129 4964
130 4989
131 5028
132 5113
133 5132
134 5187
135 5261
136 5380
137 5436
138 5440
139 5501
140 5559
141 5600
142 5643
143 5648
144 5653
145 5715
146 5785
147 5856
148 5898
149 5948
150 6021
151 6051
152 6103
153 6149
154 6152
155 6223
156 6290
157 6312
158 6432
159 6479
160 6507
161 6577
162 6596
163 6653
164 6656
165 6704
166 6718
167 6813
168 6875
169 6951
170 6980
171 6983
172 7091
173 7115
174 7124
175 7138
176 7157
177 7188
178 7196
179 7267
180 7317
181 7335
182 7339
183 7367
184 7413
185 7422
186 7444
187 7476
188 7488
189 7528
190 7605
191 7645
192 7647
193 7719
194 7760
195 7838
196 7860
197 7923
198 7928
199 7986
200 7997
;
param cost_a := 
1 0.619273
2 0.745600
3 0.418179
4 0.016354
5 0.760357
6 0.849418
7 0.934967
8 0.240959
9 0.854634
10 0.375663
11 0.018648
12 0.057996
13 0.508898
14 0.024112
15 0.115365
16 0.850662
17 0.819108
18 0.173066
19 0.488064
20 0.323187
21 0.335932
22 0.295750
23 0.450077
24 0.202163
25 0.175877
26 0.414305
27 0.939018
28 0.330988
29 0.952884
30 0.804623
31 0.375926
32 0.480518
33 0.706273
34 0.658373
35 0.302420
36 0.364042
37 0.845636
38 0.495570
39 0.680226
40 0.603511
41 0.321747
42 0.801616
43 0.972799
44 0.746471
45 0.764800
46 0.637222
47 0.207876
48 0.879453
49 0.207251
50 0.837738
51 0.142610
52 0.923590
53 0.228263
54 0.880370
55 0.419580
56 0.332054
57 0.920250
58 0.553396
59 0.212295
60 0.636412
61 0.985217
62 0.210924
63 0.312922
64 0.110304
65 0.519580
66 0.639892
67 0.912813
68 0.733902
69 0.640895
70 0.402936
71 0.468021
72 0.651347
73 0.048361
74 0.951393
75 0.027335
76 0.415967
77 0.891230
78 0.827149
79 0.229465
80 0.514315
81 0.945207
82 0.890176
83 0.848861
84 0.950128
85 0.066660
86 0.720548
87 0.286267
88 0.053096
89 0.207934
90 0.149352
91 0.760436
92 0.154864
93 0.934293
94 0.272374
95 0.161546
96 0.345987
97 0.383983
98 0.293541
99 0.574722
100 0.192581
101 0.957649
102 0.132080
103 0.373649
104 0.050225
105 0.711792
106 0.907968
107 0.519617
108 0.465186
109 0.463210
110 0.194687
111 0.280454
112 0.099344
113 0.987319
114 0.296453
115 0.006649
116 0.655226
117 0.412980
118 0.769014
119 0.868543
120 0.411340
121 0.979950
122 0.958749
123 0.568873
124 0.205566
125 0.732284
126 0.484253
127 0.998989
128 0.025605
129 0.471997
130 0.327715
131 0.604974
132 0.780576
133 0.392027
134 0.540352
135 0.871461
136 0.336603
137 0.246013
138 0.496782
139 0.816304
140 0.501787
141 0.694621
142 0.157680
143 0.718374
144 0.342256
145 0.594142
146 0.918181
147 0.473572
148 0.000997
149 0.462806
150 0.331439
151 0.990795
152 0.075008
153 0.173720
154 0.302406
155 0.899899
156 0.583787
157 0.080590
158 0.246296
159 0.547834
160 0.633534
161 0.283346
162 0.199383
163 0.806968
164 0.046415
165 0.585509
166 0.956694
167 0.611223
168 0.483069
169 0.883646
170 0.991796
171 0.370976
172 0.939068
173 0.261444
174 0.188328
175 0.496825
176 0.942316
177 0.936945
178 0.281068
179 0.185112
180 0.318428
181 0.431201
182 0.366238
183 0.384763
184 0.024912
185 0.890063
186 0.896441
187 0.475283
188 0.282521
189 0.398085
190 0.224994
191 0.639919
192 0.053414
193 0.374462
194 0.007634
195 0.215800
196 0.830833
197 0.735671
198 0.606444
199 0.444491
200 0.713772
;
param cost_b := 
1 0.224020
2 -0.852593
3 0.993871
4 0.036571
5 0.772294
6 -0.457308
7 -0.057390
8 -0.800243
9 -0.140557
10 -0.057567
11 0.213541
12 -0.619131
13 0.049759
14 0.885056
15 0.804572
16 0.711869
17 -0.880211
18 0.173298
19 -0.779925
20 -0.116421
21 0.917930
22 0.426275
23 -0.239174
24 0.301577
25 0.564855
26 0.887347
27 -0.942033
28 -0.424953
29 -0.111385
30 -0.456594
31 0.985970
32 -0.271285
33 0.772269
34 0.586972
35 0.876364
36 0.733896
37 -0.883163
38 -0.315597
39 0.832330
40 -0.375078
41 0.445192
42 0.556248
43 -0.383211
44 -0.117721
45 -0.588655
46 -0.092609
47 -0.116451
48 -0.480879
49 0.004553
50 -0.369053
51 0.836933
52 0.976075
53 0.963901
54 -0.176685
55 -0.391045
56 0.328960
57 0.209825
58 0.677135
59 -0.995672
60 0.082607
61 -0.766246
62 -0.895055
63 0.092937
64 0.874004
65 0.559473
66 0.842477
67 0.525962
68 -0.254458
69 -0.695332
70 0.814217
71 0.199063
72 0.347456
73 -0.274485
74 -0.113177
75 0.347721
76 -0.904134
77 0.762397
78 -0.527915
79 0.099321
80 0.426853
81 -0.157929
82 -0.292073
83 0.155081
84 -0.985487
85 0.525842
86 -0.006205
87 -0.166746
88 -0.148877
89 0.873521
90 0.097316
91 -0.718532
92 0.095513
93 -0.861036
94 0.829845
95 -0.755489
96 0.452839
97 0.436167
98 -0.664120
99 -0.823841
100 -0.743703
101 -0.182341
102 0.884211
103 0.607047
104 -0.491311
105 -0.957450
106 -0.886907
107 -0.953223
108 0.050639
109 -0.285303
110 -0.336970
111 0.895242
112 -0.094630
113 -0.939029
114 0.551060
115 0.064233
116 -0.387579
117 0.226998
118 0.973721
119 0.390385
120 -0.025989
121 0.656917
122 0.453506
123 -0.071834
124 -0.718742
125 -0.912490
126 -0.215832
127 -0.473126
128 0.913837
129 0.429616
130 -0.961358
131 0.889128
132 0.657995
133 -0.305375
134 0.394677
135 -0.978430
136 -0.998305
137 0.813062
138 -0.707811
139 0.132209
140 0.501697
141 0.430378
142 -0.106507
143 -0.100169
144 -0.078369
145 -0.015361
146 0.374534
147 -0.844606
148 0.749376
149 -0.585974
150 -0.722165
151 -0.836789
152 0.296490
153 -0.074288
154 0.759766
155 0.846789
156 -0.873991
157 0.434992
158 0.375865
159 0.708520
160 -0.647426
161 0.590497
162 -0.581334
163 0.566205
164 0.353483
165 0.891189
166 0.007257
167 0.726605
168 -0.347946
169 0.059440
170 -0.713818
171 0.453309
172 -0.225336
173 -0.969746
174 -0.280993
175 0.845003
176 0.454168
177 0.094939
178 -0.809072
179 -0.339070
180 -0.675866
181 0.019662
182 0.458012
183 0.375056
184 -0.363231
185 0.087390
186 0.499333
187 -0.339402
188 0.425956
189 0.006012
190 0.542772
191 0.093565
192 -0.086027
193 -0.089574
194 0.632120
195 0.162011
196 -0.924965
197 0.760045
198 -0.280632
199 -0.024765
200 0.427706
;
