# Optimal value by DCA: 0.007414
data;

param N = 800;
param capacity := 
1 39
2 76
3 112
4 64
5 59
6 118
7 41
8 71
9 98
10 129
11 110
12 119
13 102
14 104
15 63
16 115
17 52
18 46
19 66
20 101
21 86
22 57
23 97
24 104
25 127
26 100
27 83
28 32
29 84
30 37
31 123
32 113
33 122
34 109
35 89
36 98
37 89
38 76
39 72
40 59
41 98
42 89
43 117
44 91
45 49
46 88
47 119
48 99
49 36
50 122
51 49
52 122
53 86
54 55
55 110
56 38
57 75
58 123
59 86
60 88
61 112
62 121
63 121
64 71
65 110
66 67
67 68
68 64
69 85
70 56
71 37
72 72
73 112
74 101
75 118
76 124
77 61
78 53
79 56
80 78
81 119
82 103
83 80
84 114
85 56
86 85
87 127
88 57
89 50
90 125
91 70
92 58
93 107
94 46
95 70
96 121
97 66
98 86
99 91
100 81
101 127
102 94
103 115
104 78
105 72
106 47
107 78
108 94
109 82
110 92
111 110
112 99
113 101
114 66
115 94
116 79
117 105
118 92
119 69
120 78
121 45
122 42
123 53
124 101
125 66
126 67
127 47
128 86
129 55
130 105
131 32
132 91
133 129
134 96
135 81
136 116
137 77
138 115
139 102
140 41
141 92
142 76
143 128
144 50
145 80
146 127
147 120
148 75
149 92
150 93
151 90
152 107
153 94
154 119
155 33
156 69
157 63
158 114
159 97
160 118
161 94
162 119
163 68
164 109
165 83
166 68
167 89
168 94
169 91
170 108
171 84
172 66
173 43
174 77
175 116
176 55
177 79
178 93
179 118
180 73
181 76
182 78
183 105
184 97
185 127
186 111
187 73
188 97
189 102
190 90
191 55
192 77
193 78
194 91
195 105
196 113
197 96
198 80
199 103
200 36
201 68
202 43
203 94
204 39
205 75
206 89
207 97
208 83
209 110
210 88
211 53
212 104
213 98
214 115
215 69
216 74
217 63
218 92
219 107
220 92
221 63
222 77
223 121
224 116
225 128
226 70
227 33
228 98
229 43
230 49
231 120
232 66
233 123
234 86
235 99
236 99
237 99
238 83
239 76
240 46
241 118
242 109
243 116
244 93
245 103
246 54
247 95
248 99
249 120
250 98
251 97
252 52
253 58
254 74
255 124
256 84
257 30
258 99
259 125
260 45
261 120
262 72
263 113
264 109
265 54
266 82
267 97
268 60
269 107
270 65
271 122
272 108
273 44
274 108
275 80
276 111
277 127
278 128
279 90
280 67
281 87
282 99
283 84
284 53
285 86
286 123
287 128
288 94
289 51
290 57
291 101
292 65
293 93
294 122
295 52
296 57
297 119
298 77
299 74
300 110
301 41
302 126
303 64
304 81
305 61
306 41
307 45
308 84
309 84
310 55
311 70
312 76
313 89
314 76
315 47
316 113
317 83
318 72
319 103
320 112
321 63
322 126
323 86
324 88
325 91
326 117
327 119
328 120
329 90
330 67
331 91
332 120
333 99
334 79
335 103
336 36
337 53
338 84
339 44
340 92
341 87
342 46
343 87
344 70
345 73
346 47
347 118
348 78
349 77
350 91
351 97
352 87
353 37
354 107
355 103
356 53
357 90
358 126
359 66
360 104
361 112
362 90
363 92
364 74
365 80
366 98
367 84
368 100
369 44
370 117
371 70
372 72
373 109
374 103
375 115
376 80
377 93
378 101
379 118
380 39
381 41
382 121
383 60
384 126
385 54
386 105
387 54
388 69
389 96
390 127
391 97
392 121
393 109
394 103
395 97
396 111
397 66
398 102
399 83
400 95
401 65
402 70
403 95
404 127
405 33
406 125
407 80
408 104
409 32
410 75
411 124
412 92
413 44
414 74
415 78
416 112
417 76
418 109
419 65
420 114
421 72
422 92
423 59
424 65
425 117
426 100
427 109
428 57
429 91
430 72
431 77
432 74
433 101
434 80
435 55
436 120
437 100
438 110
439 67
440 107
441 119
442 99
443 67
444 120
445 107
446 65
447 84
448 63
449 100
450 94
451 96
452 125
453 70
454 95
455 121
456 83
457 46
458 118
459 95
460 98
461 95
462 105
463 58
464 57
465 46
466 121
467 71
468 86
469 72
470 60
471 100
472 78
473 80
474 87
475 76
476 119
477 56
478 116
479 93
480 40
481 107
482 42
483 98
484 58
485 43
486 114
487 104
488 71
489 129
490 80
491 102
492 48
493 51
494 97
495 62
496 102
497 57
498 60
499 96
500 129
501 76
502 80
503 50
504 79
505 90
506 84
507 128
508 40
509 72
510 58
511 81
512 84
513 117
514 79
515 49
516 90
517 63
518 85
519 96
520 49
521 77
522 78
523 52
524 120
525 86
526 55
527 114
528 77
529 107
530 46
531 89
532 126
533 87
534 86
535 65
536 109
537 93
538 121
539 108
540 84
541 80
542 114
543 111
544 111
545 88
546 101
547 116
548 127
549 96
550 97
551 96
552 85
553 129
554 117
555 100
556 128
557 58
558 96
559 96
560 118
561 99
562 52
563 58
564 34
565 72
566 105
567 103
568 113
569 112
570 76
571 62
572 104
573 69
574 48
575 73
576 99
577 54
578 77
579 86
580 101
581 63
582 81
583 107
584 103
585 109
586 96
587 86
588 92
589 99
590 54
591 56
592 52
593 104
594 35
595 118
596 89
597 114
598 79
599 99
600 84
601 100
602 65
603 115
604 109
605 119
606 119
607 34
608 70
609 64
610 109
611 119
612 77
613 96
614 40
615 48
616 77
617 77
618 33
619 82
620 36
621 117
622 76
623 91
624 83
625 95
626 62
627 88
628 110
629 68
630 68
631 68
632 108
633 73
634 127
635 105
636 70
637 126
638 112
639 97
640 88
641 123
642 54
643 103
644 76
645 35
646 76
647 127
648 91
649 83
650 123
651 53
652 100
653 97
654 32
655 96
656 102
657 72
658 110
659 100
660 104
661 87
662 53
663 54
664 108
665 91
666 50
667 63
668 117
669 127
670 80
671 46
672 66
673 127
674 100
675 102
676 93
677 66
678 93
679 92
680 85
681 117
682 90
683 106
684 71
685 121
686 115
687 80
688 90
689 112
690 73
691 47
692 67
693 129
694 41
695 92
696 105
697 66
698 113
699 55
700 67
701 62
702 112
703 108
704 77
705 43
706 113
707 117
708 115
709 97
710 82
711 61
712 71
713 69
714 53
715 53
716 109
717 124
718 49
719 35
720 120
721 54
722 126
723 125
724 88
725 92
726 64
727 99
728 51
729 89
730 58
731 40
732 89
733 99
734 109
735 98
736 58
737 99
738 79
739 32
740 99
741 36
742 73
743 77
744 86
745 74
746 97
747 120
748 111
749 52
750 73
751 59
752 61
753 128
754 115
755 98
756 58
757 68
758 87
759 127
760 89
761 96
762 97
763 87
764 98
765 90
766 115
767 78
768 41
769 94
770 127
771 71
772 100
773 97
774 73
775 64
776 103
777 72
778 121
779 86
780 54
781 94
782 79
783 112
784 82
785 98
786 73
787 97
788 60
789 90
790 107
791 113
792 48
793 61
794 114
795 37
796 77
797 121
798 61
799 107
800 106
;
param nested_lowerbound := 
1 18
2 41
3 82
4 140
5 158
6 215
7 228
8 284
9 357
10 378
11 439
12 530
13 626
14 640
15 669
16 719
17 731
18 777
19 818
20 901
21 928
22 954
23 1042
24 1090
25 1187
26 1281
27 1283
28 1288
29 1298
30 1328
31 1387
32 1459
33 1523
34 1586
35 1653
36 1659
37 1714
38 1763
39 1809
40 1855
41 1939
42 1961
43 2035
44 2078
45 2079
46 2161
47 2203
48 2223
49 2233
50 2353
51 2385
52 2454
53 2537
54 2547
55 2640
56 2658
57 2684
58 2773
59 2802
60 2839
61 2907
62 2970
63 2971
64 3005
65 3049
66 3070
67 3081
68 3101
69 3165
70 3167
71 3187
72 3240
73 3301
74 3319
75 3389
76 3390
77 3447
78 3499
79 3520
80 3578
81 3629
82 3712
83 3784
84 3788
85 3804
86 3876
87 3906
88 3955
89 3986
90 4020
91 4086
92 4101
93 4131
94 4149
95 4155
96 4227
97 4266
98 4284
99 4289
100 4369
101 4406
102 4467
103 4529
104 4583
105 4601
106 4626
107 4665
108 4673
109 4673
110 4739
111 4766
112 4809
113 4820
114 4877
115 4940
116 4993
117 5071
118 5113
119 5136
120 5200
121 5203
122 5221
123 5273
124 5355
125 5389
126 5412
127 5443
128 5521
129 5563
130 5649
131 5668
132 5738
133 5746
134 5828
135 5847
136 5856
137 5891
138 5941
139 6006
140 6015
141 6072
142 6076
143 6131
144 6153
145 6212
146 6248
147 6310
148 6327
149 6381
150 6472
151 6499
152 6522
153 6568
154 6664
155 6682
156 6740
157 6744
158 6850
159 6925
160 6941
161 7018
162 7032
163 7070
164 7149
165 7164
166 7211
167 7297
168 7383
169 7403
170 7410
171 7424
172 7451
173 7464
174 7519
175 7538
176 7582
177 7636
178 7712
179 7798
180 7820
181 7835
182 7838
183 7863
184 7960
185 7974
186 7994
187 7998
188 8066
189 8134
190 8171
191 8201
192 8229
193 8270
194 8324
195 8417
196 8448
197 8507
198 8582
199 8605
200 8636
201 8690
202 8720
203 8809
204 8833
205 8865
206 8869
207 8875
208 8908
209 9010
210 9077
211 9124
212 9165
213 9216
214 9221
215 9272
216 9292
217 9295
218 9331
219 9429
220 9464
221 9500
222 9560
223 9647
224 9652
225 9772
226 9798
227 9798
228 9821
229 9852
230 9855
231 9894
232 9908
233 9917
234 9986
235 9988
236 9997
237 10044
238 10061
239 10107
240 10109
241 10165
242 10172
243 10226
244 10308
245 10378
246 10385
247 10424
248 10451
249 10560
250 10602
251 10694
252 10722
253 10724
254 10786
255 10805
256 10813
257 10841
258 10864
259 10920
260 10958
261 11046
262 11075
263 11168
264 11271
265 11283
266 11357
267 11370
268 11383
269 11472
270 11477
271 11564
272 11617
273 11659
274 11698
275 11713
276 11728
277 11786
278 11811
279 11848
280 11881
281 11904
282 11948
283 12031
284 12060
285 12133
286 12150
287 12205
288 12288
289 12325
290 12362
291 12399
292 12451
293 12484
294 12485
295 12490
296 12534
297 12549
298 12606
299 12632
300 12695
301 12700
302 12754
303 12770
304 12807
305 12815
306 12854
307 12887
308 12927
309 12996
310 12997
311 13067
312 13111
313 13130
314 13192
315 13209
316 13269
317 13346
318 13352
319 13385
320 13412
321 13444
322 13541
323 13548
324 13576
325 13598
326 13693
327 13800
328 13811
329 13899
330 13921
331 13961
332 13966
333 14056
334 14121
335 14176
336 14200
337 14224
338 14292
339 14303
340 14323
341 14366
342 14376
343 14462
344 14499
345 14566
346 14570
347 14630
348 14656
349 14716
350 14801
351 14836
352 14883
353 14915
354 14968
355 15028
356 15035
357 15085
358 15161
359 15214
360 15232
361 15319
362 15394
363 15445
364 15502
365 15506
366 15574
367 15652
368 15744
369 15766
370 15860
371 15908
372 15961
373 16012
374 16039
375 16085
376 16130
377 16139
378 16155
379 16201
380 16226
381 16229
382 16331
383 16352
384 16438
385 16458
386 16509
387 16515
388 16547
389 16594
390 16605
391 16688
392 16809
393 16904
394 16986
395 17051
396 17070
397 17095
398 17140
399 17166
400 17259
401 17305
402 17336
403 17396
404 17458
405 17475
406 17544
407 17617
408 17642
409 17662
410 17672
411 17687
412 17771
413 17778
414 17844
415 17914
416 17933
417 17937
418 17964
419 18003
420 18029
421 18085
422 18166
423 18225
424 18255
425 18314
426 18413
427 18427
428 18432
429 18445
430 18469
431 18519
432 18579
433 18645
434 18656
435 18689
436 18808
437 18883
438 18933
439 18959
440 19012
441 19125
442 19177
443 19207
444 19269
445 19333
446 19340
447 19419
448 19426
449 19426
450 19433
451 19463
452 19573
453 19593
454 19648
455 19727
456 19751
457 19764
458 19833
459 19855
460 19917
461 19974
462 20042
463 20071
464 20098
465 20133
466 20148
467 20197
468 20276
469 20286
470 20304
471 20346
472 20396
473 20458
474 20471
475 20494
476 20578
477 20615
478 20673
479 20702
480 20713
481 20805
482 20810
483 20841
484 20872
485 20894
486 20978
487 21005
488 21013
489 21121
490 21128
491 21197
492 21217
493 21241
494 21305
495 21341
496 21355
497 21401
498 21431
499 21437
500 21454
501 21457
502 21490
503 21536
504 21566
505 21610
506 21626
507 21667
508 21693
509 21761
510 21768
511 21785
512 21791
513 21833
514 21871
515 21920
516 21922
517 21924
518 22008
519 22083
520 22108
521 22122
522 22155
523 22163
524 22216
525 22264
526 22302
527 22330
528 22347
529 22386
530 22402
531 22443
532 22523
533 22588
534 22604
535 22640
536 22738
537 22802
538 22843
539 22884
540 22919
541 22986
542 22989
543 23078
544 23149
545 23224
546 23239
547 23309
548 23415
549 23435
550 23531
551 23553
552 23557
553 23607
554 23717
555 23806
556 23830
557 23842
558 23848
559 23853
560 23899
561 23941
562 23971
563 24019
564 24042
565 24042
566 24049
567 24083
568 24181
569 24265
570 24314
571 24322
572 24339
573 24341
574 24360
575 24410
576 24496
577 24541
578 24546
579 24619
580 24644
581 24679
582 24718
583 24746
584 24766
585 24772
586 24819
587 24827
588 24884
589 24971
590 24986
591 25004
592 25029
593 25121
594 25127
595 25213
596 25285
597 25343
598 25391
599 25403
600 25439
601 25477
602 25523
603 25585
604 25690
605 25704
606 25765
607 25781
608 25808
609 25840
610 25861
611 25901
612 25922
613 25959
614 25972
615 26001
616 26043
617 26108
618 26121
619 26168
620 26177
621 26255
622 26324
623 26377
624 26432
625 26444
626 26448
627 26531
628 26619
629 26655
630 26688
631 26701
632 26735
633 26741
634 26814
635 26854
636 26854
637 26864
638 26950
639 26981
640 27036
641 27069
642 27095
643 27109
644 27166
645 27175
646 27219
647 27303
648 27368
649 27370
650 27426
651 27439
652 27457
653 27536
654 27559
655 27577
656 27620
657 27653
658 27683
659 27780
660 27862
661 27891
662 27922
663 27962
664 28046
665 28116
666 28161
667 28212
668 28272
669 28377
670 28439
671 28456
672 28514
673 28549
674 28647
675 28681
676 28714
677 28750
678 28787
679 28791
680 28826
681 28939
682 28952
683 29019
684 29022
685 29057
686 29131
687 29195
688 29248
689 29332
690 29392
691 29420
692 29437
693 29537
694 29576
695 29612
696 29688
697 29701
698 29800
699 29849
700 29905
701 29950
702 29985
703 30034
704 30055
705 30096
706 30176
707 30186
708 30189
709 30209
710 30288
711 30292
712 30340
713 30397
714 30415
715 30419
716 30481
717 30514
718 30554
719 30588
720 30631
721 30679
722 30751
723 30782
724 30846
725 30901
726 30957
727 31028
728 31045
729 31095
730 31139
731 31158
732 31202
733 31222
734 31265
735 31309
736 31316
737 31333
738 31373
739 31378
740 31388
741 31417
742 31436
743 31436
744 31448
745 31477
746 31522
747 31639
748 31679
749 31680
750 31720
751 31745
752 31758
753 31788
754 31804
755 31894
756 31909
757 31928
758 31965
759 32007
760 32095
761 32101
762 32179
763 32254
764 32279
765 32322
766 32389
767 32436
768 32447
769 32477
770 32582
771 32595
772 32641
773 32723
774 32780
775 32807
776 32864
777 32922
778 32968
779 32983
780 33017
781 33062
782 33116
783 33197
784 33227
785 33315
786 33346
787 33392
788 33401
789 33438
790 33539
791 33627
792 33639
793 33660
794 33672
795 33677
796 33751
797 33777
798 33785
799 33881
800 33949
;
param nested_upperbound := 
1 30
2 87
3 168
4 219
5 270
6 359
7 373
8 440
9 534
10 601
11 690
12 795
13 852
14 876
15 880
16 931
17 972
18 1008
19 1050
20 1081
21 1085
22 1094
23 1139
24 1232
25 1270
26 1285
27 1289
28 1290
29 1324
30 1342
31 1450
32 1467
33 1564
34 1609
35 1669
36 1762
37 1780
38 1803
39 1833
40 1871
41 1942
42 1971
43 2060
44 2122
45 2168
46 2255
47 2352
48 2356
49 2391
50 2457
51 2499
52 2603
53 2672
54 2690
55 2745
56 2762
57 2780
58 2852
59 2923
60 3008
61 3020
62 3114
63 3143
64 3201
65 3251
66 3281
67 3331
68 3368
69 3451
70 3487
71 3514
72 3517
73 3603
74 3621
75 3640
76 3760
77 3806
78 3849
79 3887
80 3939
81 3989
82 3994
83 4004
84 4080
85 4104
86 4130
87 4257
88 4301
89 4315
90 4315
91 4372
92 4397
93 4420
94 4424
95 4441
96 4456
97 4465
98 4506
99 4544
100 4574
101 4693
102 4749
103 4767
104 4803
105 4850
106 4877
107 4933
108 5008
109 5051
110 5142
111 5152
112 5244
113 5284
114 5307
115 5367
116 5385
117 5451
118 5498
119 5501
120 5572
121 5577
122 5607
123 5637
124 5648
125 5709
126 5711
127 5724
128 5787
129 5800
130 5841
131 5862
132 5930
133 6033
134 6086
135 6133
136 6234
137 6298
138 6343
139 6439
140 6475
141 6537
142 6595
143 6619
144 6623
145 6668
146 6739
147 6794
148 6830
149 6893
150 6967
151 6990
152 7093
153 7098
154 7193
155 7224
156 7240
157 7243
158 7342
159 7350
160 7413
161 7453
162 7472
163 7529
164 7556
165 7610
166 7623
167 7694
168 7383
169 7720
170 7798
171 7864
172 7886
173 7911
174 7964
175 8064
176 8075
177 8096
178 8130
179 8161
180 8208
181 8253
182 8259
183 8265
184 8359
185 8404
186 8422
187 8489
188 8577
189 8646
190 8715
191 8724
192 8753
193 8792
194 8876
195 8974
196 9069
197 9125
198 9204
199 9229
200 9264
201 9331
202 9338
203 9353
204 9363
205 9388
206 9464
207 9523
208 9567
209 9608
210 9626
211 9637
212 9691
213 9767
214 9844
215 9866
216 9881
217 9938
218 10020
219 10052
220 10083
221 10092
222 10095
223 10148
224 10202
225 10209
226 10231
227 10238
228 10257
229 10280
230 10300
231 10388
232 10437
233 10495
234 10500
235 10575
236 10584
237 10642
238 10657
239 10677
240 10712
241 10827
242 10899
243 10973
244 11039
245 11131
246 11157
247 11184
248 11223
249 11230
250 11276
251 11334
252 11342
253 11378
254 11415
255 11430
256 11474
257 11485
258 11551
259 11552
260 11595
261 11607
262 11617
263 11654
264 11685
265 11727
266 11798
267 11878
268 11920
269 11955
270 11997
271 12096
272 12124
273 12133
274 12210
275 12281
276 12386
277 12464
278 12515
279 12537
280 12544
281 12578
282 12586
283 12650
284 12684
285 12689
286 12770
287 12826
288 12839
289 12848
290 12870
291 12932
292 12933
293 12953
294 13014
295 13017
296 13037
297 13111
298 13138
299 13206
300 13305
301 13330
302 13406
303 13419
304 13451
305 13454
306 13493
307 13497
308 13529
309 13562
310 13585
311 13613
312 13684
313 13729
314 13799
315 13842
316 13855
317 13924
318 13929
319 13975
320 13980
321 14001
322 14018
323 14100
324 14174
325 14177
326 14248
327 14330
328 14444
329 14461
330 14521
331 14587
332 14651
333 14687
334 14698
335 14702
336 14731
337 14733
338 14816
339 14856
340 14932
341 14955
342 14959
343 15009
344 15066
345 15125
346 15143
347 15168
348 15176
349 15226
350 15276
351 15355
352 15386
353 15415
354 15437
355 15476
356 15512
357 15572
358 15661
359 15698
360 15755
361 15843
362 15917
363 15992
364 16057
365 16074
366 16092
367 16130
368 16200
369 16206
370 16273
371 16298
372 16303
373 16372
374 16444
375 16447
376 16473
377 16495
378 16549
379 16619
380 16644
381 16653
382 16722
383 16755
384 16871
385 16881
386 16956
387 16983
388 17045
389 17140
390 17198
391 17230
392 17273
393 17352
394 17417
395 17459
396 17554
397 17566
398 17664
399 17734
400 17743
401 17771
402 17773
403 17824
404 17843
405 17876
406 17948
407 17969
408 18064
409 18070
410 18080
411 18148
412 18209
413 18213
414 18242
415 18309
416 18368
417 18426
418 18532
419 18590
420 18620
421 18647
422 18663
423 18708
424 18751
425 18759
426 18786
427 18815
428 18837
429 18886
430 18899
431 18948
432 18959
433 19056
434 19093
435 19120
436 19192
437 19273
438 19314
439 19366
440 19392
441 19395
442 19408
443 19471
444 19483
445 19529
446 19560
447 19633
448 19647
449 19658
450 19721
451 19815
452 19839
453 19876
454 19891
455 19951
456 19958
457 19975
458 20030
459 20054
460 20111
461 20164
462 20197
463 20204
464 20225
465 20249
466 20250
467 20318
468 20385
469 20400
470 20422
471 20501
472 20536
473 20554
474 20626
475 20680
476 20720
477 20765
478 20843
479 20885
480 20910
481 21002
482 21014
483 21083
484 21086
485 21095
486 21207
487 21295
488 21352
489 21426
490 21502
491 21537
492 21542
493 21556
494 21646
495 21657
496 21759
497 21781
498 21793
499 21798
500 21819
501 21881
502 21936
503 21944
504 21973
505 22050
506 22070
507 22165
508 22181
509 22249
510 22280
511 22358
512 22368
513 22442
514 22456
515 22476
516 22516
517 22520
518 22578
519 22637
520 22682
521 22731
522 22790
523 22805
524 22852
525 22880
526 22931
527 22941
528 22958
529 22973
530 22981
531 23001
532 23068
533 23112
534 23169
535 23170
536 23271
537 23317
538 23351
539 23417
540 23432
541 23476
542 23551
543 23557
544 23584
545 23642
546 23648
547 23710
548 23771
549 23811
550 23827
551 23899
552 23962
553 24014
554 24081
555 24122
556 24248
557 24286
558 24367
559 24398
560 24448
561 24489
562 24540
563 24592
564 24605
565 24619
566 24625
567 24694
568 24730
569 24841
570 24851
571 24873
572 24967
573 24970
574 25010
575 25043
576 25129
577 25166
578 25181
579 25219
580 25223
581 25286
582 25317
583 25350
584 25448
585 25492
586 25580
587 25614
588 25684
589 25718
590 25725
591 25741
592 25771
593 25842
594 25874
595 25911
596 25918
597 25992
598 26019
599 26050
600 26079
601 26101
602 26134
603 26160
604 26187
605 26231
606 26287
607 26311
608 26351
609 26391
610 26462
611 26487
612 26496
613 26569
614 26596
615 26600
616 26677
617 26724
618 26738
619 26744
620 26754
621 26802
622 26832
623 26847
624 26881
625 26888
626 26930
627 26957
628 26987
629 27000
630 27004
631 27058
632 27132
633 27197
634 27309
635 27370
636 27415
637 27514
638 27599
639 27599
640 27673
641 27735
642 27770
643 27807
644 27807
645 27830
646 27834
647 27891
648 27925
649 27939
650 27977
651 27987
652 28082
653 28135
654 28160
655 28218
656 28294
657 28304
658 28387
659 28394
660 28399
661 28449
662 28449
663 28473
664 28492
665 28523
666 28564
667 28597
668 28671
669 28749
670 28751
671 28797
672 28822
673 28832
674 28909
675 28982
676 29045
677 29069
678 29109
679 29124
680 29193
681 29224
682 29253
683 29275
684 29307
685 29419
686 29429
687 29478
688 29549
689 29614
690 29665
691 29710
692 29729
693 29818
694 29840
695 29922
696 29929
697 29946
698 29975
699 30019
700 30024
701 30027
702 30027
703 30075
704 30110
705 30141
706 30181
707 30246
708 30316
709 30316
710 30333
711 30338
712 30371
713 30421
714 30444
715 30467
716 30523
717 30638
718 30652
719 30660
720 30702
721 30710
722 30789
723 30843
724 30864
725 30924
726 30978
727 31057
728 31091
729 31141
730 31160
731 31163
732 31206
733 31292
734 31299
735 31313
736 31358
737 31412
738 31415
739 31429
740 31525
741 31533
742 31581
743 31608
744 31679
745 31721
746 31813
747 31822
748 31865
749 31900
750 31950
751 31984
752 32005
753 32048
754 32132
755 32164
756 32188
757 32199
758 32270
759 32282
760 32356
761 32360
762 32426
763 32501
764 32507
765 32509
766 32549
767 32619
768 32641
769 32700
770 32725
771 32744
772 32823
773 32840
774 32891
775 32904
776 32974
777 33004
778 33124
779 33136
780 33161
781 33230
782 33302
783 33352
784 33404
785 33469
786 33529
787 33534
788 33540
789 33586
790 33661
791 33717
792 33720
793 33737
794 33745
795 33750
796 33788
797 33815
798 33861
799 33919
800 33949
;
param cost_a := 
1 0.004700
2 0.872908
3 0.103021
4 0.766671
5 0.456686
6 0.614854
7 0.166519
8 0.970428
9 0.414656
10 0.857315
11 0.223876
12 0.026453
13 0.739807
14 0.938047
15 0.287668
16 0.379958
17 0.134134
18 0.105823
19 0.983585
20 0.287811
21 0.647774
22 0.686714
23 0.737490
24 0.427013
25 0.369357
26 0.979137
27 0.792746
28 0.169850
29 0.099980
30 0.710765
31 0.163607
32 0.222587
33 0.070229
34 0.078891
35 0.311143
36 0.559946
37 0.112201
38 0.928031
39 0.602588
40 0.666666
41 0.144782
42 0.494549
43 0.483142
44 0.020328
45 0.370447
46 0.367826
47 0.751210
48 0.516225
49 0.215680
50 0.880926
51 0.383681
52 0.145399
53 0.774606
54 0.050994
55 0.007304
56 0.691068
57 0.336746
58 0.440560
59 0.355346
60 0.506532
61 0.494844
62 0.905657
63 0.885669
64 0.579238
65 0.337476
66 0.135151
67 0.166987
68 0.071033
69 0.333732
70 0.167893
71 0.664514
72 0.353733
73 0.713515
74 0.700280
75 0.174352
76 0.232018
77 0.437059
78 0.966554
79 0.367898
80 0.562213
81 0.231057
82 0.287628
83 0.713201
84 0.835906
85 0.646315
86 0.041449
87 0.439634
88 0.501453
89 0.663152
90 0.808924
91 0.205372
92 0.844243
93 0.035805
94 0.794100
95 0.714137
96 0.138234
97 0.325868
98 0.305826
99 0.708270
100 0.516594
101 0.427360
102 0.120308
103 0.539669
104 0.588403
105 0.332291
106 0.919966
107 0.888241
108 0.251205
109 0.925619
110 0.723729
111 0.159463
112 0.415820
113 0.732331
114 0.287365
115 0.648307
116 0.470160
117 0.766845
118 0.859690
119 0.706183
120 0.262906
121 0.956298
122 0.431454
123 0.890730
124 0.185750
125 0.024254
126 0.708458
127 0.415204
128 0.574513
129 0.230216
130 0.478899
131 0.144862
132 0.134782
133 0.962812
134 0.827190
135 0.912163
136 0.426845
137 0.880853
138 0.772473
139 0.040772
140 0.617524
141 0.086482
142 0.379767
143 0.680264
144 0.723122
145 0.698421
146 0.205166
147 0.859092
148 0.428039
149 0.170876
150 0.093744
151 0.062796
152 0.267742
153 0.774930
154 0.849777
155 0.637581
156 0.512587
157 0.824301
158 0.143636
159 0.406345
160 0.480625
161 0.486154
162 0.208190
163 0.564843
164 0.242852
165 0.370139
166 0.409742
167 0.200150
168 0.763486
169 0.535183
170 0.654562
171 0.641694
172 0.440683
173 0.093556
174 0.811746
175 0.317090
176 0.779731
177 0.225528
178 0.896639
179 0.840635
180 0.541083
181 0.145502
182 0.666301
183 0.711761
184 0.159720
185 0.381747
186 0.529412
187 0.243900
188 0.530165
189 0.646953
190 0.267821
191 0.181116
192 0.393091
193 0.585560
194 0.005345
195 0.890554
196 0.544785
197 0.786396
198 0.141696
199 0.043130
200 0.919883
201 0.645431
202 0.595384
203 0.313095
204 0.270578
205 0.953491
206 0.669147
207 0.838968
208 0.682169
209 0.467568
210 0.164969
211 0.994052
212 0.525115
213 0.201909
214 0.032948
215 0.414118
216 0.647911
217 0.746331
218 0.839264
219 0.223026
220 0.662896
221 0.584293
222 0.683225
223 0.983965
224 0.068772
225 0.141991
226 0.881834
227 0.084653
228 0.688900
229 0.152323
230 0.772559
231 0.039258
232 0.483588
233 0.863841
234 0.360970
235 0.557956
236 0.217414
237 0.664849
238 0.259599
239 0.196965
240 0.729230
241 0.826597
242 0.427906
243 0.957559
244 0.662856
245 0.297060
246 0.630419
247 0.351962
248 0.470563
249 0.798075
250 0.281116
251 0.197221
252 0.299304
253 0.893660
254 0.436827
255 0.735030
256 0.011238
257 0.206111
258 0.140937
259 0.606172
260 0.075471
261 0.559025
262 0.100852
263 0.732644
264 0.397014
265 0.522688
266 0.808726
267 0.278707
268 0.321817
269 0.627292
270 0.684618
271 0.573996
272 0.073351
273 0.393243
274 0.634760
275 0.187517
276 0.736540
277 0.305370
278 0.574834
279 0.240745
280 0.608972
281 0.929115
282 0.969117
283 0.541222
284 0.287148
285 0.531832
286 0.281116
287 0.204951
288 0.247135
289 0.831121
290 0.419742
291 0.116570
292 0.914350
293 0.844649
294 0.797353
295 0.850662
296 0.296304
297 0.262203
298 0.491922
299 0.545781
300 0.174956
301 0.300756
302 0.225349
303 0.684623
304 0.621977
305 0.637136
306 0.433393
307 0.789494
308 0.210536
309 0.740390
310 0.609940
311 0.691586
312 0.751346
313 0.747259
314 0.359283
315 0.275795
316 0.678536
317 0.939199
318 0.184830
319 0.439668
320 0.352549
321 0.888188
322 0.981132
323 0.435785
324 0.532578
325 0.441067
326 0.478340
327 0.791250
328 0.100198
329 0.908500
330 0.514188
331 0.616168
332 0.788657
333 0.114633
334 0.978311
335 0.324867
336 0.188929
337 0.347338
338 0.587208
339 0.599316
340 0.663964
341 0.726481
342 0.305356
343 0.823573
344 0.006672
345 0.078913
346 0.228979
347 0.211294
348 0.725042
349 0.073950
350 0.093702
351 0.435230
352 0.729377
353 0.131875
354 0.255779
355 0.748295
356 0.932005
357 0.470551
358 0.028832
359 0.360219
360 0.848899
361 0.601514
362 0.634001
363 0.201971
364 0.715521
365 0.626952
366 0.741137
367 0.172007
368 0.895772
369 0.822772
370 0.642146
371 0.514123
372 0.473308
373 0.220499
374 0.504812
375 0.126064
376 0.868587
377 0.222019
378 0.906419
379 0.341211
380 0.122825
381 0.696247
382 0.941203
383 0.062598
384 0.131694
385 0.515570
386 0.634140
387 0.059165
388 0.596906
389 0.092458
390 0.175833
391 0.758557
392 0.792941
393 0.172922
394 0.619183
395 0.988961
396 0.419043
397 0.933554
398 0.148318
399 0.834385
400 0.823179
401 0.312650
402 0.843674
403 0.073422
404 0.745039
405 0.483471
406 0.024394
407 0.571000
408 0.429239
409 0.448975
410 0.750155
411 0.485732
412 0.507742
413 0.902407
414 0.909277
415 0.242450
416 0.442115
417 0.756920
418 0.508442
419 0.900110
420 0.551600
421 0.099908
422 0.311571
423 0.819729
424 0.732058
425 0.774077
426 0.851389
427 0.405130
428 0.893727
429 0.327277
430 0.056942
431 0.151216
432 0.912303
433 0.706907
434 0.303780
435 0.290146
436 0.498228
437 0.802278
438 0.600786
439 0.975201
440 0.843162
441 0.759571
442 0.878569
443 0.185294
444 0.200473
445 0.909084
446 0.939094
447 0.369984
448 0.698170
449 0.153254
450 0.564681
451 0.285541
452 0.668065
453 0.766460
454 0.566744
455 0.496989
456 0.604046
457 0.753940
458 0.180601
459 0.639246
460 0.535203
461 0.207134
462 0.182440
463 0.742385
464 0.116141
465 0.476625
466 0.417965
467 0.731701
468 0.097165
469 0.461331
470 0.089510
471 0.612678
472 0.041135
473 0.883918
474 0.149365
475 0.844136
476 0.201630
477 0.087444
478 0.491781
479 0.989728
480 0.368665
481 0.647015
482 0.324609
483 0.918628
484 0.223558
485 0.942799
486 0.133759
487 0.600678
488 0.323636
489 0.787003
490 0.029620
491 0.909408
492 0.260346
493 0.237490
494 0.984325
495 0.808260
496 0.800901
497 0.864468
498 0.532230
499 0.851031
500 0.933976
501 0.964253
502 0.913169
503 0.076932
504 0.694055
505 0.535375
506 0.389063
507 0.123857
508 0.436878
509 0.247347
510 0.559172
511 0.720337
512 0.880052
513 0.141195
514 0.937729
515 0.647347
516 0.708228
517 0.403407
518 0.839977
519 0.785535
520 0.871359
521 0.251225
522 0.748556
523 0.981604
524 0.877392
525 0.757245
526 0.801937
527 0.179489
528 0.397369
529 0.325108
530 0.860079
531 0.567662
532 0.361239
533 0.505559
534 0.759690
535 0.393262
536 0.426803
537 0.913482
538 0.872490
539 0.586969
540 0.252054
541 0.171528
542 0.924548
543 0.429404
544 0.392796
545 0.064755
546 0.223287
547 0.170541
548 0.882738
549 0.443251
550 0.970952
551 0.787996
552 0.632410
553 0.855958
554 0.219325
555 0.938258
556 0.706054
557 0.439014
558 0.240183
559 0.616809
560 0.302280
561 0.215658
562 0.649498
563 0.098764
564 0.874605
565 0.692336
566 0.530567
567 0.381068
568 0.282109
569 0.456887
570 0.052271
571 0.590450
572 0.158279
573 0.399774
574 0.673378
575 0.658262
576 0.827740
577 0.188064
578 0.962264
579 0.993971
580 0.085878
581 0.724455
582 0.343677
583 0.913500
584 0.985522
585 0.519879
586 0.710136
587 0.196792
588 0.447644
589 0.198302
590 0.805280
591 0.360850
592 0.029681
593 0.736099
594 0.599960
595 0.040205
596 0.545410
597 0.515918
598 0.539100
599 0.266157
600 0.434421
601 0.846276
602 0.538323
603 0.429303
604 0.827081
605 0.263106
606 0.954063
607 0.296790
608 0.142476
609 0.688324
610 0.439367
611 0.636373
612 0.792185
613 0.372988
614 0.629822
615 0.773798
616 0.141827
617 0.498917
618 0.979987
619 0.778178
620 0.305184
621 0.352690
622 0.790497
623 0.931939
624 0.612299
625 0.119708
626 0.529406
627 0.697601
628 0.703294
629 0.573574
630 0.958642
631 0.543047
632 0.153773
633 0.257305
634 0.327348
635 0.730108
636 0.335508
637 0.167958
638 0.988675
639 0.508214
640 0.857710
641 0.464998
642 0.235024
643 0.085509
644 0.419558
645 0.325334
646 0.928980
647 0.274253
648 0.233724
649 0.764186
650 0.633156
651 0.825492
652 0.353526
653 0.031010
654 0.411897
655 0.179906
656 0.252909
657 0.073495
658 0.291246
659 0.667377
660 0.868820
661 0.540178
662 0.520835
663 0.087272
664 0.019650
665 0.863528
666 0.282321
667 0.094575
668 0.661245
669 0.130356
670 0.333705
671 0.903917
672 0.833629
673 0.705244
674 0.267372
675 0.504227
676 0.386879
677 0.925181
678 0.591906
679 0.851145
680 0.653752
681 0.629911
682 0.723691
683 0.372470
684 0.159471
685 0.832526
686 0.194081
687 0.583887
688 0.225702
689 0.468623
690 0.941344
691 0.667814
692 0.936091
693 0.889898
694 0.463859
695 0.517686
696 0.384855
697 0.589325
698 0.861988
699 0.993104
700 0.427737
701 0.560097
702 0.390798
703 0.968240
704 0.296268
705 0.699342
706 0.084253
707 0.186512
708 0.421624
709 0.770095
710 0.293762
711 0.958977
712 0.643448
713 0.631362
714 0.609906
715 0.362060
716 0.651883
717 0.736115
718 0.605928
719 0.802129
720 0.027650
721 0.280846
722 0.155017
723 0.620114
724 0.605365
725 0.867870
726 0.730667
727 0.808768
728 0.089382
729 0.112834
730 0.100354
731 0.908333
732 0.899297
733 0.294932
734 0.167502
735 0.733288
736 0.113878
737 0.906125
738 0.405205
739 0.763540
740 0.117487
741 0.808200
742 0.357357
743 0.807782
744 0.132224
745 0.652779
746 0.058869
747 0.914981
748 0.241807
749 0.259445
750 0.946336
751 0.471796
752 0.779874
753 0.780933
754 0.894022
755 0.979444
756 0.065673
757 0.711878
758 0.417235
759 0.152928
760 0.424272
761 0.118883
762 0.836174
763 0.728698
764 0.226232
765 0.884742
766 0.288004
767 0.703736
768 0.323293
769 0.268408
770 0.913451
771 0.659735
772 0.741992
773 0.684862
774 0.326390
775 0.350422
776 0.826223
777 0.305306
778 0.600899
779 0.848275
780 0.192589
781 0.868155
782 0.479970
783 0.258773
784 0.879013
785 0.975102
786 0.323549
787 0.315998
788 0.927436
789 0.124036
790 0.470797
791 0.072810
792 0.345493
793 0.801913
794 0.192452
795 0.391985
796 0.939955
797 0.125719
798 0.253878
799 0.031629
800 0.906297
;
param cost_b := 
1 0.806686
2 0.197865
3 0.226114
4 -0.586810
5 0.519409
6 0.258819
7 -0.544518
8 0.475881
9 0.637887
10 -0.852723
11 0.288637
12 -0.321157
13 -0.395912
14 0.723065
15 0.212438
16 -0.556420
17 -0.584073
18 -0.640399
19 -0.880460
20 -0.632692
21 0.193807
22 0.597553
23 0.751484
24 -0.656600
25 -0.755415
26 0.172487
27 0.910920
28 -0.731843
29 -0.045414
30 0.268609
31 -0.420766
32 -0.159352
33 -0.511489
34 -0.732398
35 0.225689
36 0.863691
37 0.279849
38 0.731963
39 0.867283
40 -0.218863
41 -0.970209
42 0.257726
43 0.915779
44 -0.846135
45 0.747663
46 -0.677681
47 -0.029439
48 -0.949650
49 0.088603
50 0.944743
51 -0.896625
52 -0.342491
53 -0.629432
54 -0.812467
55 -0.003991
56 -0.496558
57 0.202147
58 0.267991
59 -0.206461
60 0.724001
61 0.740015
62 -0.337294
63 -0.450668
64 -0.966141
65 0.159369
66 0.457953
67 -0.723222
68 0.627710
69 -0.590190
70 0.748341
71 0.358659
72 -0.449906
73 0.438458
74 0.729746
75 0.249179
76 -0.565188
77 0.717402
78 0.379202
79 0.249198
80 -0.619879
81 0.882575
82 -0.805835
83 0.162532
84 -0.187567
85 -0.047330
86 -0.352337
87 -0.138464
88 -0.626973
89 -0.940603
90 -0.525713
91 -0.085173
92 -0.062345
93 -0.297996
94 -0.857728
95 -0.835019
96 -0.282612
97 -0.550049
98 -0.585530
99 -0.265846
100 0.067455
101 -0.688133
102 -0.926717
103 -0.395996
104 0.754096
105 -0.048808
106 0.700632
107 -0.627917
108 -0.758041
109 -0.461535
110 0.118993
111 0.816250
112 -0.254161
113 0.752526
114 -0.733979
115 -0.680976
116 -0.311420
117 0.989101
118 -0.790687
119 0.274716
120 0.455214
121 -0.084259
122 0.583421
123 -0.745485
124 -0.905705
125 -0.460300
126 -0.861559
127 -0.512161
128 0.608702
129 0.393165
130 0.870782
131 0.189701
132 -0.637543
133 -0.425766
134 0.249235
135 -0.164567
136 0.600099
137 -0.848942
138 0.725742
139 -0.628077
140 0.334456
141 0.702754
142 0.388468
143 -0.126367
144 -0.419956
145 0.048722
146 0.207471
147 -0.280374
148 -0.867232
149 0.405159
150 -0.503384
151 0.267734
152 0.781506
153 -0.223156
154 0.156982
155 -0.940698
156 -0.817853
157 -0.109837
158 0.550697
159 0.080168
160 -0.865282
161 -0.178388
162 -0.523190
163 -0.255673
164 0.608419
165 0.420926
166 -0.001843
167 -0.074569
168 -0.421214
169 0.360665
170 -0.455624
171 -0.260990
172 0.446540
173 0.443908
174 -0.882016
175 -0.006049
176 -0.708682
177 -0.680269
178 0.706775
179 -0.375517
180 0.692664
181 -0.931106
182 -0.734067
183 -0.249668
184 -0.004987
185 0.981519
186 0.137042
187 0.302229
188 -0.504807
189 -0.110358
190 0.425245
191 -0.901339
192 0.662709
193 -0.295539
194 0.365248
195 0.535138
196 -0.866163
197 0.458568
198 0.964726
199 -0.428105
200 0.946429
201 -0.262526
202 -0.857691
203 -0.421471
204 0.351049
205 0.931867
206 0.749931
207 -0.942018
208 -0.129275
209 -0.360232
210 -0.998708
211 0.978303
212 0.234666
213 -0.414094
214 0.909574
215 -0.421824
216 0.579758
217 0.825376
218 -0.935705
219 -0.912856
220 0.802137
221 -0.395321
222 0.661422
223 0.456690
224 0.819381
225 0.404706
226 0.241639
227 0.545702
228 0.962296
229 -0.142132
230 -0.852734
231 -0.336182
232 0.781475
233 -0.322433
234 0.687905
235 0.586069
236 0.521692
237 0.871390
238 -0.101346
239 0.560708
240 -0.751738
241 -0.100752
242 0.670614
243 0.958484
244 -0.724280
245 0.689193
246 -0.205375
247 -0.096658
248 0.720944
249 -0.120170
250 0.083211
251 -0.129958
252 0.912267
253 0.306754
254 0.739502
255 0.950450
256 -0.130297
257 -0.056363
258 0.678415
259 0.636949
260 0.413581
261 -0.794911
262 0.005812
263 -0.885703
264 -0.239881
265 -0.580270
266 -0.212456
267 0.761304
268 0.011435
269 -0.888994
270 -0.757156
271 0.357760
272 -0.600698
273 0.958162
274 0.914550
275 -0.554406
276 0.601443
277 -0.605760
278 0.360999
279 0.989766
280 -0.360743
281 0.438380
282 -0.074616
283 -0.658754
284 0.891781
285 0.184129
286 -0.321737
287 0.164543
288 -0.385604
289 -0.561483
290 0.792180
291 -0.626176
292 -0.251833
293 0.611419
294 0.329432
295 -0.556457
296 0.424029
297 -0.780516
298 -0.179438
299 0.681907
300 0.064807
301 -0.246820
302 -0.252951
303 -0.677512
304 -0.798962
305 -0.028108
306 0.561458
307 0.133755
308 0.189796
309 -0.303805
310 -0.745465
311 0.761880
312 0.354484
313 -0.117137
314 -0.466476
315 -0.875553
316 0.388731
317 0.203222
318 -0.380289
319 -0.563093
320 0.639155
321 -0.111662
322 -0.449264
323 0.684139
324 0.823717
325 0.058754
326 0.485020
327 0.888113
328 -0.556209
329 0.054859
330 0.040535
331 -0.259071
332 -0.980206
333 0.806499
334 0.091948
335 0.942492
336 0.961071
337 0.690663
338 0.365354
339 -0.204295
340 -0.621484
341 -0.740360
342 -0.672713
343 -0.810853
344 -0.936680
345 -0.065842
346 0.223521
347 0.400987
348 0.629936
349 0.464987
350 0.575160
351 -0.646907
352 0.727067
353 0.149229
354 0.674909
355 -0.470796
356 0.840560
357 0.527971
358 0.330384
359 0.397210
360 -0.559671
361 0.854816
362 0.422696
363 -0.278683
364 -0.222201
365 0.243022
366 0.247918
367 0.132909
368 0.836853
369 0.105442
370 -0.537498
371 -0.674610
372 -0.011963
373 -0.465842
374 -0.967031
375 -0.313660
376 0.427083
377 -0.823782
378 -0.315338
379 -0.923262
380 -0.658289
381 0.334417
382 -0.882120
383 -0.557969
384 0.036269
385 -0.987368
386 0.312442
387 -0.521046
388 -0.678150
389 0.235443
390 -0.610149
391 0.744153
392 -0.889683
393 -0.134350
394 0.849814
395 0.349573
396 0.783836
397 -0.508603
398 0.918113
399 0.516148
400 0.204979
401 -0.956727
402 0.530582
403 -0.364851
404 -0.884805
405 -0.650424
406 -0.778485
407 0.518382
408 0.186742
409 -0.867749
410 0.563050
411 -0.271392
412 0.820064
413 -0.029417
414 0.470640
415 0.933936
416 -0.523063
417 -0.680232
418 -0.932461
419 -0.880473
420 -0.926542
421 0.374234
422 -0.896184
423 0.150201
424 0.614586
425 0.782485
426 -0.714411
427 -0.101754
428 -0.798938
429 0.546552
430 0.526201
431 0.626259
432 0.016519
433 0.448574
434 -0.072904
435 -0.767473
436 0.846502
437 0.360401
438 -0.648353
439 0.286204
440 0.824052
441 0.169655
442 -0.735994
443 0.738447
444 -0.502218
445 -0.459665
446 0.831817
447 0.012626
448 0.981674
449 -0.143065
450 -0.992011
451 0.991091
452 0.189866
453 -0.515463
454 -0.778029
455 0.064462
456 -0.746845
457 -0.305924
458 -0.499313
459 0.634663
460 -0.404422
461 0.255136
462 0.975195
463 -0.493451
464 -0.788494
465 0.549940
466 0.452550
467 0.057979
468 -0.511270
469 0.084558
470 0.824548
471 0.883406
472 0.650811
473 0.004150
474 0.898403
475 -0.654795
476 -0.119696
477 0.315485
478 0.156308
479 -0.986512
480 -0.562808
481 -0.522313
482 -0.243764
483 0.827079
484 0.136127
485 0.259670
486 0.303328
487 -0.080883
488 -0.824106
489 0.761670
490 0.249328
491 -0.215405
492 0.852590
493 0.701450
494 0.150378
495 0.123584
496 0.247432
497 0.489792
498 0.051575
499 0.355664
500 -0.675855
501 -0.510534
502 0.827052
503 -0.023352
504 0.388278
505 -0.006240
506 0.006087
507 -0.211338
508 0.352736
509 -0.406711
510 -0.962259
511 0.607214
512 0.542204
513 -0.815745
514 0.395201
515 -0.280531
516 -0.797012
517 0.138188
518 0.668260
519 0.105245
520 -0.740251
521 -0.939636
522 -0.292935
523 0.226995
524 -0.873441
525 0.585283
526 0.672237
527 0.227662
528 0.222923
529 0.502229
530 0.130178
531 -0.234355
532 0.744337
533 -0.551194
534 -0.263346
535 0.158485
536 -0.123222
537 0.478903
538 0.753107
539 0.532763
540 -0.634175
541 0.251554
542 0.973230
543 -0.039991
544 -0.339192
545 -0.742570
546 -0.017788
547 -0.797194
548 0.117696
549 -0.764504
550 0.157964
551 0.772154
552 0.826453
553 -0.795269
554 -0.213951
555 -0.366600
556 0.286976
557 -0.952986
558 0.899393
559 -0.201321
560 -0.791174
561 0.821600
562 0.860889
563 0.483154
564 -0.402935
565 -0.620992
566 0.893837
567 -0.022321
568 0.513981
569 -0.950708
570 0.668460
571 -0.000778
572 0.886751
573 -0.915471
574 -0.246132
575 0.968232
576 0.785245
577 -0.863552
578 0.706159
579 0.262209
580 0.756643
581 -0.235632
582 -0.336973
583 -0.112030
584 -0.182228
585 -0.132164
586 -0.073221
587 -0.093781
588 -0.865497
589 -0.161340
590 0.181526
591 0.354328
592 -0.668562
593 0.927615
594 0.612740
595 -0.117178
596 -0.544812
597 -0.162342
598 -0.947289
599 -0.421436
600 0.246516
601 0.983429
602 -0.462758
603 -0.827357
604 -0.510411
605 -0.100031
606 -0.549151
607 0.947952
608 -0.642532
609 0.951132
610 0.487293
611 0.135857
612 -0.135414
613 -0.783476
614 0.489640
615 -0.468105
616 0.256493
617 0.534679
618 -0.880292
619 -0.328732
620 0.445920
621 0.091418
622 -0.362311
623 -0.390067
624 -0.855190
625 -0.040470
626 0.485453
627 -0.638306
628 -0.444878
629 0.421980
630 -0.686253
631 -0.277463
632 0.740462
633 -0.229665
634 0.624904
635 -0.877978
636 -0.619612
637 0.481783
638 0.989680
639 0.012280
640 0.372478
641 0.609537
642 0.479697
643 -0.839299
644 -0.738471
645 -0.676198
646 0.310571
647 0.663410
648 -0.678619
649 -0.550559
650 -0.315097
651 0.400531
652 0.292072
653 0.612459
654 -0.532343
655 0.135035
656 -0.528441
657 0.865958
658 0.093614
659 0.545918
660 0.184596
661 -0.477337
662 0.222498
663 0.919082
664 -0.105190
665 -0.740457
666 -0.268776
667 -0.744874
668 0.530627
669 0.301120
670 -0.892248
671 -0.525953
672 0.154316
673 0.144907
674 -0.802582
675 -0.390318
676 0.662981
677 0.369589
678 0.845054
679 0.417772
680 -0.339485
681 0.123545
682 0.699628
683 0.245371
684 -0.706999
685 0.295731
686 0.032067
687 0.518333
688 -0.186536
689 0.590592
690 0.600854
691 -0.097635
692 0.326788
693 -0.512903
694 -0.582437
695 -0.624010
696 -0.345852
697 -0.522905
698 -0.229905
699 -0.070264
700 -0.498854
701 -0.201152
702 -0.926453
703 -0.289808
704 -0.153638
705 -0.685404
706 0.735045
707 -0.289061
708 0.418620
709 -0.908428
710 0.679487
711 0.014800
712 0.722536
713 0.275997
714 -0.219622
715 -0.854812
716 0.895273
717 -0.378401
718 0.704712
719 0.801157
720 -0.042081
721 0.126714
722 0.004031
723 0.320067
724 0.840437
725 0.346594
726 0.022560
727 -0.411001
728 0.819446
729 -0.347782
730 -0.412154
731 0.119604
732 -0.706114
733 0.316569
734 -0.484883
735 0.895274
736 0.040958
737 -0.551334
738 0.125249
739 -0.653784
740 0.977379
741 -0.577860
742 0.381807
743 -0.218883
744 0.484833
745 -0.041509
746 -0.396241
747 -0.974016
748 -0.075291
749 -0.977398
750 -0.399215
751 -0.056293
752 0.665630
753 0.607622
754 0.667407
755 0.269549
756 -0.275493
757 -0.206119
758 0.594861
759 0.081826
760 0.940863
761 0.807155
762 -0.384400
763 -0.604826
764 0.497957
765 0.612507
766 0.311058
767 -0.328865
768 0.760257
769 -0.875262
770 -0.049599
771 -0.606591
772 -0.073369
773 -0.804754
774 -0.191925
775 0.442180
776 -0.288110
777 0.647526
778 -0.807744
779 0.049992
780 0.841587
781 -0.553284
782 0.723155
783 0.897604
784 -0.879235
785 0.132680
786 0.106827
787 0.542889
788 0.187678
789 0.755351
790 0.962272
791 -0.513278
792 -0.138944
793 -0.622004
794 0.227209
795 0.757579
796 0.870973
797 0.473421
798 0.377348
799 0.826672
800 0.547545
;
